0 NA
0.00840336134453781 1
0.0126050420168067 1
0.0168067226890756 1
0.113445378151261 1
0.117647058823529 1
0.121848739495798 1
0.134453781512605 1
0.151260504201681 1
0.159663865546218 1
0.163865546218487 1
0.168067226890756 1
0.176470588235294 1
0.189075630252101 1
0.197478991596639 1
0.201680672268908 1
0.210084033613445 1
0.222689075630252 1
0.23109243697479 1
0.235294117647059 1
0.243697478991597 1
0.247899159663866 1
0.252100840336134 1
0.260504201680672 1
0.264705882352941 1
0.273109243697479 1
0.281512605042017 1
0.285714285714286 1
0.289915966386555 1
0.294117647058824 1
1 0.501052631578947
