0 0
0 0.00480769230769231
0 0.00961538461538462
0 0.0144230769230769
0 0.0192307692307692
0 0.0240384615384615
0 0.0288461538461538
0 0.0336538461538462
0 0.0384615384615385
0 0.0432692307692308
0 0.0480769230769231
0.00483091787439614 0.0480769230769231
0.00483091787439614 0.0528846153846154
0.00483091787439614 0.0576923076923077
0.00483091787439614 0.0625
0.00483091787439614 0.0673076923076923
0.00483091787439614 0.0721153846153846
0.00483091787439614 0.0769230769230769
0.00966183574879227 0.0769230769230769
0.00966183574879227 0.0817307692307692
0.0144927536231884 0.0817307692307692
0.0144927536231884 0.0865384615384615
0.0144927536231884 0.0913461538461538
0.0193236714975845 0.0913461538461538
0.0193236714975845 0.0961538461538462
0.0193236714975845 0.100961538461538
0.0193236714975845 0.105769230769231
0.0193236714975845 0.110576923076923
0.0193236714975845 0.115384615384615
0.0193236714975845 0.120192307692308
0.0193236714975845 0.125
0.0193236714975845 0.129807692307692
0.0193236714975845 0.134615384615385
0.0241545893719807 0.134615384615385
0.0241545893719807 0.139423076923077
0.0241545893719807 0.144230769230769
0.0241545893719807 0.149038461538462
0.0241545893719807 0.153846153846154
0.0241545893719807 0.158653846153846
0.0241545893719807 0.163461538461538
0.0289855072463768 0.163461538461538
0.0289855072463768 0.168269230769231
0.0289855072463768 0.173076923076923
0.0338164251207729 0.173076923076923
0.0386473429951691 0.173076923076923
0.0386473429951691 0.177884615384615
0.0434782608695652 0.177884615384615
0.0483091787439614 0.177884615384615
0.0483091787439614 0.182692307692308
0.0483091787439614 0.1875
0.0483091787439614 0.192307692307692
0.0483091787439614 0.197115384615385
0.0483091787439614 0.201923076923077
0.0483091787439614 0.206730769230769
0.0483091787439614 0.211538461538462
0.0483091787439614 0.216346153846154
0.0531400966183575 0.216346153846154
0.0531400966183575 0.221153846153846
0.0531400966183575 0.225961538461538
0.0531400966183575 0.230769230769231
0.0531400966183575 0.235576923076923
0.0531400966183575 0.240384615384615
0.0531400966183575 0.245192307692308
0.0579710144927536 0.245192307692308
0.0579710144927536 0.25
0.0579710144927536 0.254807692307692
0.0579710144927536 0.259615384615385
0.0579710144927536 0.264423076923077
0.0579710144927536 0.269230769230769
0.0579710144927536 0.274038461538462
0.0628019323671498 0.274038461538462
0.0676328502415459 0.274038461538462
0.0676328502415459 0.278846153846154
0.0676328502415459 0.283653846153846
0.0676328502415459 0.288461538461538
0.0676328502415459 0.293269230769231
0.0676328502415459 0.298076923076923
0.0676328502415459 0.302884615384615
0.0676328502415459 0.307692307692308
0.0676328502415459 0.3125
0.0676328502415459 0.317307692307692
0.0676328502415459 0.322115384615385
0.0676328502415459 0.326923076923077
0.072463768115942 0.326923076923077
0.072463768115942 0.331730769230769
0.0772946859903382 0.331730769230769
0.0821256038647343 0.331730769230769
0.0821256038647343 0.336538461538462
0.0821256038647343 0.341346153846154
0.0821256038647343 0.346153846153846
0.0821256038647343 0.350961538461538
0.0821256038647343 0.355769230769231
0.0821256038647343 0.360576923076923
0.0869565217391304 0.360576923076923
0.0869565217391304 0.365384615384615
0.0869565217391304 0.370192307692308
0.0869565217391304 0.375
0.0869565217391304 0.379807692307692
0.0869565217391304 0.384615384615385
0.0869565217391304 0.389423076923077
0.0869565217391304 0.394230769230769
0.0869565217391304 0.399038461538462
0.0869565217391304 0.403846153846154
0.0869565217391304 0.408653846153846
0.0917874396135266 0.408653846153846
0.0966183574879227 0.408653846153846
0.0966183574879227 0.413461538461538
0.0966183574879227 0.418269230769231
0.0966183574879227 0.423076923076923
0.101449275362319 0.423076923076923
0.101449275362319 0.427884615384615
0.106280193236715 0.427884615384615
0.106280193236715 0.432692307692308
0.106280193236715 0.4375
0.106280193236715 0.442307692307692
0.106280193236715 0.447115384615385
0.106280193236715 0.451923076923077
0.106280193236715 0.456730769230769
0.106280193236715 0.461538461538462
0.111111111111111 0.461538461538462
0.115942028985507 0.461538461538462
0.115942028985507 0.466346153846154
0.120772946859903 0.466346153846154
0.120772946859903 0.471153846153846
0.120772946859903 0.475961538461538
0.1256038647343 0.475961538461538
0.1256038647343 0.480769230769231
0.1256038647343 0.485576923076923
0.1256038647343 0.490384615384615
0.1256038647343 0.495192307692308
0.1256038647343 0.5
0.1256038647343 0.504807692307692
0.1256038647343 0.509615384615385
0.1256038647343 0.514423076923077
0.130434782608696 0.514423076923077
0.135265700483092 0.514423076923077
0.135265700483092 0.519230769230769
0.135265700483092 0.524038461538462
0.140096618357488 0.524038461538462
0.140096618357488 0.528846153846154
0.140096618357488 0.533653846153846
0.140096618357488 0.538461538461538
0.140096618357488 0.543269230769231
0.144927536231884 0.543269230769231
0.144927536231884 0.548076923076923
0.144927536231884 0.552884615384615
0.14975845410628 0.552884615384615
0.14975845410628 0.557692307692308
0.14975845410628 0.5625
0.14975845410628 0.567307692307692
0.154589371980676 0.567307692307692
0.154589371980676 0.572115384615385
0.159420289855072 0.572115384615385
0.159420289855072 0.576923076923077
0.164251207729469 0.576923076923077
0.164251207729469 0.581730769230769
0.164251207729469 0.586538461538462
0.164251207729469 0.591346153846154
0.164251207729469 0.596153846153846
0.164251207729469 0.600961538461538
0.164251207729469 0.605769230769231
0.169082125603865 0.605769230769231
0.173913043478261 0.605769230769231
0.173913043478261 0.610576923076923
0.178743961352657 0.610576923076923
0.178743961352657 0.615384615384615
0.178743961352657 0.620192307692308
0.178743961352657 0.625
0.178743961352657 0.629807692307692
0.183574879227053 0.629807692307692
0.183574879227053 0.634615384615385
0.183574879227053 0.639423076923077
0.183574879227053 0.644230769230769
0.183574879227053 0.649038461538462
0.188405797101449 0.649038461538462
0.188405797101449 0.653846153846154
0.193236714975845 0.653846153846154
0.193236714975845 0.658653846153846
0.193236714975845 0.663461538461538
0.193236714975845 0.668269230769231
0.198067632850242 0.668269230769231
0.198067632850242 0.673076923076923
0.198067632850242 0.677884615384615
0.198067632850242 0.682692307692308
0.202898550724638 0.682692307692308
0.207729468599034 0.682692307692308
0.207729468599034 0.6875
0.21256038647343 0.6875
0.21256038647343 0.692307692307692
0.21256038647343 0.697115384615385
0.21256038647343 0.701923076923077
0.217391304347826 0.701923076923077
0.217391304347826 0.706730769230769
0.222222222222222 0.706730769230769
0.227053140096618 0.706730769230769
0.231884057971014 0.706730769230769
0.236714975845411 0.706730769230769
0.236714975845411 0.711538461538462
0.236714975845411 0.716346153846154
0.236714975845411 0.721153846153846
0.241545893719807 0.721153846153846
0.246376811594203 0.721153846153846
0.251207729468599 0.721153846153846
0.251207729468599 0.725961538461538
0.256038647342995 0.725961538461538
0.256038647342995 0.730769230769231
0.256038647342995 0.735576923076923
0.260869565217391 0.735576923076923
0.265700483091787 0.735576923076923
0.265700483091787 0.740384615384615
0.270531400966184 0.740384615384615
0.270531400966184 0.745192307692308
0.27536231884058 0.745192307692308
0.280193236714976 0.745192307692308
0.285024154589372 0.745192307692308
0.285024154589372 0.75
0.289855072463768 0.75
0.294685990338164 0.75
0.29951690821256 0.75
0.29951690821256 0.754807692307692
0.29951690821256 0.759615384615385
0.304347826086957 0.759615384615385
0.318840579710145 0.774038461538462
0.323671497584541 0.774038461538462
0.328502415458937 0.774038461538462
0.328502415458937 0.778846153846154
0.328502415458937 0.783653846153846
0.328502415458937 0.788461538461538
0.333333333333333 0.788461538461538
0.338164251207729 0.788461538461538
0.338164251207729 0.793269230769231
0.338164251207729 0.798076923076923
0.342995169082126 0.798076923076923
0.347826086956522 0.798076923076923
0.347826086956522 0.802884615384615
0.347826086956522 0.807692307692308
0.352657004830918 0.807692307692308
0.357487922705314 0.807692307692308
0.357487922705314 0.8125
0.357487922705314 0.817307692307692
0.36231884057971 0.817307692307692
0.367149758454106 0.817307692307692
0.367149758454106 0.822115384615385
0.371980676328502 0.822115384615385
0.371980676328502 0.826923076923077
0.371980676328502 0.831730769230769
0.376811594202899 0.831730769230769
0.376811594202899 0.836538461538462
0.381642512077295 0.836538461538462
0.386473429951691 0.836538461538462
0.386473429951691 0.841346153846154
0.386473429951691 0.846153846153846
0.391304347826087 0.846153846153846
0.391304347826087 0.850961538461538
0.391304347826087 0.855769230769231
0.396135265700483 0.855769230769231
0.396135265700483 0.860576923076923
0.400966183574879 0.860576923076923
0.400966183574879 0.865384615384615
0.405797101449275 0.865384615384615
0.405797101449275 0.870192307692308
0.405797101449275 0.875
0.410628019323671 0.875
0.410628019323671 0.879807692307692
0.415458937198068 0.879807692307692
0.420289855072464 0.879807692307692
0.42512077294686 0.879807692307692
0.429951690821256 0.879807692307692
0.429951690821256 0.884615384615385
0.434782608695652 0.884615384615385
0.439613526570048 0.884615384615385
0.444444444444444 0.884615384615385
0.449275362318841 0.884615384615385
0.454106280193237 0.884615384615385
0.458937198067633 0.884615384615385
0.463768115942029 0.884615384615385
0.468599033816425 0.884615384615385
0.473429951690821 0.884615384615385
0.473429951690821 0.889423076923077
0.473429951690821 0.894230769230769
0.478260869565217 0.894230769230769
0.483091787439614 0.894230769230769
0.48792270531401 0.894230769230769
0.492753623188406 0.894230769230769
0.497584541062802 0.894230769230769
0.502415458937198 0.894230769230769
0.507246376811594 0.894230769230769
0.51207729468599 0.894230769230769
0.51207729468599 0.899038461538462
0.516908212560386 0.899038461538462
0.521739130434783 0.899038461538462
0.521739130434783 0.903846153846154
0.521739130434783 0.908653846153846
0.526570048309179 0.908653846153846
0.531400966183575 0.908653846153846
0.531400966183575 0.913461538461538
0.536231884057971 0.913461538461538
0.541062801932367 0.913461538461538
0.545893719806763 0.913461538461538
0.550724637681159 0.913461538461538
0.550724637681159 0.918269230769231
0.555555555555556 0.918269230769231
0.560386473429952 0.918269230769231
0.565217391304348 0.918269230769231
0.570048309178744 0.918269230769231
0.57487922705314 0.918269230769231
0.57487922705314 0.923076923076923
0.579710144927536 0.923076923076923
0.584541062801932 0.923076923076923
0.589371980676328 0.923076923076923
0.594202898550725 0.923076923076923
0.599033816425121 0.923076923076923
0.603864734299517 0.923076923076923
0.608695652173913 0.923076923076923
0.613526570048309 0.923076923076923
0.613526570048309 0.927884615384615
0.618357487922705 0.927884615384615
0.618357487922705 0.932692307692308
0.623188405797101 0.932692307692308
0.628019323671498 0.932692307692308
0.628019323671498 0.9375
0.628019323671498 0.942307692307692
0.632850241545894 0.942307692307692
0.63768115942029 0.942307692307692
0.642512077294686 0.942307692307692
0.642512077294686 0.947115384615385
0.647342995169082 0.947115384615385
0.652173913043478 0.947115384615385
0.657004830917874 0.947115384615385
0.661835748792271 0.947115384615385
0.661835748792271 0.951923076923077
0.666666666666667 0.951923076923077
0.671497584541063 0.951923076923077
0.676328502415459 0.951923076923077
0.681159420289855 0.951923076923077
0.685990338164251 0.951923076923077
0.690821256038647 0.951923076923077
0.690821256038647 0.956730769230769
0.695652173913043 0.956730769230769
0.70048309178744 0.956730769230769
0.705314009661836 0.956730769230769
0.710144927536232 0.956730769230769
0.714975845410628 0.956730769230769
0.719806763285024 0.956730769230769
0.72463768115942 0.956730769230769
0.729468599033816 0.956730769230769
0.734299516908213 0.956730769230769
0.739130434782609 0.956730769230769
0.743961352657005 0.956730769230769
0.743961352657005 0.961538461538462
0.748792270531401 0.961538461538462
0.753623188405797 0.961538461538462
0.758454106280193 0.961538461538462
0.758454106280193 0.966346153846154
0.763285024154589 0.966346153846154
0.768115942028985 0.966346153846154
0.768115942028985 0.971153846153846
0.768115942028985 0.975961538461538
0.772946859903382 0.975961538461538
0.772946859903382 0.980769230769231
0.777777777777778 0.980769230769231
0.782608695652174 0.980769230769231
0.78743961352657 0.980769230769231
0.792270531400966 0.980769230769231
0.797101449275362 0.980769230769231
0.801932367149758 0.980769230769231
0.806763285024155 0.980769230769231
0.811594202898551 0.980769230769231
0.816425120772947 0.980769230769231
0.816425120772947 0.985576923076923
0.821256038647343 0.985576923076923
0.826086956521739 0.985576923076923
0.830917874396135 0.985576923076923
0.835748792270531 0.985576923076923
0.835748792270531 0.990384615384615
0.840579710144927 0.990384615384615
0.845410628019324 0.990384615384615
0.85024154589372 0.990384615384615
0.855072463768116 0.990384615384615
0.859903381642512 0.990384615384615
0.859903381642512 0.995192307692308
0.864734299516908 0.995192307692308
0.869565217391304 0.995192307692308
0.8743961352657 0.995192307692308
0.879227053140097 0.995192307692308
0.884057971014493 0.995192307692308
0.888888888888889 0.995192307692308
0.893719806763285 0.995192307692308
0.898550724637681 0.995192307692308
0.903381642512077 0.995192307692308
0.908212560386473 0.995192307692308
0.91304347826087 0.995192307692308
0.917874396135266 0.995192307692308
0.922705314009662 0.995192307692308
0.927536231884058 0.995192307692308
0.932367149758454 0.995192307692308
0.93719806763285 0.995192307692308
0.942028985507246 0.995192307692308
0.946859903381642 0.995192307692308
0.951690821256039 0.995192307692308
0.956521739130435 0.995192307692308
0.956521739130435 1
0.961352657004831 1
0.966183574879227 1
0.971014492753623 1
0.975845410628019 1
0.980676328502415 1
0.985507246376812 1
0.990338164251208 1
0.995169082125604 1
1 1
