0 0
0 0.00093984962406015
0 0.0018796992481203
0 0.00281954887218045
0 0.0037593984962406
0 0.00469924812030075
0 0.0056390977443609
0 0.00657894736842105
0 0.0075187969924812
0 0.00845864661654135
0 0.0093984962406015
0.00093984962406015 0.0093984962406015
0.00093984962406015 0.0103383458646617
0.00093984962406015 0.0112781954887218
0.00093984962406015 0.012218045112782
0.00093984962406015 0.0131578947368421
0.00093984962406015 0.0140977443609023
0.0018796992481203 0.0140977443609023
0.0018796992481203 0.0150375939849624
0.0018796992481203 0.0159774436090226
0.0018796992481203 0.0169172932330827
0.0018796992481203 0.0178571428571429
0.0018796992481203 0.018796992481203
0.00281954887218045 0.018796992481203
0.00281954887218045 0.0197368421052632
0.00281954887218045 0.0206766917293233
0.0037593984962406 0.0206766917293233
0.00469924812030075 0.0206766917293233
0.0056390977443609 0.0206766917293233
0.0056390977443609 0.0216165413533835
0.0056390977443609 0.0225563909774436
0.00657894736842105 0.0225563909774436
0.00657894736842105 0.0234962406015038
0.00657894736842105 0.0244360902255639
0.00657894736842105 0.0253759398496241
0.0075187969924812 0.0253759398496241
0.0075187969924812 0.0263157894736842
0.0075187969924812 0.0272556390977444
0.0075187969924812 0.0281954887218045
0.0075187969924812 0.0291353383458647
0.00845864661654135 0.0291353383458647
0.0093984962406015 0.0291353383458647
0.0093984962406015 0.0300751879699248
0.0103383458646617 0.0300751879699248
0.0103383458646617 0.031015037593985
0.0103383458646617 0.0319548872180451
0.0103383458646617 0.0328947368421053
0.0103383458646617 0.0338345864661654
0.0103383458646617 0.0347744360902256
0.0103383458646617 0.0357142857142857
0.0103383458646617 0.0366541353383459
0.0103383458646617 0.037593984962406
0.0103383458646617 0.0385338345864662
0.0103383458646617 0.0394736842105263
0.0103383458646617 0.0404135338345865
0.0112781954887218 0.0404135338345865
0.0112781954887218 0.0413533834586466
0.0112781954887218 0.0422932330827068
0.0112781954887218 0.0432330827067669
0.0112781954887218 0.0441729323308271
0.0112781954887218 0.0451127819548872
0.0112781954887218 0.0460526315789474
0.0112781954887218 0.0469924812030075
0.0112781954887218 0.0479323308270677
0.0112781954887218 0.0488721804511278
0.0112781954887218 0.049812030075188
0.0112781954887218 0.0507518796992481
0.012218045112782 0.0507518796992481
0.012218045112782 0.0516917293233083
0.012218045112782 0.0526315789473684
0.012218045112782 0.0535714285714286
0.012218045112782 0.0545112781954887
0.012218045112782 0.0554511278195489
0.012218045112782 0.056390977443609
0.012218045112782 0.0573308270676692
0.012218045112782 0.0582706766917293
0.012218045112782 0.0592105263157895
0.012218045112782 0.0601503759398496
0.0131578947368421 0.0601503759398496
0.0131578947368421 0.0610902255639098
0.0140977443609023 0.0610902255639098
0.0140977443609023 0.0620300751879699
0.0140977443609023 0.0629699248120301
0.0140977443609023 0.0639097744360902
0.0140977443609023 0.0648496240601504
0.0140977443609023 0.0657894736842105
0.0140977443609023 0.0667293233082707
0.0140977443609023 0.0676691729323308
0.0140977443609023 0.068609022556391
0.0140977443609023 0.0695488721804511
0.0140977443609023 0.0704887218045113
0.0140977443609023 0.0714285714285714
0.0140977443609023 0.0723684210526316
0.0150375939849624 0.0723684210526316
0.0150375939849624 0.0733082706766917
0.0150375939849624 0.0742481203007519
0.0150375939849624 0.075187969924812
0.0159774436090226 0.075187969924812
0.0159774436090226 0.0761278195488722
0.0159774436090226 0.0770676691729323
0.0169172932330827 0.0770676691729323
0.0169172932330827 0.0780075187969925
0.0169172932330827 0.0789473684210526
0.0169172932330827 0.0798872180451128
0.0178571428571429 0.0798872180451128
0.0178571428571429 0.0808270676691729
0.0178571428571429 0.0817669172932331
0.0178571428571429 0.0827067669172932
0.0178571428571429 0.0836466165413534
0.0178571428571429 0.0845864661654135
0.0178571428571429 0.0855263157894737
0.0178571428571429 0.0864661654135338
0.0178571428571429 0.087406015037594
0.018796992481203 0.087406015037594
0.0197368421052632 0.087406015037594
0.0197368421052632 0.0883458646616541
0.0197368421052632 0.0892857142857143
0.0197368421052632 0.0902255639097744
0.0197368421052632 0.0911654135338346
0.0197368421052632 0.0921052631578947
0.0197368421052632 0.0930451127819549
0.0197368421052632 0.093984962406015
0.0197368421052632 0.0949248120300752
0.0197368421052632 0.0958646616541353
0.0197368421052632 0.0968045112781955
0.0197368421052632 0.0977443609022556
0.0197368421052632 0.0986842105263158
0.0206766917293233 0.0986842105263158
0.0206766917293233 0.0996240601503759
0.0216165413533835 0.0996240601503759
0.0216165413533835 0.100563909774436
0.0216165413533835 0.101503759398496
0.0216165413533835 0.102443609022556
0.0216165413533835 0.103383458646617
0.0216165413533835 0.104323308270677
0.0225563909774436 0.104323308270677
0.0225563909774436 0.105263157894737
0.0225563909774436 0.106203007518797
0.0225563909774436 0.107142857142857
0.0234962406015038 0.107142857142857
0.0234962406015038 0.108082706766917
0.0234962406015038 0.109022556390977
0.0244360902255639 0.109022556390977
0.0244360902255639 0.109962406015038
0.0244360902255639 0.110902255639098
0.0244360902255639 0.111842105263158
0.0244360902255639 0.112781954887218
0.0244360902255639 0.113721804511278
0.0244360902255639 0.114661654135338
0.0244360902255639 0.115601503759398
0.0244360902255639 0.116541353383459
0.0244360902255639 0.117481203007519
0.0253759398496241 0.117481203007519
0.0253759398496241 0.118421052631579
0.0263157894736842 0.118421052631579
0.0272556390977444 0.118421052631579
0.0281954887218045 0.118421052631579
0.0291353383458647 0.118421052631579
0.0291353383458647 0.119360902255639
0.0291353383458647 0.120300751879699
0.0291353383458647 0.121240601503759
0.0300751879699248 0.121240601503759
0.031015037593985 0.121240601503759
0.0319548872180451 0.121240601503759
0.0319548872180451 0.12218045112782
0.0319548872180451 0.12312030075188
0.0319548872180451 0.12406015037594
0.0319548872180451 0.125
0.0319548872180451 0.12593984962406
0.0328947368421053 0.12593984962406
0.0328947368421053 0.12687969924812
0.0338345864661654 0.12687969924812
0.0338345864661654 0.12781954887218
0.0347744360902256 0.12781954887218
0.0347744360902256 0.128759398496241
0.0347744360902256 0.129699248120301
0.0347744360902256 0.130639097744361
0.0347744360902256 0.131578947368421
0.0357142857142857 0.131578947368421
0.0357142857142857 0.132518796992481
0.0357142857142857 0.133458646616541
0.0357142857142857 0.134398496240602
0.0366541353383459 0.134398496240602
0.0366541353383459 0.135338345864662
0.0366541353383459 0.136278195488722
0.0366541353383459 0.137218045112782
0.0366541353383459 0.138157894736842
0.0366541353383459 0.139097744360902
0.0366541353383459 0.140037593984962
0.037593984962406 0.140037593984962
0.037593984962406 0.140977443609023
0.037593984962406 0.141917293233083
0.0385338345864662 0.141917293233083
0.0385338345864662 0.142857142857143
0.0394736842105263 0.142857142857143
0.0394736842105263 0.143796992481203
0.0404135338345865 0.143796992481203
0.0413533834586466 0.143796992481203
0.0422932330827068 0.143796992481203
0.0432330827067669 0.143796992481203
0.0441729323308271 0.143796992481203
0.0451127819548872 0.143796992481203
0.0451127819548872 0.144736842105263
0.0451127819548872 0.145676691729323
0.0451127819548872 0.146616541353383
0.0451127819548872 0.147556390977444
0.0451127819548872 0.148496240601504
0.0460526315789474 0.148496240601504
0.0460526315789474 0.149436090225564
0.0460526315789474 0.150375939849624
0.0469924812030075 0.150375939849624
0.0469924812030075 0.151315789473684
0.0469924812030075 0.152255639097744
0.0469924812030075 0.153195488721805
0.0469924812030075 0.154135338345865
0.0469924812030075 0.155075187969925
0.0479323308270677 0.155075187969925
0.0479323308270677 0.156015037593985
0.0479323308270677 0.156954887218045
0.0479323308270677 0.157894736842105
0.0479323308270677 0.158834586466165
0.0479323308270677 0.159774436090226
0.0488721804511278 0.159774436090226
0.049812030075188 0.159774436090226
0.049812030075188 0.160714285714286
0.049812030075188 0.161654135338346
0.049812030075188 0.162593984962406
0.049812030075188 0.163533834586466
0.0507518796992481 0.163533834586466
0.0507518796992481 0.164473684210526
0.0516917293233083 0.164473684210526
0.0516917293233083 0.165413533834586
0.0516917293233083 0.166353383458647
0.0526315789473684 0.166353383458647
0.0535714285714286 0.166353383458647
0.0535714285714286 0.167293233082707
0.0545112781954887 0.167293233082707
0.0545112781954887 0.168233082706767
0.0545112781954887 0.169172932330827
0.0545112781954887 0.170112781954887
0.0554511278195489 0.170112781954887
0.0554511278195489 0.171052631578947
0.0554511278195489 0.171992481203008
0.0554511278195489 0.172932330827068
0.0554511278195489 0.173872180451128
0.0554511278195489 0.174812030075188
0.0554511278195489 0.175751879699248
0.056390977443609 0.175751879699248
0.056390977443609 0.176691729323308
0.056390977443609 0.177631578947368
0.056390977443609 0.178571428571429
0.056390977443609 0.179511278195489
0.056390977443609 0.180451127819549
0.056390977443609 0.181390977443609
0.056390977443609 0.182330827067669
0.056390977443609 0.183270676691729
0.056390977443609 0.184210526315789
0.0573308270676692 0.184210526315789
0.0573308270676692 0.18515037593985
0.0582706766917293 0.18515037593985
0.0582706766917293 0.18609022556391
0.0582706766917293 0.18703007518797
0.0582706766917293 0.18796992481203
0.0582706766917293 0.18890977443609
0.0582706766917293 0.18984962406015
0.0582706766917293 0.190789473684211
0.0582706766917293 0.191729323308271
0.0582706766917293 0.192669172932331
0.0582706766917293 0.193609022556391
0.0582706766917293 0.194548872180451
0.0582706766917293 0.195488721804511
0.0592105263157895 0.195488721804511
0.0592105263157895 0.196428571428571
0.0601503759398496 0.196428571428571
0.0601503759398496 0.197368421052632
0.0610902255639098 0.197368421052632
0.0610902255639098 0.198308270676692
0.0620300751879699 0.198308270676692
0.0629699248120301 0.198308270676692
0.0639097744360902 0.198308270676692
0.0639097744360902 0.199248120300752
0.0639097744360902 0.200187969924812
0.0639097744360902 0.201127819548872
0.0639097744360902 0.202067669172932
0.0639097744360902 0.203007518796992
0.0639097744360902 0.203947368421053
0.0639097744360902 0.204887218045113
0.0648496240601504 0.204887218045113
0.0648496240601504 0.205827067669173
0.0657894736842105 0.205827067669173
0.0657894736842105 0.206766917293233
0.0667293233082707 0.206766917293233
0.0667293233082707 0.207706766917293
0.0676691729323308 0.207706766917293
0.0676691729323308 0.208646616541353
0.0676691729323308 0.209586466165414
0.068609022556391 0.209586466165414
0.068609022556391 0.210526315789474
0.068609022556391 0.211466165413534
0.0695488721804511 0.211466165413534
0.0695488721804511 0.212406015037594
0.0695488721804511 0.213345864661654
0.0695488721804511 0.214285714285714
0.0695488721804511 0.215225563909774
0.0704887218045113 0.215225563909774
0.0704887218045113 0.216165413533835
0.0714285714285714 0.216165413533835
0.0723684210526316 0.216165413533835
0.0733082706766917 0.216165413533835
0.0742481203007519 0.216165413533835
0.0742481203007519 0.217105263157895
0.075187969924812 0.217105263157895
0.075187969924812 0.218045112781955
0.075187969924812 0.218984962406015
0.0761278195488722 0.218984962406015
0.0761278195488722 0.219924812030075
0.0770676691729323 0.219924812030075
0.0770676691729323 0.220864661654135
0.0780075187969925 0.220864661654135
0.0780075187969925 0.221804511278195
0.0780075187969925 0.222744360902256
0.0780075187969925 0.223684210526316
0.0780075187969925 0.224624060150376
0.0780075187969925 0.225563909774436
0.0789473684210526 0.225563909774436
0.0798872180451128 0.225563909774436
0.0808270676691729 0.225563909774436
0.0808270676691729 0.226503759398496
0.0817669172932331 0.226503759398496
0.0817669172932331 0.227443609022556
0.0827067669172932 0.227443609022556
0.0827067669172932 0.228383458646617
0.0836466165413534 0.228383458646617
0.0845864661654135 0.228383458646617
0.0855263157894737 0.228383458646617
0.0864661654135338 0.228383458646617
0.087406015037594 0.228383458646617
0.087406015037594 0.229323308270677
0.087406015037594 0.230263157894737
0.087406015037594 0.231203007518797
0.087406015037594 0.232142857142857
0.087406015037594 0.233082706766917
0.087406015037594 0.234022556390977
0.087406015037594 0.234962406015038
0.087406015037594 0.235902255639098
0.0883458646616541 0.235902255639098
0.0883458646616541 0.236842105263158
0.0892857142857143 0.236842105263158
0.0892857142857143 0.237781954887218
0.0892857142857143 0.238721804511278
0.0902255639097744 0.238721804511278
0.0902255639097744 0.239661654135338
0.0902255639097744 0.240601503759398
0.0911654135338346 0.240601503759398
0.0911654135338346 0.241541353383459
0.0911654135338346 0.242481203007519
0.0911654135338346 0.243421052631579
0.0911654135338346 0.244360902255639
0.0911654135338346 0.245300751879699
0.0921052631578947 0.245300751879699
0.0921052631578947 0.246240601503759
0.0921052631578947 0.24718045112782
0.0921052631578947 0.24812030075188
0.0930451127819549 0.24812030075188
0.0930451127819549 0.24906015037594
0.0930451127819549 0.25
0.0930451127819549 0.25093984962406
0.0930451127819549 0.25187969924812
0.0930451127819549 0.25281954887218
0.0930451127819549 0.253759398496241
0.093984962406015 0.253759398496241
0.093984962406015 0.254699248120301
0.093984962406015 0.255639097744361
0.093984962406015 0.256578947368421
0.093984962406015 0.257518796992481
0.093984962406015 0.258458646616541
0.093984962406015 0.259398496240602
0.093984962406015 0.260338345864662
0.093984962406015 0.261278195488722
0.0949248120300752 0.261278195488722
0.0949248120300752 0.262218045112782
0.0949248120300752 0.263157894736842
0.0949248120300752 0.264097744360902
0.0949248120300752 0.265037593984962
0.0949248120300752 0.265977443609023
0.0949248120300752 0.266917293233083
0.0949248120300752 0.267857142857143
0.0949248120300752 0.268796992481203
0.0958646616541353 0.268796992481203
0.0958646616541353 0.269736842105263
0.0968045112781955 0.269736842105263
0.0968045112781955 0.270676691729323
0.0977443609022556 0.270676691729323
0.0977443609022556 0.271616541353383
0.0977443609022556 0.272556390977444
0.0977443609022556 0.273496240601504
0.0977443609022556 0.274436090225564
0.0986842105263158 0.274436090225564
0.0986842105263158 0.275375939849624
0.0986842105263158 0.276315789473684
0.0986842105263158 0.277255639097744
0.0986842105263158 0.278195488721804
0.0986842105263158 0.279135338345865
0.0996240601503759 0.279135338345865
0.0996240601503759 0.280075187969925
0.0996240601503759 0.281015037593985
0.100563909774436 0.281015037593985
0.100563909774436 0.281954887218045
0.100563909774436 0.282894736842105
0.101503759398496 0.282894736842105
0.101503759398496 0.283834586466165
0.101503759398496 0.284774436090226
0.101503759398496 0.285714285714286
0.101503759398496 0.286654135338346
0.102443609022556 0.286654135338346
0.102443609022556 0.287593984962406
0.102443609022556 0.288533834586466
0.102443609022556 0.289473684210526
0.102443609022556 0.290413533834586
0.103383458646617 0.290413533834586
0.104323308270677 0.290413533834586
0.105263157894737 0.290413533834586
0.105263157894737 0.291353383458647
0.105263157894737 0.292293233082707
0.106203007518797 0.292293233082707
0.106203007518797 0.293233082706767
0.106203007518797 0.294172932330827
0.106203007518797 0.295112781954887
0.106203007518797 0.296052631578947
0.106203007518797 0.296992481203008
0.107142857142857 0.296992481203008
0.108082706766917 0.296992481203008
0.108082706766917 0.297932330827068
0.109022556390977 0.297932330827068
0.109022556390977 0.298872180451128
0.109022556390977 0.299812030075188
0.109022556390977 0.300751879699248
0.109962406015038 0.300751879699248
0.109962406015038 0.301691729323308
0.109962406015038 0.302631578947368
0.109962406015038 0.303571428571429
0.109962406015038 0.304511278195489
0.109962406015038 0.305451127819549
0.110902255639098 0.305451127819549
0.110902255639098 0.306390977443609
0.110902255639098 0.307330827067669
0.110902255639098 0.308270676691729
0.110902255639098 0.309210526315789
0.111842105263158 0.309210526315789
0.112781954887218 0.309210526315789
0.113721804511278 0.309210526315789
0.113721804511278 0.31015037593985
0.113721804511278 0.31109022556391
0.113721804511278 0.31203007518797
0.113721804511278 0.31296992481203
0.113721804511278 0.31390977443609
0.113721804511278 0.31484962406015
0.114661654135338 0.31484962406015
0.115601503759398 0.31484962406015
0.116541353383459 0.31484962406015
0.116541353383459 0.315789473684211
0.116541353383459 0.316729323308271
0.117481203007519 0.316729323308271
0.117481203007519 0.317669172932331
0.117481203007519 0.318609022556391
0.118421052631579 0.318609022556391
0.118421052631579 0.319548872180451
0.118421052631579 0.320488721804511
0.118421052631579 0.321428571428571
0.118421052631579 0.322368421052632
0.118421052631579 0.323308270676692
0.119360902255639 0.323308270676692
0.119360902255639 0.324248120300752
0.119360902255639 0.325187969924812
0.119360902255639 0.326127819548872
0.119360902255639 0.327067669172932
0.120300751879699 0.327067669172932
0.120300751879699 0.328007518796992
0.120300751879699 0.328947368421053
0.120300751879699 0.329887218045113
0.121240601503759 0.329887218045113
0.12218045112782 0.329887218045113
0.12312030075188 0.329887218045113
0.12312030075188 0.330827067669173
0.12312030075188 0.331766917293233
0.12312030075188 0.332706766917293
0.12406015037594 0.332706766917293
0.12406015037594 0.333646616541353
0.12406015037594 0.334586466165414
0.125 0.334586466165414
0.125 0.335526315789474
0.125 0.336466165413534
0.125 0.337406015037594
0.12593984962406 0.337406015037594
0.12593984962406 0.338345864661654
0.12593984962406 0.339285714285714
0.12593984962406 0.340225563909774
0.12593984962406 0.341165413533835
0.12593984962406 0.342105263157895
0.12593984962406 0.343045112781955
0.12593984962406 0.343984962406015
0.12593984962406 0.344924812030075
0.12593984962406 0.345864661654135
0.12687969924812 0.345864661654135
0.12781954887218 0.345864661654135
0.12781954887218 0.346804511278196
0.12781954887218 0.347744360902256
0.12781954887218 0.348684210526316
0.12781954887218 0.349624060150376
0.12781954887218 0.350563909774436
0.12781954887218 0.351503759398496
0.12781954887218 0.352443609022556
0.128759398496241 0.352443609022556
0.129699248120301 0.352443609022556
0.129699248120301 0.353383458646617
0.130639097744361 0.353383458646617
0.130639097744361 0.354323308270677
0.131578947368421 0.354323308270677
0.131578947368421 0.355263157894737
0.131578947368421 0.356203007518797
0.131578947368421 0.357142857142857
0.131578947368421 0.358082706766917
0.132518796992481 0.358082706766917
0.132518796992481 0.359022556390977
0.132518796992481 0.359962406015038
0.132518796992481 0.360902255639098
0.132518796992481 0.361842105263158
0.133458646616541 0.361842105263158
0.134398496240602 0.361842105263158
0.135338345864662 0.361842105263158
0.135338345864662 0.362781954887218
0.136278195488722 0.362781954887218
0.137218045112782 0.362781954887218
0.137218045112782 0.363721804511278
0.137218045112782 0.364661654135338
0.137218045112782 0.365601503759398
0.137218045112782 0.366541353383459
0.137218045112782 0.367481203007519
0.137218045112782 0.368421052631579
0.137218045112782 0.369360902255639
0.137218045112782 0.370300751879699
0.138157894736842 0.370300751879699
0.139097744360902 0.370300751879699
0.139097744360902 0.371240601503759
0.139097744360902 0.37218045112782
0.140037593984962 0.37218045112782
0.140977443609023 0.37218045112782
0.140977443609023 0.37312030075188
0.141917293233083 0.37312030075188
0.142857142857143 0.37312030075188
0.143796992481203 0.37312030075188
0.143796992481203 0.37406015037594
0.144736842105263 0.37406015037594
0.144736842105263 0.375
0.144736842105263 0.37593984962406
0.145676691729323 0.37593984962406
0.145676691729323 0.37687969924812
0.146616541353383 0.37687969924812
0.146616541353383 0.37781954887218
0.146616541353383 0.378759398496241
0.146616541353383 0.379699248120301
0.146616541353383 0.380639097744361
0.146616541353383 0.381578947368421
0.146616541353383 0.382518796992481
0.146616541353383 0.383458646616541
0.146616541353383 0.384398496240602
0.146616541353383 0.385338345864662
0.146616541353383 0.386278195488722
0.146616541353383 0.387218045112782
0.146616541353383 0.388157894736842
0.146616541353383 0.389097744360902
0.146616541353383 0.390037593984962
0.147556390977444 0.390037593984962
0.148496240601504 0.390037593984962
0.148496240601504 0.390977443609023
0.149436090225564 0.390977443609023
0.150375939849624 0.390977443609023
0.150375939849624 0.391917293233083
0.151315789473684 0.391917293233083
0.151315789473684 0.392857142857143
0.151315789473684 0.393796992481203
0.151315789473684 0.394736842105263
0.151315789473684 0.395676691729323
0.151315789473684 0.396616541353383
0.151315789473684 0.397556390977444
0.151315789473684 0.398496240601504
0.151315789473684 0.399436090225564
0.152255639097744 0.399436090225564
0.152255639097744 0.400375939849624
0.153195488721805 0.400375939849624
0.153195488721805 0.401315789473684
0.154135338345865 0.401315789473684
0.154135338345865 0.402255639097744
0.155075187969925 0.402255639097744
0.155075187969925 0.403195488721804
0.156015037593985 0.403195488721804
0.156015037593985 0.404135338345865
0.156015037593985 0.405075187969925
0.156015037593985 0.406015037593985
0.156954887218045 0.406015037593985
0.157894736842105 0.406015037593985
0.157894736842105 0.406954887218045
0.158834586466165 0.406954887218045
0.159774436090226 0.406954887218045
0.160714285714286 0.406954887218045
0.161654135338346 0.406954887218045
0.161654135338346 0.407894736842105
0.161654135338346 0.408834586466165
0.162593984962406 0.408834586466165
0.163533834586466 0.408834586466165
0.164473684210526 0.408834586466165
0.165413533834586 0.408834586466165
0.165413533834586 0.409774436090226
0.166353383458647 0.409774436090226
0.166353383458647 0.410714285714286
0.167293233082707 0.410714285714286
0.167293233082707 0.411654135338346
0.167293233082707 0.412593984962406
0.167293233082707 0.413533834586466
0.167293233082707 0.414473684210526
0.168233082706767 0.414473684210526
0.168233082706767 0.415413533834586
0.168233082706767 0.416353383458647
0.168233082706767 0.417293233082707
0.169172932330827 0.417293233082707
0.169172932330827 0.418233082706767
0.169172932330827 0.419172932330827
0.170112781954887 0.419172932330827
0.170112781954887 0.420112781954887
0.170112781954887 0.421052631578947
0.170112781954887 0.421992481203008
0.170112781954887 0.422932330827068
0.170112781954887 0.423872180451128
0.170112781954887 0.424812030075188
0.171052631578947 0.424812030075188
0.171052631578947 0.425751879699248
0.171052631578947 0.426691729323308
0.171992481203008 0.426691729323308
0.172932330827068 0.426691729323308
0.172932330827068 0.427631578947368
0.173872180451128 0.427631578947368
0.173872180451128 0.428571428571429
0.173872180451128 0.429511278195489
0.174812030075188 0.429511278195489
0.174812030075188 0.430451127819549
0.174812030075188 0.431390977443609
0.175751879699248 0.431390977443609
0.176691729323308 0.431390977443609
0.177631578947368 0.431390977443609
0.177631578947368 0.432330827067669
0.177631578947368 0.433270676691729
0.178571428571429 0.433270676691729
0.179511278195489 0.433270676691729
0.180451127819549 0.433270676691729
0.180451127819549 0.434210526315789
0.181390977443609 0.434210526315789
0.181390977443609 0.43515037593985
0.181390977443609 0.43609022556391
0.182330827067669 0.43609022556391
0.182330827067669 0.43703007518797
0.183270676691729 0.43703007518797
0.183270676691729 0.43796992481203
0.183270676691729 0.43890977443609
0.183270676691729 0.43984962406015
0.184210526315789 0.43984962406015
0.184210526315789 0.440789473684211
0.18515037593985 0.440789473684211
0.18515037593985 0.441729323308271
0.18609022556391 0.441729323308271
0.18609022556391 0.442669172932331
0.18703007518797 0.442669172932331
0.18703007518797 0.443609022556391
0.18703007518797 0.444548872180451
0.18703007518797 0.445488721804511
0.18796992481203 0.445488721804511
0.18890977443609 0.445488721804511
0.18890977443609 0.446428571428571
0.18984962406015 0.446428571428571
0.18984962406015 0.447368421052632
0.18984962406015 0.448308270676692
0.190789473684211 0.448308270676692
0.191729323308271 0.448308270676692
0.192669172932331 0.448308270676692
0.192669172932331 0.449248120300752
0.192669172932331 0.450187969924812
0.192669172932331 0.451127819548872
0.192669172932331 0.452067669172932
0.193609022556391 0.452067669172932
0.194548872180451 0.452067669172932
0.195488721804511 0.452067669172932
0.196428571428571 0.452067669172932
0.196428571428571 0.453007518796992
0.196428571428571 0.453947368421053
0.197368421052632 0.453947368421053
0.198308270676692 0.453947368421053
0.199248120300752 0.453947368421053
0.199248120300752 0.454887218045113
0.199248120300752 0.455827067669173
0.200187969924812 0.455827067669173
0.200187969924812 0.456766917293233
0.200187969924812 0.457706766917293
0.200187969924812 0.458646616541353
0.200187969924812 0.459586466165414
0.201127819548872 0.459586466165414
0.202067669172932 0.460526315789474
0.203007518796992 0.460526315789474
0.203947368421053 0.460526315789474
0.204887218045113 0.460526315789474
0.204887218045113 0.461466165413534
0.204887218045113 0.462406015037594
0.205827067669173 0.462406015037594
0.205827067669173 0.463345864661654
0.206766917293233 0.463345864661654
0.206766917293233 0.464285714285714
0.206766917293233 0.465225563909774
0.206766917293233 0.466165413533835
0.206766917293233 0.467105263157895
0.206766917293233 0.468045112781955
0.206766917293233 0.468984962406015
0.206766917293233 0.469924812030075
0.206766917293233 0.470864661654135
0.207706766917293 0.470864661654135
0.207706766917293 0.471804511278196
0.207706766917293 0.472744360902256
0.207706766917293 0.473684210526316
0.208646616541353 0.473684210526316
0.208646616541353 0.474624060150376
0.209586466165414 0.474624060150376
0.209586466165414 0.475563909774436
0.210526315789474 0.475563909774436
0.210526315789474 0.476503759398496
0.210526315789474 0.477443609022556
0.211466165413534 0.477443609022556
0.212406015037594 0.477443609022556
0.213345864661654 0.477443609022556
0.213345864661654 0.478383458646617
0.214285714285714 0.478383458646617
0.215225563909774 0.478383458646617
0.215225563909774 0.479323308270677
0.216165413533835 0.479323308270677
0.217105263157895 0.479323308270677
0.218045112781955 0.479323308270677
0.218045112781955 0.480263157894737
0.218045112781955 0.481203007518797
0.218045112781955 0.482142857142857
0.218045112781955 0.483082706766917
0.218045112781955 0.484022556390977
0.218984962406015 0.484022556390977
0.219924812030075 0.484022556390977
0.220864661654135 0.484022556390977
0.220864661654135 0.484962406015038
0.221804511278195 0.484962406015038
0.222744360902256 0.484962406015038
0.223684210526316 0.484962406015038
0.224624060150376 0.484962406015038
0.224624060150376 0.485902255639098
0.224624060150376 0.486842105263158
0.224624060150376 0.487781954887218
0.225563909774436 0.487781954887218
0.225563909774436 0.488721804511278
0.225563909774436 0.489661654135338
0.225563909774436 0.490601503759398
0.226503759398496 0.490601503759398
0.226503759398496 0.491541353383459
0.227443609022556 0.491541353383459
0.227443609022556 0.492481203007519
0.227443609022556 0.493421052631579
0.227443609022556 0.494360902255639
0.228383458646617 0.494360902255639
0.229323308270677 0.494360902255639
0.229323308270677 0.495300751879699
0.229323308270677 0.496240601503759
0.229323308270677 0.49718045112782
0.229323308270677 0.49812030075188
0.230263157894737 0.49812030075188
0.230263157894737 0.49906015037594
0.231203007518797 0.49906015037594
0.232142857142857 0.49906015037594
0.232142857142857 0.5
0.232142857142857 0.50093984962406
0.232142857142857 0.50187969924812
0.232142857142857 0.50281954887218
0.233082706766917 0.50281954887218
0.234022556390977 0.50281954887218
0.234022556390977 0.503759398496241
0.234022556390977 0.504699248120301
0.234962406015038 0.504699248120301
0.234962406015038 0.505639097744361
0.235902255639098 0.505639097744361
0.236842105263158 0.505639097744361
0.236842105263158 0.506578947368421
0.236842105263158 0.507518796992481
0.236842105263158 0.508458646616541
0.237781954887218 0.508458646616541
0.237781954887218 0.509398496240602
0.237781954887218 0.510338345864662
0.238721804511278 0.510338345864662
0.239661654135338 0.510338345864662
0.240601503759398 0.510338345864662
0.240601503759398 0.511278195488722
0.240601503759398 0.512218045112782
0.240601503759398 0.513157894736842
0.240601503759398 0.514097744360902
0.240601503759398 0.515037593984962
0.240601503759398 0.515977443609023
0.240601503759398 0.516917293233083
0.241541353383459 0.516917293233083
0.241541353383459 0.517857142857143
0.242481203007519 0.517857142857143
0.243421052631579 0.517857142857143
0.244360902255639 0.517857142857143
0.244360902255639 0.518796992481203
0.244360902255639 0.519736842105263
0.244360902255639 0.520676691729323
0.245300751879699 0.520676691729323
0.245300751879699 0.521616541353383
0.245300751879699 0.522556390977444
0.245300751879699 0.523496240601504
0.246240601503759 0.523496240601504
0.246240601503759 0.524436090225564
0.246240601503759 0.525375939849624
0.246240601503759 0.526315789473684
0.24718045112782 0.526315789473684
0.24718045112782 0.527255639097744
0.24718045112782 0.528195488721805
0.24718045112782 0.529135338345865
0.24812030075188 0.529135338345865
0.24812030075188 0.530075187969925
0.24906015037594 0.530075187969925
0.25 0.530075187969925
0.25093984962406 0.530075187969925
0.25093984962406 0.531015037593985
0.25187969924812 0.531015037593985
0.25281954887218 0.531015037593985
0.25281954887218 0.531954887218045
0.25281954887218 0.532894736842105
0.25281954887218 0.533834586466165
0.25281954887218 0.534774436090226
0.253759398496241 0.534774436090226
0.253759398496241 0.535714285714286
0.253759398496241 0.536654135338346
0.253759398496241 0.537593984962406
0.253759398496241 0.538533834586466
0.254699248120301 0.538533834586466
0.255639097744361 0.538533834586466
0.255639097744361 0.539473684210526
0.255639097744361 0.540413533834586
0.256578947368421 0.540413533834586
0.256578947368421 0.541353383458647
0.256578947368421 0.542293233082707
0.256578947368421 0.543233082706767
0.256578947368421 0.544172932330827
0.256578947368421 0.545112781954887
0.257518796992481 0.545112781954887
0.258458646616541 0.545112781954887
0.258458646616541 0.546052631578947
0.258458646616541 0.546992481203007
0.259398496240602 0.546992481203007
0.259398496240602 0.547932330827068
0.260338345864662 0.547932330827068
0.261278195488722 0.547932330827068
0.263157894736842 0.547932330827068
0.263157894736842 0.548872180451128
0.264097744360902 0.548872180451128
0.264097744360902 0.549812030075188
0.265037593984962 0.549812030075188
0.265977443609023 0.549812030075188
0.265977443609023 0.550751879699248
0.266917293233083 0.550751879699248
0.267857142857143 0.550751879699248
0.267857142857143 0.551691729323308
0.267857142857143 0.552631578947368
0.267857142857143 0.553571428571429
0.267857142857143 0.554511278195489
0.267857142857143 0.555451127819549
0.268796992481203 0.555451127819549
0.268796992481203 0.556390977443609
0.268796992481203 0.557330827067669
0.268796992481203 0.558270676691729
0.268796992481203 0.559210526315789
0.269736842105263 0.559210526315789
0.270676691729323 0.559210526315789
0.270676691729323 0.56015037593985
0.270676691729323 0.56109022556391
0.271616541353383 0.56109022556391
0.271616541353383 0.56203007518797
0.271616541353383 0.56296992481203
0.272556390977444 0.56296992481203
0.272556390977444 0.56390977443609
0.273496240601504 0.56390977443609
0.274436090225564 0.56390977443609
0.274436090225564 0.56484962406015
0.275375939849624 0.56484962406015
0.276315789473684 0.56484962406015
0.276315789473684 0.565789473684211
0.277255639097744 0.565789473684211
0.277255639097744 0.566729323308271
0.277255639097744 0.567669172932331
0.278195488721804 0.567669172932331
0.278195488721804 0.568609022556391
0.278195488721804 0.569548872180451
0.279135338345865 0.569548872180451
0.280075187969925 0.569548872180451
0.281015037593985 0.569548872180451
0.281015037593985 0.570488721804511
0.281954887218045 0.570488721804511
0.282894736842105 0.570488721804511
0.283834586466165 0.570488721804511
0.283834586466165 0.571428571428571
0.283834586466165 0.572368421052632
0.284774436090226 0.572368421052632
0.284774436090226 0.573308270676692
0.285714285714286 0.573308270676692
0.286654135338346 0.573308270676692
0.286654135338346 0.574248120300752
0.286654135338346 0.575187969924812
0.286654135338346 0.576127819548872
0.286654135338346 0.577067669172932
0.287593984962406 0.577067669172932
0.287593984962406 0.578007518796993
0.288533834586466 0.578007518796993
0.288533834586466 0.578947368421053
0.289473684210526 0.578947368421053
0.289473684210526 0.579887218045113
0.289473684210526 0.580827067669173
0.289473684210526 0.581766917293233
0.290413533834586 0.581766917293233
0.291353383458647 0.581766917293233
0.291353383458647 0.582706766917293
0.292293233082707 0.582706766917293
0.292293233082707 0.583646616541353
0.292293233082707 0.584586466165414
0.292293233082707 0.585526315789474
0.292293233082707 0.586466165413534
0.293233082706767 0.586466165413534
0.294172932330827 0.586466165413534
0.294172932330827 0.587406015037594
0.294172932330827 0.588345864661654
0.295112781954887 0.589285714285714
0.296052631578947 0.589285714285714
0.296052631578947 0.590225563909774
0.296992481203008 0.590225563909774
0.296992481203008 0.591165413533835
0.296992481203008 0.592105263157895
0.296992481203008 0.593045112781955
0.296992481203008 0.593984962406015
0.296992481203008 0.594924812030075
0.296992481203008 0.595864661654135
0.297932330827068 0.595864661654135
0.298872180451128 0.595864661654135
0.298872180451128 0.596804511278195
0.298872180451128 0.597744360902256
0.299812030075188 0.597744360902256
0.300751879699248 0.597744360902256
0.300751879699248 0.598684210526316
0.300751879699248 0.599624060150376
0.300751879699248 0.600563909774436
0.300751879699248 0.601503759398496
0.300751879699248 0.602443609022556
0.301691729323308 0.602443609022556
0.301691729323308 0.603383458646617
0.302631578947368 0.603383458646617
0.303571428571429 0.603383458646617
0.304511278195489 0.603383458646617
0.305451127819549 0.603383458646617
0.305451127819549 0.604323308270677
0.306390977443609 0.604323308270677
0.306390977443609 0.605263157894737
0.306390977443609 0.606203007518797
0.306390977443609 0.607142857142857
0.307330827067669 0.607142857142857
0.308270676691729 0.607142857142857
0.308270676691729 0.608082706766917
0.308270676691729 0.609022556390977
0.308270676691729 0.609962406015038
0.308270676691729 0.610902255639098
0.309210526315789 0.610902255639098
0.309210526315789 0.611842105263158
0.309210526315789 0.612781954887218
0.31015037593985 0.612781954887218
0.31015037593985 0.613721804511278
0.31015037593985 0.614661654135338
0.31109022556391 0.614661654135338
0.31109022556391 0.615601503759398
0.31203007518797 0.615601503759398
0.31203007518797 0.616541353383459
0.31296992481203 0.616541353383459
0.31296992481203 0.617481203007519
0.31390977443609 0.617481203007519
0.31390977443609 0.618421052631579
0.31390977443609 0.619360902255639
0.31390977443609 0.620300751879699
0.31484962406015 0.620300751879699
0.31484962406015 0.621240601503759
0.31484962406015 0.62218045112782
0.315789473684211 0.62218045112782
0.316729323308271 0.62218045112782
0.317669172932331 0.62218045112782
0.317669172932331 0.62312030075188
0.317669172932331 0.62406015037594
0.318609022556391 0.62406015037594
0.319548872180451 0.62406015037594
0.320488721804511 0.62406015037594
0.321428571428571 0.62406015037594
0.321428571428571 0.625
0.321428571428571 0.62593984962406
0.322368421052632 0.62593984962406
0.322368421052632 0.62687969924812
0.323308270676692 0.62687969924812
0.323308270676692 0.62781954887218
0.324248120300752 0.62781954887218
0.324248120300752 0.628759398496241
0.325187969924812 0.628759398496241
0.325187969924812 0.629699248120301
0.325187969924812 0.630639097744361
0.325187969924812 0.631578947368421
0.325187969924812 0.632518796992481
0.325187969924812 0.633458646616541
0.325187969924812 0.634398496240602
0.325187969924812 0.635338345864662
0.326127819548872 0.635338345864662
0.327067669172932 0.635338345864662
0.328007518796992 0.635338345864662
0.328007518796992 0.636278195488722
0.328947368421053 0.636278195488722
0.329887218045113 0.636278195488722
0.329887218045113 0.637218045112782
0.330827067669173 0.637218045112782
0.331766917293233 0.637218045112782
0.331766917293233 0.638157894736842
0.331766917293233 0.639097744360902
0.331766917293233 0.640037593984962
0.331766917293233 0.640977443609023
0.332706766917293 0.640977443609023
0.333646616541353 0.640977443609023
0.333646616541353 0.641917293233083
0.333646616541353 0.642857142857143
0.333646616541353 0.643796992481203
0.333646616541353 0.644736842105263
0.334586466165414 0.644736842105263
0.334586466165414 0.645676691729323
0.334586466165414 0.646616541353383
0.334586466165414 0.647556390977444
0.334586466165414 0.648496240601504
0.335526315789474 0.648496240601504
0.336466165413534 0.648496240601504
0.337406015037594 0.648496240601504
0.338345864661654 0.648496240601504
0.339285714285714 0.648496240601504
0.339285714285714 0.649436090225564
0.340225563909774 0.649436090225564
0.340225563909774 0.650375939849624
0.340225563909774 0.651315789473684
0.341165413533835 0.651315789473684
0.341165413533835 0.652255639097744
0.341165413533835 0.653195488721805
0.342105263157895 0.653195488721805
0.343045112781955 0.653195488721805
0.343045112781955 0.654135338345865
0.343045112781955 0.655075187969925
0.343984962406015 0.655075187969925
0.344924812030075 0.655075187969925
0.345864661654135 0.655075187969925
0.345864661654135 0.656015037593985
0.346804511278196 0.656015037593985
0.347744360902256 0.656015037593985
0.348684210526316 0.656015037593985
0.348684210526316 0.656954887218045
0.349624060150376 0.656954887218045
0.349624060150376 0.657894736842105
0.349624060150376 0.658834586466165
0.349624060150376 0.659774436090226
0.349624060150376 0.660714285714286
0.349624060150376 0.661654135338346
0.349624060150376 0.662593984962406
0.350563909774436 0.662593984962406
0.351503759398496 0.662593984962406
0.352443609022556 0.662593984962406
0.353383458646617 0.662593984962406
0.353383458646617 0.663533834586466
0.353383458646617 0.664473684210526
0.354323308270677 0.664473684210526
0.355263157894737 0.664473684210526
0.355263157894737 0.665413533834586
0.356203007518797 0.665413533834586
0.357142857142857 0.665413533834586
0.357142857142857 0.666353383458647
0.357142857142857 0.667293233082707
0.357142857142857 0.668233082706767
0.358082706766917 0.668233082706767
0.359022556390977 0.668233082706767
0.359962406015038 0.668233082706767
0.359962406015038 0.669172932330827
0.359962406015038 0.670112781954887
0.359962406015038 0.671052631578947
0.360902255639098 0.671052631578947
0.361842105263158 0.671052631578947
0.361842105263158 0.671992481203007
0.361842105263158 0.672932330827068
0.362781954887218 0.672932330827068
0.362781954887218 0.673872180451128
0.363721804511278 0.673872180451128
0.364661654135338 0.673872180451128
0.365601503759398 0.673872180451128
0.365601503759398 0.674812030075188
0.365601503759398 0.675751879699248
0.366541353383459 0.675751879699248
0.367481203007519 0.675751879699248
0.367481203007519 0.676691729323308
0.368421052631579 0.676691729323308
0.369360902255639 0.676691729323308
0.370300751879699 0.676691729323308
0.371240601503759 0.676691729323308
0.37218045112782 0.676691729323308
0.37312030075188 0.676691729323308
0.37406015037594 0.676691729323308
0.37406015037594 0.677631578947368
0.37406015037594 0.678571428571429
0.375 0.678571428571429
0.37593984962406 0.678571428571429
0.37687969924812 0.678571428571429
0.37687969924812 0.679511278195489
0.37687969924812 0.680451127819549
0.37687969924812 0.681390977443609
0.37687969924812 0.682330827067669
0.37687969924812 0.683270676691729
0.37781954887218 0.683270676691729
0.378759398496241 0.683270676691729
0.378759398496241 0.684210526315789
0.379699248120301 0.684210526315789
0.380639097744361 0.684210526315789
0.381578947368421 0.684210526315789
0.382518796992481 0.684210526315789
0.382518796992481 0.68515037593985
0.383458646616541 0.68515037593985
0.383458646616541 0.68609022556391
0.383458646616541 0.68703007518797
0.384398496240602 0.68703007518797
0.385338345864662 0.68703007518797
0.386278195488722 0.68703007518797
0.386278195488722 0.68796992481203
0.386278195488722 0.68890977443609
0.387218045112782 0.68890977443609
0.387218045112782 0.68984962406015
0.387218045112782 0.690789473684211
0.387218045112782 0.691729323308271
0.387218045112782 0.692669172932331
0.388157894736842 0.692669172932331
0.389097744360902 0.692669172932331
0.390037593984962 0.692669172932331
0.390037593984962 0.693609022556391
0.390977443609023 0.693609022556391
0.390977443609023 0.694548872180451
0.390977443609023 0.695488721804511
0.391917293233083 0.695488721804511
0.392857142857143 0.695488721804511
0.393796992481203 0.695488721804511
0.394736842105263 0.695488721804511
0.394736842105263 0.696428571428571
0.394736842105263 0.697368421052632
0.395676691729323 0.697368421052632
0.395676691729323 0.698308270676692
0.396616541353383 0.698308270676692
0.397556390977444 0.698308270676692
0.398496240601504 0.699248120300752
0.398496240601504 0.700187969924812
0.398496240601504 0.701127819548872
0.399436090225564 0.701127819548872
0.399436090225564 0.702067669172932
0.400375939849624 0.702067669172932
0.401315789473684 0.702067669172932
0.402255639097744 0.702067669172932
0.402255639097744 0.703007518796993
0.403195488721804 0.703007518796993
0.403195488721804 0.703947368421053
0.403195488721804 0.704887218045113
0.404135338345865 0.704887218045113
0.405075187969925 0.704887218045113
0.406015037593985 0.704887218045113
0.406954887218045 0.704887218045113
0.407894736842105 0.704887218045113
0.407894736842105 0.705827067669173
0.408834586466165 0.705827067669173
0.408834586466165 0.706766917293233
0.409774436090226 0.706766917293233
0.409774436090226 0.707706766917293
0.410714285714286 0.707706766917293
0.411654135338346 0.707706766917293
0.411654135338346 0.708646616541353
0.411654135338346 0.709586466165414
0.412593984962406 0.709586466165414
0.412593984962406 0.710526315789474
0.413533834586466 0.710526315789474
0.414473684210526 0.710526315789474
0.414473684210526 0.711466165413534
0.415413533834586 0.711466165413534
0.415413533834586 0.712406015037594
0.416353383458647 0.712406015037594
0.417293233082707 0.712406015037594
0.418233082706767 0.712406015037594
0.418233082706767 0.713345864661654
0.419172932330827 0.713345864661654
0.419172932330827 0.714285714285714
0.419172932330827 0.715225563909774
0.419172932330827 0.716165413533835
0.420112781954887 0.716165413533835
0.420112781954887 0.717105263157895
0.420112781954887 0.718045112781955
0.421052631578947 0.718045112781955
0.421052631578947 0.718984962406015
0.421992481203008 0.718984962406015
0.422932330827068 0.718984962406015
0.423872180451128 0.718984962406015
0.423872180451128 0.719924812030075
0.423872180451128 0.720864661654135
0.424812030075188 0.720864661654135
0.425751879699248 0.720864661654135
0.426691729323308 0.720864661654135
0.426691729323308 0.721804511278195
0.427631578947368 0.721804511278195
0.427631578947368 0.722744360902256
0.428571428571429 0.722744360902256
0.429511278195489 0.722744360902256
0.430451127819549 0.722744360902256
0.431390977443609 0.722744360902256
0.431390977443609 0.723684210526316
0.431390977443609 0.724624060150376
0.432330827067669 0.724624060150376
0.432330827067669 0.725563909774436
0.432330827067669 0.726503759398496
0.432330827067669 0.727443609022556
0.433270676691729 0.727443609022556
0.433270676691729 0.728383458646617
0.434210526315789 0.728383458646617
0.434210526315789 0.729323308270677
0.43515037593985 0.729323308270677
0.43609022556391 0.729323308270677
0.43609022556391 0.730263157894737
0.43703007518797 0.730263157894737
0.43796992481203 0.730263157894737
0.43890977443609 0.730263157894737
0.43890977443609 0.731203007518797
0.43984962406015 0.731203007518797
0.43984962406015 0.732142857142857
0.43984962406015 0.733082706766917
0.43984962406015 0.734022556390977
0.440789473684211 0.734022556390977
0.441729323308271 0.734022556390977
0.441729323308271 0.734962406015038
0.442669172932331 0.734962406015038
0.443609022556391 0.734962406015038
0.443609022556391 0.735902255639098
0.444548872180451 0.735902255639098
0.444548872180451 0.736842105263158
0.444548872180451 0.737781954887218
0.444548872180451 0.738721804511278
0.445488721804511 0.738721804511278
0.446428571428571 0.738721804511278
0.447368421052632 0.738721804511278
0.448308270676692 0.738721804511278
0.449248120300752 0.738721804511278
0.450187969924812 0.738721804511278
0.451127819548872 0.738721804511278
0.452067669172932 0.738721804511278
0.452067669172932 0.739661654135338
0.453007518796992 0.739661654135338
0.453947368421053 0.739661654135338
0.453947368421053 0.740601503759398
0.454887218045113 0.740601503759398
0.454887218045113 0.741541353383459
0.455827067669173 0.741541353383459
0.455827067669173 0.742481203007519
0.456766917293233 0.742481203007519
0.456766917293233 0.743421052631579
0.456766917293233 0.744360902255639
0.457706766917293 0.744360902255639
0.458646616541353 0.744360902255639
0.459586466165414 0.744360902255639
0.460526315789474 0.744360902255639
0.460526315789474 0.745300751879699
0.460526315789474 0.746240601503759
0.460526315789474 0.74718045112782
0.460526315789474 0.74812030075188
0.460526315789474 0.74906015037594
0.461466165413534 0.74906015037594
0.462406015037594 0.74906015037594
0.463345864661654 0.74906015037594
0.464285714285714 0.74906015037594
0.464285714285714 0.75
0.465225563909774 0.75
0.466165413533835 0.75
0.467105263157895 0.75
0.468045112781955 0.75
0.468984962406015 0.75
0.468984962406015 0.75093984962406
0.468984962406015 0.75187969924812
0.469924812030075 0.75187969924812
0.469924812030075 0.75281954887218
0.470864661654135 0.75281954887218
0.471804511278196 0.75281954887218
0.472744360902256 0.75281954887218
0.472744360902256 0.753759398496241
0.473684210526316 0.753759398496241
0.474624060150376 0.753759398496241
0.474624060150376 0.754699248120301
0.475563909774436 0.754699248120301
0.476503759398496 0.754699248120301
0.477443609022556 0.754699248120301
0.478383458646617 0.754699248120301
0.479323308270677 0.754699248120301
0.479323308270677 0.755639097744361
0.480263157894737 0.755639097744361
0.480263157894737 0.756578947368421
0.481203007518797 0.756578947368421
0.482142857142857 0.756578947368421
0.483082706766917 0.756578947368421
0.483082706766917 0.757518796992481
0.484022556390977 0.757518796992481
0.484022556390977 0.758458646616541
0.484022556390977 0.759398496240602
0.484962406015038 0.759398496240602
0.485902255639098 0.759398496240602
0.485902255639098 0.760338345864662
0.485902255639098 0.761278195488722
0.485902255639098 0.762218045112782
0.485902255639098 0.763157894736842
0.485902255639098 0.764097744360902
0.486842105263158 0.764097744360902
0.487781954887218 0.764097744360902
0.488721804511278 0.764097744360902
0.488721804511278 0.765037593984962
0.489661654135338 0.765037593984962
0.490601503759398 0.765037593984962
0.490601503759398 0.765977443609023
0.490601503759398 0.766917293233083
0.491541353383459 0.766917293233083
0.492481203007519 0.766917293233083
0.493421052631579 0.766917293233083
0.494360902255639 0.766917293233083
0.494360902255639 0.767857142857143
0.495300751879699 0.767857142857143
0.496240601503759 0.767857142857143
0.496240601503759 0.768796992481203
0.496240601503759 0.769736842105263
0.496240601503759 0.770676691729323
0.49718045112782 0.770676691729323
0.49906015037594 0.770676691729323
0.5 0.770676691729323
0.50093984962406 0.770676691729323
0.50093984962406 0.771616541353383
0.50187969924812 0.771616541353383
0.50281954887218 0.771616541353383
0.50281954887218 0.772556390977444
0.503759398496241 0.772556390977444
0.504699248120301 0.772556390977444
0.505639097744361 0.772556390977444
0.506578947368421 0.772556390977444
0.506578947368421 0.773496240601504
0.507518796992481 0.773496240601504
0.508458646616541 0.773496240601504
0.509398496240602 0.773496240601504
0.510338345864662 0.773496240601504
0.511278195488722 0.773496240601504
0.512218045112782 0.773496240601504
0.513157894736842 0.773496240601504
0.513157894736842 0.774436090225564
0.513157894736842 0.775375939849624
0.513157894736842 0.776315789473684
0.513157894736842 0.777255639097744
0.513157894736842 0.778195488721805
0.514097744360902 0.778195488721805
0.514097744360902 0.779135338345865
0.514097744360902 0.780075187969925
0.515037593984962 0.780075187969925
0.515977443609023 0.780075187969925
0.516917293233083 0.780075187969925
0.517857142857143 0.780075187969925
0.518796992481203 0.780075187969925
0.519736842105263 0.780075187969925
0.520676691729323 0.780075187969925
0.521616541353383 0.780075187969925
0.521616541353383 0.781015037593985
0.522556390977444 0.781015037593985
0.522556390977444 0.781954887218045
0.523496240601504 0.781954887218045
0.523496240601504 0.782894736842105
0.524436090225564 0.782894736842105
0.525375939849624 0.782894736842105
0.526315789473684 0.782894736842105
0.526315789473684 0.783834586466165
0.527255639097744 0.783834586466165
0.528195488721805 0.783834586466165
0.529135338345865 0.783834586466165
0.530075187969925 0.783834586466165
0.530075187969925 0.784774436090226
0.531015037593985 0.784774436090226
0.531954887218045 0.784774436090226
0.532894736842105 0.784774436090226
0.533834586466165 0.784774436090226
0.533834586466165 0.785714285714286
0.534774436090226 0.785714285714286
0.534774436090226 0.786654135338346
0.534774436090226 0.787593984962406
0.534774436090226 0.788533834586466
0.535714285714286 0.788533834586466
0.536654135338346 0.788533834586466
0.536654135338346 0.789473684210526
0.537593984962406 0.789473684210526
0.538533834586466 0.789473684210526
0.538533834586466 0.790413533834586
0.539473684210526 0.790413533834586
0.539473684210526 0.791353383458647
0.540413533834586 0.791353383458647
0.540413533834586 0.792293233082707
0.540413533834586 0.793233082706767
0.540413533834586 0.794172932330827
0.541353383458647 0.794172932330827
0.541353383458647 0.796052631578947
0.541353383458647 0.796992481203007
0.541353383458647 0.797932330827068
0.541353383458647 0.798872180451128
0.542293233082707 0.798872180451128
0.543233082706767 0.798872180451128
0.543233082706767 0.799812030075188
0.543233082706767 0.800751879699248
0.544172932330827 0.800751879699248
0.545112781954887 0.800751879699248
0.546052631578947 0.800751879699248
0.546052631578947 0.801691729323308
0.546052631578947 0.802631578947368
0.546992481203007 0.802631578947368
0.546992481203007 0.803571428571429
0.546992481203007 0.804511278195489
0.546992481203007 0.805451127819549
0.547932330827068 0.805451127819549
0.548872180451128 0.805451127819549
0.549812030075188 0.805451127819549
0.550751879699248 0.805451127819549
0.551691729323308 0.805451127819549
0.552631578947368 0.805451127819549
0.553571428571429 0.805451127819549
0.554511278195489 0.805451127819549
0.555451127819549 0.805451127819549
0.556390977443609 0.805451127819549
0.556390977443609 0.806390977443609
0.557330827067669 0.806390977443609
0.557330827067669 0.807330827067669
0.557330827067669 0.808270676691729
0.557330827067669 0.809210526315789
0.558270676691729 0.809210526315789
0.558270676691729 0.81015037593985
0.559210526315789 0.81015037593985
0.559210526315789 0.81109022556391
0.56015037593985 0.81109022556391
0.56015037593985 0.81203007518797
0.56015037593985 0.81296992481203
0.56109022556391 0.81296992481203
0.56203007518797 0.81296992481203
0.56203007518797 0.81390977443609
0.56203007518797 0.81484962406015
0.56296992481203 0.81484962406015
0.56296992481203 0.815789473684211
0.56296992481203 0.816729323308271
0.56390977443609 0.816729323308271
0.56390977443609 0.817669172932331
0.56484962406015 0.817669172932331
0.56484962406015 0.818609022556391
0.56484962406015 0.819548872180451
0.565789473684211 0.819548872180451
0.566729323308271 0.819548872180451
0.567669172932331 0.819548872180451
0.568609022556391 0.819548872180451
0.569548872180451 0.819548872180451
0.570488721804511 0.819548872180451
0.571428571428571 0.819548872180451
0.572368421052632 0.819548872180451
0.573308270676692 0.819548872180451
0.574248120300752 0.819548872180451
0.575187969924812 0.819548872180451
0.575187969924812 0.820488721804511
0.575187969924812 0.821428571428571
0.575187969924812 0.822368421052632
0.576127819548872 0.822368421052632
0.577067669172932 0.822368421052632
0.578007518796993 0.822368421052632
0.578007518796993 0.823308270676692
0.578007518796993 0.824248120300752
0.578007518796993 0.825187969924812
0.578947368421053 0.825187969924812
0.579887218045113 0.825187969924812
0.579887218045113 0.826127819548872
0.580827067669173 0.826127819548872
0.581766917293233 0.826127819548872
0.582706766917293 0.826127819548872
0.582706766917293 0.827067669172932
0.583646616541353 0.827067669172932
0.584586466165414 0.827067669172932
0.585526315789474 0.827067669172932
0.586466165413534 0.827067669172932
0.586466165413534 0.828007518796993
0.586466165413534 0.828947368421053
0.586466165413534 0.829887218045113
0.586466165413534 0.830827067669173
0.587406015037594 0.830827067669173
0.588345864661654 0.830827067669173
0.589285714285714 0.830827067669173
0.589285714285714 0.831766917293233
0.590225563909774 0.831766917293233
0.590225563909774 0.832706766917293
0.591165413533835 0.832706766917293
0.592105263157895 0.832706766917293
0.593045112781955 0.832706766917293
0.593984962406015 0.832706766917293
0.593984962406015 0.833646616541353
0.594924812030075 0.833646616541353
0.595864661654135 0.833646616541353
0.596804511278195 0.833646616541353
0.596804511278195 0.834586466165414
0.596804511278195 0.835526315789474
0.597744360902256 0.835526315789474
0.597744360902256 0.836466165413534
0.597744360902256 0.837406015037594
0.597744360902256 0.838345864661654
0.598684210526316 0.838345864661654
0.599624060150376 0.838345864661654
0.599624060150376 0.839285714285714
0.600563909774436 0.839285714285714
0.601503759398496 0.839285714285714
0.602443609022556 0.839285714285714
0.603383458646617 0.839285714285714
0.603383458646617 0.840225563909774
0.603383458646617 0.841165413533835
0.603383458646617 0.842105263157895
0.604323308270677 0.842105263157895
0.605263157894737 0.842105263157895
0.606203007518797 0.842105263157895
0.606203007518797 0.843045112781955
0.606203007518797 0.843984962406015
0.607142857142857 0.843984962406015
0.608082706766917 0.843984962406015
0.609022556390977 0.843984962406015
0.609022556390977 0.844924812030075
0.609022556390977 0.845864661654135
0.609962406015038 0.845864661654135
0.609962406015038 0.846804511278195
0.610902255639098 0.846804511278195
0.611842105263158 0.846804511278195
0.612781954887218 0.846804511278195
0.613721804511278 0.846804511278195
0.613721804511278 0.847744360902256
0.614661654135338 0.847744360902256
0.614661654135338 0.848684210526316
0.614661654135338 0.849624060150376
0.614661654135338 0.850563909774436
0.614661654135338 0.851503759398496
0.615601503759398 0.851503759398496
0.615601503759398 0.852443609022556
0.616541353383459 0.852443609022556
0.616541353383459 0.853383458646617
0.616541353383459 0.854323308270677
0.616541353383459 0.855263157894737
0.617481203007519 0.855263157894737
0.618421052631579 0.855263157894737
0.619360902255639 0.855263157894737
0.619360902255639 0.856203007518797
0.620300751879699 0.856203007518797
0.621240601503759 0.856203007518797
0.621240601503759 0.857142857142857
0.621240601503759 0.858082706766917
0.62218045112782 0.858082706766917
0.62312030075188 0.858082706766917
0.62312030075188 0.859022556390977
0.62312030075188 0.859962406015038
0.62406015037594 0.859962406015038
0.62406015037594 0.860902255639098
0.62406015037594 0.861842105263158
0.625 0.861842105263158
0.625 0.862781954887218
0.62593984962406 0.862781954887218
0.62593984962406 0.863721804511278
0.62687969924812 0.863721804511278
0.62781954887218 0.863721804511278
0.62781954887218 0.864661654135338
0.62781954887218 0.865601503759398
0.62781954887218 0.866541353383459
0.628759398496241 0.866541353383459
0.629699248120301 0.866541353383459
0.630639097744361 0.866541353383459
0.630639097744361 0.867481203007519
0.630639097744361 0.868421052631579
0.631578947368421 0.868421052631579
0.632518796992481 0.868421052631579
0.632518796992481 0.869360902255639
0.632518796992481 0.870300751879699
0.633458646616541 0.870300751879699
0.634398496240602 0.870300751879699
0.634398496240602 0.871240601503759
0.634398496240602 0.87218045112782
0.634398496240602 0.87312030075188
0.634398496240602 0.87406015037594
0.635338345864662 0.87406015037594
0.636278195488722 0.87406015037594
0.637218045112782 0.87406015037594
0.638157894736842 0.87406015037594
0.639097744360902 0.87406015037594
0.639097744360902 0.875
0.640037593984962 0.875
0.640977443609023 0.875
0.641917293233083 0.875
0.642857142857143 0.875
0.643796992481203 0.875
0.644736842105263 0.875
0.645676691729323 0.875
0.645676691729323 0.87593984962406
0.646616541353383 0.87593984962406
0.646616541353383 0.87687969924812
0.647556390977444 0.87687969924812
0.648496240601504 0.87687969924812
0.649436090225564 0.87687969924812
0.650375939849624 0.87687969924812
0.651315789473684 0.87687969924812
0.652255639097744 0.87687969924812
0.653195488721805 0.87687969924812
0.654135338345865 0.87687969924812
0.655075187969925 0.87687969924812
0.656015037593985 0.87687969924812
0.656954887218045 0.87687969924812
0.657894736842105 0.87687969924812
0.658834586466165 0.87687969924812
0.658834586466165 0.87781954887218
0.659774436090226 0.87781954887218
0.659774436090226 0.878759398496241
0.660714285714286 0.878759398496241
0.660714285714286 0.879699248120301
0.661654135338346 0.879699248120301
0.662593984962406 0.879699248120301
0.662593984962406 0.880639097744361
0.663533834586466 0.880639097744361
0.664473684210526 0.880639097744361
0.665413533834586 0.880639097744361
0.666353383458647 0.880639097744361
0.666353383458647 0.881578947368421
0.667293233082707 0.881578947368421
0.668233082706767 0.881578947368421
0.669172932330827 0.881578947368421
0.669172932330827 0.882518796992481
0.669172932330827 0.883458646616541
0.669172932330827 0.884398496240602
0.670112781954887 0.884398496240602
0.670112781954887 0.885338345864662
0.671052631578947 0.885338345864662
0.671992481203007 0.886278195488722
0.671992481203007 0.887218045112782
0.672932330827068 0.887218045112782
0.673872180451128 0.887218045112782
0.674812030075188 0.887218045112782
0.675751879699248 0.887218045112782
0.676691729323308 0.887218045112782
0.677631578947368 0.887218045112782
0.677631578947368 0.888157894736842
0.678571428571429 0.888157894736842
0.678571428571429 0.889097744360902
0.678571428571429 0.890037593984962
0.678571428571429 0.890977443609023
0.679511278195489 0.890977443609023
0.679511278195489 0.891917293233083
0.679511278195489 0.892857142857143
0.680451127819549 0.892857142857143
0.681390977443609 0.892857142857143
0.682330827067669 0.892857142857143
0.683270676691729 0.892857142857143
0.684210526315789 0.892857142857143
0.684210526315789 0.893796992481203
0.684210526315789 0.894736842105263
0.684210526315789 0.895676691729323
0.68515037593985 0.895676691729323
0.68515037593985 0.896616541353383
0.68609022556391 0.896616541353383
0.68703007518797 0.896616541353383
0.68796992481203 0.896616541353383
0.68796992481203 0.897556390977444
0.68796992481203 0.898496240601504
0.68796992481203 0.899436090225564
0.68796992481203 0.900375939849624
0.68890977443609 0.900375939849624
0.68890977443609 0.901315789473684
0.68890977443609 0.902255639097744
0.68890977443609 0.903195488721805
0.68890977443609 0.904135338345865
0.68890977443609 0.905075187969925
0.68984962406015 0.905075187969925
0.690789473684211 0.905075187969925
0.690789473684211 0.906015037593985
0.690789473684211 0.906954887218045
0.691729323308271 0.906954887218045
0.691729323308271 0.907894736842105
0.692669172932331 0.907894736842105
0.693609022556391 0.907894736842105
0.694548872180451 0.907894736842105
0.695488721804511 0.907894736842105
0.696428571428571 0.907894736842105
0.696428571428571 0.908834586466165
0.697368421052632 0.908834586466165
0.697368421052632 0.909774436090226
0.697368421052632 0.910714285714286
0.698308270676692 0.910714285714286
0.699248120300752 0.910714285714286
0.700187969924812 0.910714285714286
0.701127819548872 0.910714285714286
0.702067669172932 0.910714285714286
0.703007518796993 0.910714285714286
0.703947368421053 0.910714285714286
0.704887218045113 0.910714285714286
0.705827067669173 0.910714285714286
0.706766917293233 0.910714285714286
0.707706766917293 0.910714285714286
0.708646616541353 0.910714285714286
0.709586466165414 0.910714285714286
0.710526315789474 0.910714285714286
0.711466165413534 0.910714285714286
0.711466165413534 0.911654135338346
0.712406015037594 0.911654135338346
0.713345864661654 0.911654135338346
0.714285714285714 0.911654135338346
0.715225563909774 0.911654135338346
0.716165413533835 0.911654135338346
0.717105263157895 0.911654135338346
0.717105263157895 0.912593984962406
0.718045112781955 0.912593984962406
0.718045112781955 0.913533834586466
0.718984962406015 0.913533834586466
0.719924812030075 0.913533834586466
0.720864661654135 0.913533834586466
0.720864661654135 0.914473684210526
0.721804511278195 0.914473684210526
0.721804511278195 0.915413533834586
0.721804511278195 0.916353383458647
0.722744360902256 0.916353383458647
0.722744360902256 0.917293233082707
0.723684210526316 0.917293233082707
0.724624060150376 0.917293233082707
0.725563909774436 0.917293233082707
0.725563909774436 0.918233082706767
0.726503759398496 0.918233082706767
0.727443609022556 0.918233082706767
0.727443609022556 0.919172932330827
0.728383458646617 0.919172932330827
0.729323308270677 0.919172932330827
0.729323308270677 0.920112781954887
0.730263157894737 0.920112781954887
0.731203007518797 0.920112781954887
0.731203007518797 0.921052631578947
0.731203007518797 0.921992481203007
0.732142857142857 0.921992481203007
0.733082706766917 0.921992481203007
0.733082706766917 0.922932330827068
0.733082706766917 0.923872180451128
0.734022556390977 0.923872180451128
0.734962406015038 0.923872180451128
0.735902255639098 0.923872180451128
0.736842105263158 0.923872180451128
0.737781954887218 0.923872180451128
0.738721804511278 0.923872180451128
0.738721804511278 0.924812030075188
0.739661654135338 0.924812030075188
0.740601503759398 0.924812030075188
0.741541353383459 0.924812030075188
0.742481203007519 0.924812030075188
0.742481203007519 0.925751879699248
0.743421052631579 0.925751879699248
0.743421052631579 0.926691729323308
0.744360902255639 0.926691729323308
0.745300751879699 0.926691729323308
0.746240601503759 0.926691729323308
0.74718045112782 0.926691729323308
0.74812030075188 0.926691729323308
0.74812030075188 0.927631578947368
0.74812030075188 0.928571428571429
0.74906015037594 0.928571428571429
0.74906015037594 0.929511278195489
0.74906015037594 0.930451127819549
0.74906015037594 0.931390977443609
0.75 0.931390977443609
0.75093984962406 0.931390977443609
0.75187969924812 0.931390977443609
0.75187969924812 0.932330827067669
0.75281954887218 0.932330827067669
0.753759398496241 0.932330827067669
0.754699248120301 0.932330827067669
0.755639097744361 0.932330827067669
0.756578947368421 0.932330827067669
0.757518796992481 0.933270676691729
0.757518796992481 0.934210526315789
0.758458646616541 0.934210526315789
0.760338345864662 0.934210526315789
0.760338345864662 0.93515037593985
0.761278195488722 0.93515037593985
0.762218045112782 0.93515037593985
0.763157894736842 0.93515037593985
0.764097744360902 0.93515037593985
0.765037593984962 0.93515037593985
0.765977443609023 0.93515037593985
0.765977443609023 0.93609022556391
0.766917293233083 0.93609022556391
0.766917293233083 0.93703007518797
0.766917293233083 0.93796992481203
0.766917293233083 0.93890977443609
0.767857142857143 0.93890977443609
0.767857142857143 0.93984962406015
0.768796992481203 0.93984962406015
0.768796992481203 0.940789473684211
0.769736842105263 0.940789473684211
0.770676691729323 0.940789473684211
0.771616541353383 0.940789473684211
0.771616541353383 0.941729323308271
0.772556390977444 0.941729323308271
0.773496240601504 0.941729323308271
0.773496240601504 0.942669172932331
0.774436090225564 0.942669172932331
0.775375939849624 0.942669172932331
0.775375939849624 0.943609022556391
0.776315789473684 0.943609022556391
0.777255639097744 0.943609022556391
0.778195488721805 0.943609022556391
0.778195488721805 0.944548872180451
0.779135338345865 0.944548872180451
0.779135338345865 0.945488721804511
0.780075187969925 0.945488721804511
0.781015037593985 0.945488721804511
0.781954887218045 0.945488721804511
0.782894736842105 0.945488721804511
0.782894736842105 0.946428571428571
0.782894736842105 0.947368421052632
0.782894736842105 0.948308270676692
0.783834586466165 0.948308270676692
0.784774436090226 0.948308270676692
0.785714285714286 0.948308270676692
0.785714285714286 0.949248120300752
0.785714285714286 0.950187969924812
0.785714285714286 0.951127819548872
0.786654135338346 0.951127819548872
0.786654135338346 0.952067669172932
0.787593984962406 0.952067669172932
0.788533834586466 0.952067669172932
0.789473684210526 0.952067669172932
0.789473684210526 0.953007518796993
0.790413533834586 0.953007518796993
0.791353383458647 0.953007518796993
0.792293233082707 0.953007518796993
0.793233082706767 0.953007518796993
0.794172932330827 0.953007518796993
0.795112781954887 0.953007518796993
0.795112781954887 0.953947368421053
0.796052631578947 0.953947368421053
0.796992481203007 0.953947368421053
0.797932330827068 0.953947368421053
0.798872180451128 0.953947368421053
0.799812030075188 0.953947368421053
0.800751879699248 0.953947368421053
0.801691729323308 0.953947368421053
0.802631578947368 0.953947368421053
0.802631578947368 0.954887218045113
0.803571428571429 0.954887218045113
0.804511278195489 0.954887218045113
0.805451127819549 0.954887218045113
0.806390977443609 0.954887218045113
0.807330827067669 0.954887218045113
0.808270676691729 0.954887218045113
0.808270676691729 0.955827067669173
0.808270676691729 0.956766917293233
0.809210526315789 0.956766917293233
0.81015037593985 0.956766917293233
0.81109022556391 0.956766917293233
0.81109022556391 0.957706766917293
0.81203007518797 0.957706766917293
0.81203007518797 0.958646616541353
0.81203007518797 0.959586466165414
0.81296992481203 0.959586466165414
0.81390977443609 0.959586466165414
0.81484962406015 0.959586466165414
0.81484962406015 0.960526315789474
0.815789473684211 0.960526315789474
0.815789473684211 0.961466165413534
0.816729323308271 0.961466165413534
0.817669172932331 0.961466165413534
0.818609022556391 0.961466165413534
0.820488721804511 0.961466165413534
0.820488721804511 0.962406015037594
0.821428571428571 0.962406015037594
0.822368421052632 0.962406015037594
0.822368421052632 0.963345864661654
0.823308270676692 0.963345864661654
0.824248120300752 0.963345864661654
0.825187969924812 0.963345864661654
0.826127819548872 0.963345864661654
0.826127819548872 0.964285714285714
0.827067669172932 0.964285714285714
0.828007518796993 0.964285714285714
0.828947368421053 0.964285714285714
0.828947368421053 0.965225563909774
0.829887218045113 0.965225563909774
0.830827067669173 0.965225563909774
0.831766917293233 0.965225563909774
0.832706766917293 0.965225563909774
0.833646616541353 0.965225563909774
0.833646616541353 0.966165413533835
0.834586466165414 0.966165413533835
0.834586466165414 0.967105263157895
0.834586466165414 0.968045112781955
0.835526315789474 0.968045112781955
0.836466165413534 0.968045112781955
0.836466165413534 0.968984962406015
0.837406015037594 0.968984962406015
0.838345864661654 0.968984962406015
0.839285714285714 0.968984962406015
0.840225563909774 0.968984962406015
0.841165413533835 0.968984962406015
0.842105263157895 0.968984962406015
0.843045112781955 0.968984962406015
0.843984962406015 0.968984962406015
0.844924812030075 0.968984962406015
0.845864661654135 0.968984962406015
0.846804511278195 0.968984962406015
0.847744360902256 0.968984962406015
0.848684210526316 0.968984962406015
0.849624060150376 0.968984962406015
0.849624060150376 0.969924812030075
0.850563909774436 0.969924812030075
0.851503759398496 0.969924812030075
0.852443609022556 0.969924812030075
0.852443609022556 0.970864661654135
0.852443609022556 0.971804511278195
0.853383458646617 0.971804511278195
0.853383458646617 0.972744360902256
0.853383458646617 0.973684210526316
0.853383458646617 0.974624060150376
0.854323308270677 0.974624060150376
0.855263157894737 0.974624060150376
0.856203007518797 0.974624060150376
0.857142857142857 0.974624060150376
0.858082706766917 0.974624060150376
0.859022556390977 0.974624060150376
0.859022556390977 0.975563909774436
0.859962406015038 0.975563909774436
0.860902255639098 0.975563909774436
0.861842105263158 0.975563909774436
0.862781954887218 0.975563909774436
0.863721804511278 0.975563909774436
0.864661654135338 0.975563909774436
0.866541353383459 0.975563909774436
0.867481203007519 0.975563909774436
0.868421052631579 0.975563909774436
0.869360902255639 0.975563909774436
0.870300751879699 0.975563909774436
0.871240601503759 0.975563909774436
0.87218045112782 0.975563909774436
0.87312030075188 0.975563909774436
0.87406015037594 0.975563909774436
0.875 0.975563909774436
0.87593984962406 0.975563909774436
0.87687969924812 0.975563909774436
0.87687969924812 0.976503759398496
0.87781954887218 0.976503759398496
0.878759398496241 0.976503759398496
0.879699248120301 0.976503759398496
0.880639097744361 0.976503759398496
0.881578947368421 0.976503759398496
0.881578947368421 0.977443609022556
0.881578947368421 0.978383458646617
0.881578947368421 0.979323308270677
0.882518796992481 0.979323308270677
0.882518796992481 0.980263157894737
0.883458646616541 0.980263157894737
0.884398496240602 0.980263157894737
0.885338345864662 0.980263157894737
0.885338345864662 0.981203007518797
0.886278195488722 0.981203007518797
0.887218045112782 0.981203007518797
0.887218045112782 0.982142857142857
0.888157894736842 0.982142857142857
0.889097744360902 0.982142857142857
0.890037593984962 0.982142857142857
0.890977443609023 0.982142857142857
0.891917293233083 0.982142857142857
0.892857142857143 0.982142857142857
0.893796992481203 0.982142857142857
0.894736842105263 0.982142857142857
0.895676691729323 0.982142857142857
0.896616541353383 0.982142857142857
0.897556390977444 0.982142857142857
0.897556390977444 0.983082706766917
0.898496240601504 0.983082706766917
0.899436090225564 0.983082706766917
0.900375939849624 0.983082706766917
0.900375939849624 0.984022556390977
0.901315789473684 0.984022556390977
0.902255639097744 0.984022556390977
0.903195488721805 0.984022556390977
0.904135338345865 0.984022556390977
0.905075187969925 0.984022556390977
0.906015037593985 0.984022556390977
0.906954887218045 0.984022556390977
0.907894736842105 0.984022556390977
0.907894736842105 0.984962406015038
0.909774436090226 0.984962406015038
0.910714285714286 0.984962406015038
0.911654135338346 0.984962406015038
0.911654135338346 0.985902255639098
0.912593984962406 0.985902255639098
0.912593984962406 0.986842105263158
0.913533834586466 0.986842105263158
0.914473684210526 0.986842105263158
0.915413533834586 0.986842105263158
0.916353383458647 0.986842105263158
0.917293233082707 0.986842105263158
0.918233082706767 0.986842105263158
0.919172932330827 0.986842105263158
0.920112781954887 0.986842105263158
0.921052631578947 0.986842105263158
0.921052631578947 0.987781954887218
0.921992481203007 0.987781954887218
0.922932330827068 0.987781954887218
0.923872180451128 0.987781954887218
0.924812030075188 0.987781954887218
0.925751879699248 0.987781954887218
0.926691729323308 0.987781954887218
0.927631578947368 0.987781954887218
0.927631578947368 0.988721804511278
0.928571428571429 0.988721804511278
0.928571428571429 0.989661654135338
0.929511278195489 0.989661654135338
0.930451127819549 0.989661654135338
0.931390977443609 0.989661654135338
0.932330827067669 0.989661654135338
0.933270676691729 0.989661654135338
0.934210526315789 0.989661654135338
0.93515037593985 0.989661654135338
0.93609022556391 0.989661654135338
0.93703007518797 0.989661654135338
0.93703007518797 0.990601503759398
0.93796992481203 0.990601503759398
0.93890977443609 0.990601503759398
0.93984962406015 0.990601503759398
0.940789473684211 0.990601503759398
0.941729323308271 0.990601503759398
0.942669172932331 0.990601503759398
0.943609022556391 0.990601503759398
0.944548872180451 0.990601503759398
0.945488721804511 0.990601503759398
0.946428571428571 0.990601503759398
0.947368421052632 0.990601503759398
0.948308270676692 0.990601503759398
0.949248120300752 0.990601503759398
0.950187969924812 0.990601503759398
0.951127819548872 0.990601503759398
0.952067669172932 0.990601503759398
0.953007518796993 0.990601503759398
0.953007518796993 0.991541353383459
0.953947368421053 0.991541353383459
0.953947368421053 0.992481203007519
0.955827067669173 0.992481203007519
0.956766917293233 0.992481203007519
0.957706766917293 0.992481203007519
0.958646616541353 0.992481203007519
0.959586466165414 0.992481203007519
0.960526315789474 0.992481203007519
0.961466165413534 0.992481203007519
0.962406015037594 0.992481203007519
0.963345864661654 0.992481203007519
0.964285714285714 0.992481203007519
0.965225563909774 0.992481203007519
0.965225563909774 0.993421052631579
0.966165413533835 0.993421052631579
0.967105263157895 0.993421052631579
0.968045112781955 0.993421052631579
0.968984962406015 0.993421052631579
0.969924812030075 0.993421052631579
0.970864661654135 0.993421052631579
0.971804511278195 0.993421052631579
0.972744360902256 0.993421052631579
0.973684210526316 0.993421052631579
0.974624060150376 0.993421052631579
0.975563909774436 0.993421052631579
0.975563909774436 0.994360902255639
0.976503759398496 0.994360902255639
0.977443609022556 0.994360902255639
0.978383458646617 0.994360902255639
0.979323308270677 0.994360902255639
0.979323308270677 0.995300751879699
0.980263157894737 0.995300751879699
0.981203007518797 0.995300751879699
0.982142857142857 0.995300751879699
0.983082706766917 0.995300751879699
0.984022556390977 0.995300751879699
0.984962406015038 0.995300751879699
0.984962406015038 0.996240601503759
0.985902255639098 0.996240601503759
0.986842105263158 0.996240601503759
0.987781954887218 0.996240601503759
0.987781954887218 0.99718045112782
0.988721804511278 0.99718045112782
0.989661654135338 0.99718045112782
0.990601503759398 0.99718045112782
0.991541353383459 0.99718045112782
0.991541353383459 0.99812030075188
0.992481203007519 0.99812030075188
0.993421052631579 0.99812030075188
0.994360902255639 0.99812030075188
0.995300751879699 0.99812030075188
0.996240601503759 0.99812030075188
0.99718045112782 0.99812030075188
0.99718045112782 0.99906015037594
0.99718045112782 1
0.99812030075188 1
0.99906015037594 1
1 1
