0 NA
0.00103950103950104 1
0.00207900207900208 1
0.00311850311850312 1
0.00415800415800416 1
0.0051975051975052 1
0.00623700623700624 1
0.00623700623700624 0.857142857142857
0.00727650727650728 0.875
0.00831600831600832 0.888888888888889
0.00935550935550936 0.9
0.0103950103950104 0.909090909090909
0.0114345114345114 0.916666666666667
0.0124740124740125 0.923076923076923
0.0135135135135135 0.928571428571429
0.0145530145530146 0.933333333333333
0.0145530145530146 0.875
0.0155925155925156 0.882352941176471
0.0166320166320166 0.888888888888889
0.0176715176715177 0.894736842105263
0.0187110187110187 0.9
0.0197505197505198 0.904761904761905
0.0207900207900208 0.909090909090909
0.0218295218295218 0.91304347826087
0.0228690228690229 0.916666666666667
0.0239085239085239 0.92
0.0249480249480249 0.923076923076923
0.025987525987526 0.925925925925926
0.027027027027027 0.928571428571429
0.0280665280665281 0.931034482758621
0.0280665280665281 0.9
0.0291060291060291 0.903225806451613
0.0291060291060291 0.875
0.0291060291060291 0.848484848484849
0.0301455301455301 0.852941176470588
0.0311850311850312 0.857142857142857
0.0322245322245322 0.861111111111111
0.0332640332640333 0.864864864864865
0.0343035343035343 0.868421052631579
0.0353430353430353 0.871794871794872
0.0363825363825364 0.875
0.0374220374220374 0.878048780487805
0.0384615384615385 0.880952380952381
0.0395010395010395 0.883720930232558
0.0405405405405405 0.886363636363636
0.0405405405405405 0.866666666666667
0.0405405405405405 0.847826086956522
0.0415800415800416 0.851063829787234
0.0426195426195426 0.854166666666667
0.0426195426195426 0.836734693877551
0.0436590436590437 0.84
0.0446985446985447 0.843137254901961
0.0457380457380457 0.846153846153846
0.0467775467775468 0.849056603773585
0.0478170478170478 0.851851851851852
0.0488565488565489 0.854545454545454
0.0498960498960499 0.857142857142857
0.0509355509355509 0.859649122807018
0.051975051975052 0.862068965517241
0.051975051975052 0.847457627118644
0.053014553014553 0.85
0.053014553014553 0.836065573770492
0.0540540540540541 0.838709677419355
0.0550935550935551 0.841269841269841
0.0561330561330561 0.84375
0.0561330561330561 0.830769230769231
0.0571725571725572 0.833333333333333
0.0582120582120582 0.835820895522388
0.0592515592515593 0.838235294117647
0.0602910602910603 0.840579710144927
0.0613305613305613 0.842857142857143
0.0623700623700624 0.845070422535211
0.0634095634095634 0.847222222222222
0.0644490644490645 0.849315068493151
0.0654885654885655 0.851351351351351
0.0654885654885655 0.84
0.0665280665280665 0.831168831168831
0.0665280665280665 0.82051282051282
0.0665280665280665 0.810126582278481
0.0675675675675676 0.8125
0.0686070686070686 0.814814814814815
0.0696465696465697 0.817073170731707
0.0706860706860707 0.819277108433735
0.0706860706860707 0.80952380952381
0.0717255717255717 0.811764705882353
0.0727650727650728 0.813953488372093
0.0738045738045738 0.816091954022989
0.0748440748440748 0.818181818181818
0.0758835758835759 0.820224719101124
0.0769230769230769 0.822222222222222
0.077962577962578 0.824175824175824
0.079002079002079 0.826086956521739
0.08004158004158 0.827956989247312
0.0810810810810811 0.829787234042553
0.0821205821205821 0.831578947368421
0.0831600831600832 0.833333333333333
0.0831600831600832 0.824742268041237
0.0841995841995842 0.826530612244898
0.0841995841995842 0.818181818181818
0.0841995841995842 0.81
0.0862785862785863 0.813725490196078
0.0873180873180873 0.815533980582524
0.0883575883575884 0.817307692307692
0.0883575883575884 0.80952380952381
0.0883575883575884 0.80188679245283
0.0893970893970894 0.803738317757009
0.0893970893970894 0.796296296296296
0.0904365904365904 0.798165137614679
0.0904365904365904 0.790909090909091
0.0914760914760915 0.792792792792793
0.0925155925155925 0.794642857142857
0.0935550935550936 0.79646017699115
0.0935550935550936 0.789473684210526
0.0945945945945946 0.791304347826087
0.0945945945945946 0.78448275862069
0.0956340956340956 0.786324786324786
0.0956340956340956 0.779661016949153
0.0956340956340956 0.773109243697479
0.0966735966735967 0.775
0.0977130977130977 0.776859504132231
0.0987525987525988 0.778688524590164
0.0997920997920998 0.780487804878049
0.100831600831601 0.782258064516129
0.100831600831601 0.776
0.101871101871102 0.777777777777778
0.102910602910603 0.779527559055118
0.103950103950104 0.78125
0.103950103950104 0.775193798449612
0.104989604989605 0.776923076923077
0.106029106029106 0.778625954198473
0.107068607068607 0.78030303030303
0.107068607068607 0.774436090225564
0.108108108108108 0.776119402985075
0.109147609147609 0.777777777777778
0.11018711018711 0.779411764705882
0.111226611226611 0.781021897810219
0.112266112266112 0.782608695652174
0.112266112266112 0.776978417266187
0.113305613305613 0.778571428571429
0.114345114345114 0.780141843971631
0.114345114345114 0.774647887323944
0.114345114345114 0.769230769230769
0.115384615384615 0.770833333333333
0.115384615384615 0.76551724137931
0.116424116424116 0.767123287671233
0.117463617463617 0.768707482993197
0.118503118503119 0.77027027027027
0.11954261954262 0.771812080536913
0.11954261954262 0.766666666666667
0.120582120582121 0.768211920529801
0.120582120582121 0.763157894736842
0.121621621621622 0.764705882352941
0.122661122661123 0.766233766233766
0.123700623700624 0.767741935483871
0.124740124740125 0.769230769230769
0.125779625779626 0.770700636942675
0.126819126819127 0.772151898734177
0.127858627858628 0.773584905660377
0.127858627858628 0.76875
0.128898128898129 0.770186335403727
0.12993762993763 0.771604938271605
0.12993762993763 0.766871165644172
0.12993762993763 0.76219512195122
0.130977130977131 0.763636363636364
0.132016632016632 0.765060240963855
0.132016632016632 0.760479041916168
0.132016632016632 0.755952380952381
0.133056133056133 0.757396449704142
0.134095634095634 0.758823529411765
0.135135135135135 0.760233918128655
0.136174636174636 0.761627906976744
0.137214137214137 0.763005780346821
0.137214137214137 0.758620689655172
0.137214137214137 0.754285714285714
0.137214137214137 0.75
0.137214137214137 0.745762711864407
0.138253638253638 0.747191011235955
0.139293139293139 0.748603351955307
0.14033264033264 0.75
0.141372141372141 0.751381215469613
0.142411642411642 0.752747252747253
0.143451143451143 0.754098360655738
0.144490644490644 0.755434782608696
0.144490644490644 0.751351351351351
0.144490644490644 0.747311827956989
0.145530145530146 0.748663101604278
0.146569646569647 0.75
0.147609147609148 0.751322751322751
0.148648648648649 0.752631578947368
0.14968814968815 0.753926701570681
0.150727650727651 0.755208333333333
0.151767151767152 0.756476683937824
0.152806652806653 0.757731958762887
0.153846153846154 0.758974358974359
0.154885654885655 0.760204081632653
0.155925155925156 0.761421319796954
0.155925155925156 0.757575757575758
0.156964656964657 0.758793969849246
0.158004158004158 0.76
0.158004158004158 0.756218905472637
0.159043659043659 0.757425742574257
0.16008316008316 0.758620689655172
0.161122661122661 0.759803921568627
0.161122661122661 0.75609756097561
0.162162162162162 0.757281553398058
0.163201663201663 0.758454106280193
0.164241164241164 0.759615384615385
0.164241164241164 0.755980861244019
0.165280665280665 0.757142857142857
0.166320166320166 0.758293838862559
0.167359667359667 0.759433962264151
0.168399168399168 0.76056338028169
0.169438669438669 0.761682242990654
0.17047817047817 0.762790697674419
0.171517671517672 0.763888888888889
0.171517671517672 0.76036866359447
0.172557172557173 0.761467889908257
0.173596673596674 0.762557077625571
0.174636174636175 0.763636363636364
0.175675675675676 0.764705882352941
0.176715176715177 0.765765765765766
0.177754677754678 0.766816143497758
0.178794178794179 0.767857142857143
0.17983367983368 0.768888888888889
0.180873180873181 0.769911504424779
0.180873180873181 0.766519823788546
0.181912681912682 0.767543859649123
0.182952182952183 0.768558951965066
0.182952182952183 0.765217391304348
0.183991683991684 0.766233766233766
0.185031185031185 0.767241379310345
0.186070686070686 0.768240343347639
0.187110187110187 0.769230769230769
0.188149688149688 0.770212765957447
0.189189189189189 0.771186440677966
0.19022869022869 0.772151898734177
0.19022869022869 0.76890756302521
0.191268191268191 0.769874476987448
0.192307692307692 0.770833333333333
0.193347193347193 0.771784232365145
0.193347193347193 0.768595041322314
0.194386694386694 0.769547325102881
0.195426195426195 0.770491803278688
0.195426195426195 0.76734693877551
0.196465696465696 0.768292682926829
0.197505197505198 0.769230769230769
0.197505197505198 0.766129032258065
0.198544698544699 0.767068273092369
0.1995841995842 0.768
0.1995841995842 0.764940239043825
0.200623700623701 0.765873015873016
0.200623700623701 0.762845849802372
0.201663201663202 0.763779527559055
0.201663201663202 0.76078431372549
0.202702702702703 0.76171875
0.203742203742204 0.762645914396887
0.204781704781705 0.763565891472868
0.204781704781705 0.760617760617761
0.205821205821206 0.761538461538461
0.205821205821206 0.758620689655172
0.206860706860707 0.759541984732824
0.206860706860707 0.756653992395437
0.207900207900208 0.757575757575758
0.207900207900208 0.754716981132076
0.208939708939709 0.755639097744361
0.20997920997921 0.756554307116105
0.20997920997921 0.753731343283582
0.211018711018711 0.754646840148699
0.211018711018711 0.751851851851852
0.212058212058212 0.752767527675277
0.213097713097713 0.753676470588235
0.214137214137214 0.754578754578755
0.215176715176715 0.755474452554745
0.216216216216216 0.756363636363636
0.217255717255717 0.757246376811594
0.218295218295218 0.75812274368231
0.219334719334719 0.758992805755396
0.22037422037422 0.759856630824373
0.221413721413721 0.760714285714286
0.222453222453222 0.761565836298932
0.223492723492724 0.762411347517731
0.224532224532225 0.763250883392226
0.225571725571726 0.764084507042254
0.225571725571726 0.76140350877193
0.226611226611227 0.762237762237762
0.226611226611227 0.759581881533101
0.226611226611227 0.756944444444444
0.227650727650728 0.757785467128028
0.228690228690229 0.758620689655172
0.22972972972973 0.759450171821306
0.230769230769231 0.76027397260274
0.231808731808732 0.761092150170648
0.232848232848233 0.761904761904762
0.233887733887734 0.76271186440678
0.234927234927235 0.763513513513513
0.235966735966736 0.764309764309764
0.235966735966736 0.761744966442953
0.237006237006237 0.762541806020067
0.237006237006237 0.76
0.237006237006237 0.757475083056478
0.237006237006237 0.754966887417219
0.238045738045738 0.755775577557756
0.239085239085239 0.756578947368421
0.24012474012474 0.757377049180328
0.241164241164241 0.758169934640523
0.242203742203742 0.758957654723127
0.243243243243243 0.75974025974026
0.243243243243243 0.757281553398058
0.243243243243243 0.754838709677419
0.244282744282744 0.753205128205128
0.244282744282744 0.750798722044728
0.245322245322245 0.751592356687898
0.245322245322245 0.749206349206349
0.245322245322245 0.746835443037975
0.246361746361746 0.747634069400631
0.246361746361746 0.745283018867924
0.246361746361746 0.74294670846395
0.247401247401247 0.74375
0.248440748440748 0.744548286604361
0.249480249480249 0.745341614906832
0.250519750519751 0.746130030959752
0.251559251559252 0.746913580246914
0.251559251559252 0.744615384615385
0.252598752598753 0.745398773006135
0.253638253638254 0.746177370030581
0.254677754677755 0.746951219512195
0.255717255717256 0.747720364741641
0.255717255717256 0.745454545454545
0.256756756756757 0.746223564954683
0.256756756756757 0.743975903614458
0.256756756756757 0.741741741741742
0.256756756756757 0.739520958083832
0.256756756756757 0.737313432835821
0.256756756756757 0.735119047619048
0.257796257796258 0.735905044510386
0.257796257796258 0.733727810650888
0.258835758835759 0.734513274336283
0.25987525987526 0.735294117647059
0.260914760914761 0.736070381231672
0.261954261954262 0.736842105263158
0.262993762993763 0.737609329446064
0.264033264033264 0.738372093023256
0.265072765072765 0.739130434782609
0.266112266112266 0.739884393063584
0.267151767151767 0.740634005763689
0.268191268191268 0.741379310344828
0.268191268191268 0.739255014326648
0.269230769230769 0.74
0.269230769230769 0.737891737891738
0.269230769230769 0.735795454545455
0.27027027027027 0.736543909348442
0.271309771309771 0.73728813559322
0.272349272349272 0.738028169014085
0.273388773388773 0.73876404494382
0.274428274428274 0.739495798319328
0.275467775467775 0.740223463687151
0.276507276507277 0.740947075208914
0.276507276507277 0.738888888888889
0.276507276507277 0.736842105263158
0.277546777546778 0.737569060773481
0.278586278586279 0.738292011019284
0.278586278586279 0.736263736263736
0.27962577962578 0.736986301369863
0.280665280665281 0.737704918032787
0.281704781704782 0.73841961852861
0.281704781704782 0.736413043478261
0.281704781704782 0.734417344173442
0.282744282744283 0.735135135135135
0.283783783783784 0.735849056603774
0.283783783783784 0.733870967741935
0.283783783783784 0.731903485254692
0.284823284823285 0.732620320855615
0.285862785862786 0.733333333333333
0.285862785862786 0.731382978723404
0.286902286902287 0.73209549071618
0.287941787941788 0.732804232804233
0.288981288981289 0.733509234828496
0.288981288981289 0.731578947368421
0.29002079002079 0.732283464566929
0.291060291060291 0.732984293193717
0.292099792099792 0.733681462140992
0.292099792099792 0.731770833333333
0.294178794178794 0.733160621761658
0.294178794178794 0.731266149870801
0.295218295218295 0.731958762886598
0.295218295218295 0.730077120822622
0.296257796257796 0.730769230769231
0.297297297297297 0.731457800511509
0.297297297297297 0.729591836734694
0.298336798336798 0.73027989821883
0.299376299376299 0.730964467005076
0.3004158004158 0.731645569620253
0.301455301455301 0.732323232323232
0.301455301455301 0.730478589420655
0.302494802494802 0.731155778894472
0.303534303534304 0.731829573934837
0.303534303534304 0.73
0.304573804573805 0.730673316708229
0.305613305613306 0.73134328358209
0.305613305613306 0.729528535980149
0.306652806652807 0.73019801980198
0.307692307692308 0.730864197530864
0.308731808731809 0.731527093596059
0.308731808731809 0.72972972972973
0.30977130977131 0.730392156862745
0.310810810810811 0.731051344743276
0.311850311850312 0.731707317073171
0.311850311850312 0.72992700729927
0.312889812889813 0.730582524271845
0.313929313929314 0.731234866828087
0.314968814968815 0.731884057971015
0.316008316008316 0.732530120481928
0.317047817047817 0.733173076923077
0.318087318087318 0.733812949640288
0.319126819126819 0.73444976076555
0.319126819126819 0.732696897374702
0.32016632016632 0.733333333333333
0.321205821205821 0.732227488151659
0.322245322245322 0.732860520094563
0.323284823284823 0.733490566037736
0.324324324324324 0.734117647058824
0.325363825363825 0.734741784037559
0.325363825363825 0.733021077283372
0.326403326403326 0.733644859813084
0.327442827442827 0.734265734265734
0.328482328482329 0.734883720930233
0.32952182952183 0.735498839907193
0.330561330561331 0.736111111111111
0.330561330561331 0.734411085450346
0.331600831600832 0.735023041474654
0.332640332640333 0.735632183908046
0.333679833679834 0.736238532110092
0.333679833679834 0.734553775743707
0.334719334719335 0.735159817351598
0.334719334719335 0.733485193621868
0.335758835758836 0.734090909090909
0.336798336798337 0.73469387755102
0.337837837837838 0.735294117647059
0.338877338877339 0.735891647855531
0.33991683991684 0.736486486486487
0.340956340956341 0.737078651685393
0.341995841995842 0.737668161434978
0.343035343035343 0.738255033557047
0.344074844074844 0.738839285714286
0.345114345114345 0.739420935412027
0.346153846153846 0.74
0.347193347193347 0.740576496674058
0.348232848232848 0.741150442477876
0.348232848232848 0.739514348785872
0.349272349272349 0.740088105726872
0.35031185031185 0.740659340659341
0.35031185031185 0.739035087719298
0.35031185031185 0.737417943107221
0.351351351351351 0.737991266375546
0.352390852390852 0.738562091503268
0.353430353430353 0.739130434782609
0.354469854469854 0.739696312364425
0.355509355509356 0.74025974025974
0.356548856548857 0.740820734341253
0.357588357588358 0.741379310344828
0.358627858627859 0.741935483870968
0.35966735966736 0.742489270386266
0.360706860706861 0.743040685224839
0.361746361746362 0.743589743589744
0.362785862785863 0.744136460554371
0.363825363825364 0.74468085106383
0.364864864864865 0.745222929936306
0.364864864864865 0.74364406779661
0.364864864864865 0.742071881606765
0.364864864864865 0.740506329113924
0.364864864864865 0.738947368421053
0.364864864864865 0.737394957983193
0.365904365904366 0.737945492662474
0.366943866943867 0.738493723849372
0.366943866943867 0.736951983298539
0.366943866943867 0.735416666666667
0.366943866943867 0.733887733887734
0.366943866943867 0.732365145228216
0.367983367983368 0.732919254658385
0.367983367983368 0.731404958677686
0.369022869022869 0.731958762886598
0.37006237006237 0.732510288065844
0.37006237006237 0.731006160164271
0.37006237006237 0.729508196721312
0.371101871101871 0.730061349693252
0.372141372141372 0.730612244897959
0.373180873180873 0.731160896130346
0.373180873180873 0.729674796747967
0.373180873180873 0.728194726166329
0.374220374220374 0.728744939271255
0.375259875259875 0.729292929292929
0.376299376299376 0.729838709677419
0.377338877338877 0.730382293762575
0.377338877338877 0.728915662650602
0.378378378378378 0.729458917835671
0.378378378378378 0.728
0.379417879417879 0.728542914171657
0.379417879417879 0.727091633466135
0.379417879417879 0.725646123260437
0.38045738045738 0.726190476190476
0.38045738045738 0.724752475247525
0.38045738045738 0.723320158102767
0.38045738045738 0.72189349112426
0.381496881496881 0.72244094488189
0.382536382536383 0.722986247544204
0.382536382536383 0.72156862745098
0.383575883575884 0.722113502935421
0.383575883575884 0.720703125
0.383575883575884 0.719298245614035
0.384615384615385 0.719844357976654
0.385654885654886 0.720388349514563
0.386694386694387 0.720930232558139
0.386694386694387 0.719535783365571
0.386694386694387 0.718146718146718
0.387733887733888 0.71868978805395
0.388773388773389 0.719230769230769
0.38981288981289 0.719769673704415
0.390852390852391 0.720306513409962
0.391891891891892 0.720841300191205
0.392931392931393 0.721374045801527
0.393970893970894 0.721904761904762
0.395010395010395 0.722433460076046
0.396049896049896 0.722960151802656
0.396049896049896 0.721590909090909
0.397089397089397 0.722117202268431
0.397089397089397 0.720754716981132
0.397089397089397 0.71939736346516
0.398128898128898 0.719924812030075
0.399168399168399 0.720450281425891
0.4002079002079 0.720973782771536
0.401247401247401 0.721495327102804
0.401247401247401 0.720149253731343
0.402286902286902 0.720670391061452
0.402286902286902 0.719330855018587
0.403326403326403 0.719851576994434
0.403326403326403 0.718518518518519
0.403326403326403 0.717190388170055
0.404365904365904 0.717712177121771
0.405405405405405 0.718232044198895
0.406444906444906 0.71875
0.406444906444906 0.71743119266055
0.406444906444906 0.716117216117216
0.407484407484408 0.716636197440585
0.407484407484408 0.715328467153285
0.408523908523909 0.715846994535519
0.40956340956341 0.716363636363636
0.410602910602911 0.716878402903811
0.411642411642412 0.717391304347826
0.412681912681913 0.717902350813743
0.413721413721414 0.71841155234657
0.414760914760915 0.718918918918919
0.415800415800416 0.719424460431655
0.415800415800416 0.718132854578097
0.416839916839917 0.718637992831541
0.416839916839917 0.717352415026834
0.416839916839917 0.716071428571429
0.417879417879418 0.716577540106952
0.418918918918919 0.717081850533808
0.41995841995842 0.717584369449378
0.420997920997921 0.718085106382979
0.420997920997921 0.716814159292035
0.422037422037422 0.717314487632509
0.423076923076923 0.717813051146384
0.424116424116424 0.71830985915493
0.425155925155925 0.718804920913884
0.425155925155925 0.717543859649123
0.426195426195426 0.718038528896673
0.427234927234927 0.718531468531469
0.427234927234927 0.717277486910995
0.428274428274428 0.717770034843206
0.428274428274428 0.716521739130435
0.428274428274428 0.715277777777778
0.428274428274428 0.714038128249567
0.429313929313929 0.714532871972318
0.429313929313929 0.713298791018998
0.43035343035343 0.713793103448276
0.43035343035343 0.712564543889845
0.431392931392931 0.713058419243986
0.432432432432432 0.713550600343053
0.433471933471933 0.714041095890411
0.434511434511435 0.714529914529915
0.434511434511435 0.713310580204778
0.434511434511435 0.712095400340716
0.434511434511435 0.710884353741497
0.435550935550936 0.711375212224109
0.435550935550936 0.710169491525424
0.436590436590437 0.710659898477157
0.436590436590437 0.709459459459459
0.437629937629938 0.709949409780776
0.438669438669439 0.71043771043771
0.438669438669439 0.709243697478992
0.438669438669439 0.708053691275168
0.43970893970894 0.708542713567839
0.440748440748441 0.709030100334448
0.440748440748441 0.707846410684474
0.440748440748441 0.706666666666667
0.441787941787942 0.707154742096506
0.441787941787942 0.705980066445183
0.441787941787942 0.704809286898839
0.442827442827443 0.705298013245033
0.442827442827443 0.704132231404959
0.442827442827443 0.702970297029703
0.442827442827443 0.701812191103789
0.443866943866944 0.702302631578947
0.444906444906445 0.702791461412151
0.445945945945946 0.70327868852459
0.446985446985447 0.703764320785597
0.446985446985447 0.702614379084967
0.448024948024948 0.703099510603589
0.449064449064449 0.703583061889251
0.45010395010395 0.704065040650407
0.451143451143451 0.704545454545455
0.452182952182952 0.705024311183144
0.453222453222453 0.705501618122977
0.454261954261954 0.705977382875606
0.454261954261954 0.704838709677419
0.454261954261954 0.703703703703704
0.455301455301455 0.704180064308682
0.456340956340956 0.704654895666132
0.456340956340956 0.703525641025641
0.456340956340956 0.7024
0.457380457380457 0.702875399361022
0.458419958419958 0.703349282296651
0.458419958419958 0.702229299363057
0.458419958419958 0.701112877583466
0.458419958419958 0.7
0.459459459459459 0.700475435816165
0.46049896049896 0.700949367088608
0.461538461538462 0.701421800947867
0.462577962577963 0.701892744479495
0.463617463617464 0.702362204724409
0.464656964656965 0.702830188679245
0.464656964656965 0.701726844583987
0.465696465696466 0.702194357366771
0.466735966735967 0.702660406885759
0.467775467775468 0.703125
0.468814968814969 0.703588143525741
0.468814968814969 0.702492211838006
0.468814968814969 0.701399688958009
0.46985446985447 0.701863354037267
0.470893970893971 0.702325581395349
0.471933471933472 0.702786377708978
0.471933471933472 0.701700154559505
0.472972972972973 0.702160493827161
0.474012474012474 0.702619414483821
0.475051975051975 0.703076923076923
0.475051975051975 0.701996927803379
0.476091476091476 0.702453987730061
0.477130977130977 0.702909647779479
0.478170478170478 0.703363914373089
0.479209979209979 0.70381679389313
0.48024948024948 0.704268292682927
0.481288981288981 0.704718417047184
0.482328482328482 0.70516717325228
0.482328482328482 0.704097116843703
0.483367983367983 0.704545454545455
0.484407484407484 0.70499243570348
0.485446985446985 0.705438066465257
0.485446985446985 0.704374057315234
0.486486486486487 0.704819277108434
0.486486486486487 0.703759398496241
0.487525987525988 0.704204204204204
0.488565488565489 0.704647676161919
0.488565488565489 0.703592814371258
0.48960498960499 0.704035874439462
0.490644490644491 0.704477611940298
0.491683991683992 0.704918032786885
0.492723492723493 0.705357142857143
0.492723492723493 0.704309063893016
0.492723492723493 0.70326409495549
0.493762993762994 0.703703703703704
0.494802494802495 0.70414201183432
0.495841995841996 0.704579025110783
0.495841995841996 0.70353982300885
0.495841995841996 0.702503681885125
0.496881496881497 0.702941176470588
0.497920997920998 0.703377386196769
0.497920997920998 0.702346041055719
0.498960498960499 0.702781844802343
0.5 0.703216374269006
0.5 0.702189781021898
0.501039501039501 0.702623906705539
0.502079002079002 0.703056768558952
0.502079002079002 0.70203488372093
0.503118503118503 0.702467343976778
0.504158004158004 0.702898550724638
0.505197505197505 0.703328509406657
0.506237006237006 0.703757225433526
0.507276507276507 0.704184704184704
0.507276507276507 0.703170028818444
0.507276507276507 0.702158273381295
0.508316008316008 0.702586206896552
0.508316008316008 0.701578192252511
0.509355509355509 0.702005730659026
0.51039501039501 0.702432045779685
0.51039501039501 0.701428571428571
0.51039501039501 0.700427960057061
0.511434511434511 0.700854700854701
0.512474012474012 0.701280227596017
0.512474012474012 0.700284090909091
0.513513513513513 0.700709219858156
0.514553014553014 0.701133144475921
0.514553014553014 0.7001414427157
0.515592515592516 0.700564971751412
0.516632016632017 0.70098730606488
0.517671517671518 0.701408450704225
0.517671517671518 0.70042194092827
0.518711018711019 0.700842696629214
0.518711018711019 0.699859747545582
0.51975051975052 0.700280112044818
0.520790020790021 0.700699300699301
0.520790020790021 0.699720670391061
0.520790020790021 0.698744769874477
0.521829521829522 0.6991643454039
0.522869022869023 0.699582753824757
0.522869022869023 0.698611111111111
0.522869022869023 0.697642163661581
0.523908523908524 0.698060941828255
0.524948024948025 0.698478561549101
0.525987525987526 0.698895027624309
0.527027027027027 0.699310344827586
0.527027027027027 0.698347107438017
0.528066528066528 0.698762035763411
0.529106029106029 0.699175824175824
0.529106029106029 0.698216735253772
0.53014553014553 0.698630136986301
0.531185031185031 0.699042407660739
0.532224532224532 0.699453551912568
0.533264033264033 0.699863574351978
0.534303534303534 0.700272479564033
0.534303534303534 0.699319727891156
0.535343035343035 0.699728260869565
0.536382536382536 0.700135685210312
0.536382536382536 0.699186991869919
0.537422037422037 0.699594046008119
0.538461538461538 0.7
0.539501039501039 0.700404858299595
0.540540540540541 0.700808625336927
0.541580041580042 0.70121130551817
0.542619542619543 0.701612903225806
0.542619542619543 0.700671140939597
0.543659043659044 0.701072386058981
0.544698544698545 0.701472556894244
0.545738045738046 0.701871657754011
0.545738045738046 0.700934579439252
0.546777546777547 0.701333333333333
0.547817047817048 0.701731025299601
0.547817047817048 0.700797872340426
0.548856548856549 0.701195219123506
0.54989604989605 0.70159151193634
0.54989604989605 0.700662251655629
0.550935550935551 0.701058201058201
0.551975051975052 0.701453104359313
0.553014553014553 0.701846965699208
0.553014553014553 0.700922266139657
0.553014553014553 0.7
0.554054054054054 0.700394218134034
0.554054054054054 0.699475065616798
0.555093555093555 0.699868938401048
0.555093555093555 0.698952879581152
0.556133056133056 0.699346405228758
0.557172557172557 0.699738903394256
0.558212058212058 0.70013037809648
0.558212058212058 0.69921875
0.559251559251559 0.699609882964889
0.56029106029106 0.7
0.56029106029106 0.699092088197147
0.561330561330561 0.699481865284974
0.561330561330561 0.698576972833118
0.562370062370062 0.698966408268734
0.563409563409563 0.699354838709677
0.564449064449064 0.699742268041237
0.565488565488566 0.7001287001287
0.565488565488566 0.699228791773779
0.565488565488566 0.698331193838254
0.566528066528067 0.698717948717949
0.567567567567568 0.69910371318822
0.568607068607069 0.699488491048593
0.56964656964657 0.699872286079183
0.570686070686071 0.700255102040816
0.570686070686071 0.699363057324841
0.570686070686071 0.698473282442748
0.571725571725572 0.698856416772554
0.571725571725572 0.697969543147208
0.572765072765073 0.698352344740177
0.572765072765073 0.69746835443038
0.572765072765073 0.696586599241466
0.573804573804574 0.696969696969697
0.573804573804574 0.69609079445145
0.573804573804574 0.695214105793451
0.574844074844075 0.69559748427673
0.574844074844075 0.694723618090452
0.575883575883576 0.695106649937265
0.575883575883576 0.694235588972431
0.575883575883576 0.693366708385482
0.575883575883576 0.6925
0.576923076923077 0.692883895131086
0.576923076923077 0.692019950124688
0.576923076923077 0.691158156911582
0.576923076923077 0.690298507462687
0.577962577962578 0.690683229813665
0.577962577962578 0.689826302729528
0.579002079002079 0.690210656753408
0.579002079002079 0.689356435643564
0.579002079002079 0.688504326328801
0.58004158004158 0.688888888888889
0.58004158004158 0.688039457459926
0.58004158004158 0.687192118226601
0.581081081081081 0.687576875768758
0.582120582120582 0.687960687960688
0.583160083160083 0.688343558282209
0.583160083160083 0.6875
0.583160083160083 0.686658506731946
0.584199584199584 0.687041564792176
0.584199584199584 0.686202686202686
0.584199584199584 0.685365853658537
0.584199584199584 0.684531059683313
0.585239085239085 0.684914841849148
0.586278586278586 0.685297691373026
0.586278586278586 0.684466019417476
0.586278586278586 0.683636363636364
0.586278586278586 0.682808716707022
0.586278586278586 0.681983071342201
0.586278586278586 0.681159420289855
0.587318087318087 0.681544028950543
0.588357588357588 0.681927710843373
0.589397089397089 0.682310469314079
0.59043659043659 0.682692307692308
0.591476091476091 0.683073229291717
0.592515592515592 0.683453237410072
0.592515592515592 0.682634730538922
0.593555093555094 0.683014354066986
0.594594594594595 0.683393070489845
0.595634095634096 0.683770883054893
0.596673596673597 0.684147794994041
0.597713097713098 0.68452380952381
0.598752598752599 0.684898929845422
0.598752598752599 0.684085510688836
0.5997920997921 0.684460260972717
0.5997920997921 0.683649289099526
0.5997920997921 0.68284023668639
0.600831600831601 0.683215130023641
0.601871101871102 0.683589138134593
0.602910602910603 0.683962264150943
0.603950103950104 0.684334511189635
0.603950103950104 0.683529411764706
0.603950103950104 0.682726204465335
0.604989604989605 0.683098591549296
0.606029106029106 0.683470105509965
0.607068607068607 0.68384074941452
0.607068607068607 0.683040935672515
0.608108108108108 0.683411214953271
0.609147609147609 0.683780630105018
0.61018711018711 0.684149184149184
0.61018711018711 0.683352735739232
0.611226611226611 0.683720930232558
0.611226611226611 0.682926829268293
0.612266112266112 0.683294663573086
0.613305613305613 0.683661645422943
0.614345114345114 0.684027777777778
0.614345114345114 0.683236994219653
0.615384615384615 0.683602771362587
0.615384615384615 0.682814302191465
0.616424116424116 0.683179723502304
0.617463617463617 0.683544303797468
0.618503118503118 0.683908045977011
0.618503118503118 0.683122847301952
0.618503118503118 0.682339449541284
0.61954261954262 0.68270332187858
0.61954261954262 0.681922196796339
0.61954261954262 0.681142857142857
0.620582120582121 0.681506849315068
0.620582120582121 0.68072976054732
0.620582120582121 0.67995444191344
0.620582120582121 0.679180887372014
0.621621621621622 0.679545454545455
0.621621621621622 0.678774120317821
0.622661122661123 0.679138321995465
0.623700623700624 0.679501698754247
0.623700623700624 0.678733031674208
0.623700623700624 0.677966101694915
0.623700623700624 0.677200902934537
0.624740124740125 0.677564825253664
0.625779625779626 0.677927927927928
0.625779625779626 0.677165354330709
0.626819126819127 0.67752808988764
0.626819126819127 0.676767676767677
0.627858627858628 0.677130044843049
0.628898128898129 0.677491601343785
0.628898128898129 0.676733780760626
0.62993762993763 0.677094972067039
0.62993762993763 0.676339285714286
0.630977130977131 0.67670011148272
0.632016632016632 0.677060133630289
0.633056133056133 0.67741935483871
0.633056133056133 0.676666666666667
0.634095634095634 0.677025527192009
0.635135135135135 0.677383592017738
0.636174636174636 0.677740863787375
0.637214137214137 0.678097345132743
0.637214137214137 0.677348066298343
0.637214137214137 0.676600441501104
0.638253638253638 0.676957001102536
0.638253638253638 0.676211453744493
0.639293139293139 0.675824175824176
0.64033264033264 0.676180021953897
0.641372141372141 0.676535087719298
0.642411642411642 0.676889375684556
0.642411642411642 0.676148796498906
0.642411642411642 0.675409836065574
0.643451143451143 0.675764192139738
0.644490644490645 0.676117775354417
0.644490644490645 0.675381263616558
0.645530145530146 0.675734494015234
0.646569646569647 0.676086956521739
0.646569646569647 0.675352877307275
0.647609147609148 0.675704989154013
0.647609147609148 0.674972914409534
0.648648648648649 0.675324675324675
0.64968814968815 0.675675675675676
0.64968814968815 0.674946004319654
0.64968814968815 0.674217907227616
0.64968814968815 0.673491379310345
0.64968814968815 0.672766415500538
0.650727650727651 0.673118279569892
0.651767151767152 0.673469387755102
0.652806652806653 0.67381974248927
0.652806652806653 0.673097534833869
0.653846153846154 0.673447537473233
0.653846153846154 0.672727272727273
0.654885654885655 0.673076923076923
0.655925155925156 0.673425827107791
0.655925155925156 0.6727078891258
0.656964656964657 0.673056443024494
0.658004158004158 0.673404255319149
0.658004158004158 0.67268862911796
0.658004158004158 0.671974522292994
0.658004158004158 0.671261930010604
0.659043659043659 0.671610169491525
0.66008316008316 0.671957671957672
0.661122661122661 0.6723044397463
0.661122661122661 0.671594508975713
0.662162162162162 0.671940928270042
0.663201663201663 0.672286617492097
0.663201663201663 0.671578947368421
0.663201663201663 0.67087276550999
0.664241164241164 0.671218487394958
0.664241164241164 0.670514165792235
0.664241164241164 0.669811320754717
0.665280665280665 0.670157068062827
0.665280665280665 0.669456066945607
0.665280665280665 0.668756530825496
0.666320166320166 0.669102296450939
0.667359667359667 0.669447340980188
0.667359667359667 0.66875
0.667359667359667 0.668054110301769
0.667359667359667 0.667359667359667
0.668399168399168 0.667705088265836
0.669438669438669 0.66804979253112
0.669438669438669 0.667357512953368
0.669438669438669 0.666666666666667
0.669438669438669 0.665977249224405
0.67047817047817 0.666322314049587
0.671517671517671 0.666666666666667
0.672557172557173 0.66701030927835
0.673596673596674 0.66735324407827
0.674636174636175 0.667695473251029
0.674636174636175 0.667009249743063
0.674636174636175 0.666324435318275
0.674636174636175 0.665641025641026
0.674636174636175 0.664959016393443
0.674636174636175 0.664278403275333
0.674636174636175 0.66359918200409
0.675675675675676 0.663942798774259
0.675675675675676 0.663265306122449
0.676715176715177 0.663608562691132
0.677754677754678 0.663951120162933
0.678794178794179 0.664292980671414
0.678794178794179 0.663617886178862
0.67983367983368 0.663959390862944
0.680873180873181 0.664300202839757
0.681912681912682 0.664640324214792
0.682952182952183 0.66497975708502
0.683991683991684 0.665318503538928
0.683991683991684 0.664646464646465
0.685031185031185 0.664984863773966
0.686070686070686 0.665322580645161
0.686070686070686 0.664652567975831
0.687110187110187 0.664989939637827
0.687110187110187 0.664321608040201
0.687110187110187 0.663654618473896
0.688149688149688 0.663991975927783
0.689189189189189 0.664328657314629
0.689189189189189 0.663663663663664
0.689189189189189 0.663
0.689189189189189 0.662337662337662
0.69022869022869 0.662674650698603
0.69022869022869 0.662013958125623
0.69022869022869 0.661354581673307
0.69022869022869 0.660696517412935
0.69022869022869 0.660039761431412
0.691268191268191 0.660377358490566
0.692307692307692 0.660714285714286
0.692307692307692 0.66005946481665
0.693347193347193 0.66039603960396
0.693347193347193 0.659742828882295
0.693347193347193 0.659090909090909
0.693347193347193 0.658440276406713
0.694386694386694 0.658777120315582
0.694386694386694 0.658128078817734
0.695426195426195 0.658464566929134
0.695426195426195 0.657817109144543
0.696465696465696 0.658153241650295
0.696465696465696 0.657507360157017
0.697505197505197 0.657843137254902
0.697505197505197 0.657198824681685
0.698544698544699 0.657534246575342
0.698544698544699 0.656891495601173
0.6995841995842 0.6572265625
0.700623700623701 0.657560975609756
0.700623700623701 0.65692007797271
0.701663201663202 0.657254138266796
0.702702702702703 0.657587548638132
0.702702702702703 0.656948493683188
0.703742203742204 0.657281553398058
0.704781704781705 0.657613967022308
0.704781704781705 0.656976744186046
0.705821205821206 0.65730880929332
0.705821205821206 0.656673114119923
0.706860706860707 0.657004830917874
0.707900207900208 0.657335907335907
0.707900207900208 0.656702025072324
0.708939708939709 0.657032755298651
0.708939708939709 0.656400384985563
0.70997920997921 0.656730769230769
0.711018711018711 0.657060518731988
0.711018711018711 0.656429942418426
0.712058212058212 0.656759348034516
0.712058212058212 0.656130268199234
0.713097713097713 0.656459330143541
0.714137214137214 0.65678776290631
0.714137214137214 0.656160458452722
0.714137214137214 0.655534351145038
0.714137214137214 0.654909437559581
0.715176715176715 0.655238095238095
0.716216216216216 0.655566127497621
0.717255717255717 0.655893536121673
0.717255717255717 0.655270655270655
0.717255717255717 0.654648956356736
0.717255717255717 0.654028436018957
0.718295218295218 0.654356060606061
0.719334719334719 0.654683065279092
0.719334719334719 0.65406427221172
0.72037422037422 0.654390934844193
0.72037422037422 0.65377358490566
0.72037422037422 0.65315739868049
0.72037422037422 0.652542372881356
0.721413721413721 0.652869238005644
0.721413721413721 0.652255639097744
0.721413721413721 0.651643192488263
0.722453222453222 0.651969981238274
0.722453222453222 0.651358950328022
0.723492723492724 0.651685393258427
0.724532224532225 0.652011225444341
0.725571725571726 0.652336448598131
0.725571725571726 0.651727357609711
0.725571725571726 0.651119402985075
0.725571725571726 0.650512581547064
0.725571725571726 0.649906890130354
0.725571725571726 0.649302325581395
0.726611226611227 0.649628252788104
0.726611226611227 0.649025069637883
0.726611226611227 0.648423005565863
0.727650727650728 0.648748841519926
0.727650727650728 0.648148148148148
0.727650727650728 0.647548566142461
0.727650727650728 0.646950092421442
0.727650727650728 0.646352723915051
0.728690228690229 0.646678966789668
0.72972972972973 0.647004608294931
0.730769230769231 0.647329650092081
0.730769230769231 0.646734130634775
0.731808731808732 0.647058823529412
0.731808731808732 0.646464646464647
0.731808731808732 0.645871559633028
0.732848232848233 0.646196150320807
0.732848232848233 0.645604395604396
0.732848232848233 0.645013723696249
0.732848232848233 0.644424131627057
0.733887733887734 0.644748858447489
0.733887733887734 0.644160583941606
0.733887733887734 0.643573381950775
0.734927234927235 0.643897996357013
0.735966735966736 0.644222020018198
0.735966735966736 0.643636363636364
0.737006237006237 0.643960036330608
0.737006237006237 0.643375680580762
0.738045738045738 0.643699002719855
0.738045738045738 0.643115942028985
0.739085239085239 0.643438914027149
0.739085239085239 0.642857142857143
0.739085239085239 0.642276422764228
0.74012474012474 0.642599277978339
0.74012474012474 0.642019837691614
0.741164241164241 0.641764176417642
0.742203742203742 0.642086330935252
0.743243243243243 0.64240790655885
0.744282744282744 0.642728904847397
0.744282744282744 0.642152466367713
0.745322245322245 0.64247311827957
0.745322245322245 0.64189794091316
0.745322245322245 0.641323792486583
0.745322245322245 0.640750670241287
0.745322245322245 0.640178571428571
0.746361746361746 0.64049955396967
0.747401247401247 0.640819964349376
0.747401247401247 0.640249332146037
0.748440748440748 0.640569395017794
0.748440748440748 0.64
0.748440748440748 0.63943161634103
0.748440748440748 0.638864241348713
0.748440748440748 0.638297872340426
0.749480249480249 0.638618246235607
0.750519750519751 0.638938053097345
0.750519750519751 0.638373121131742
0.751559251559252 0.6386925795053
0.751559251559252 0.638128861429832
0.751559251559252 0.637566137566138
0.751559251559252 0.637004405286344
0.751559251559252 0.636443661971831
0.752598752598753 0.636763412489006
0.753638253638254 0.637082601054482
0.753638253638254 0.636523266022827
0.754677754677755 0.636842105263158
0.755717255717256 0.637160385626643
0.756756756756757 0.637478108581436
0.756756756756757 0.636920384951881
0.757796257796258 0.637237762237762
0.757796257796258 0.636681222707424
0.757796257796258 0.636125654450262
0.757796257796258 0.635571054925894
0.758835758835759 0.63588850174216
0.758835758835759 0.635335073977372
0.758835758835759 0.634782608695652
0.758835758835759 0.634231103388358
0.75987525987526 0.634548611111111
0.760914760914761 0.634865568083261
0.761954261954262 0.635181975736568
0.761954261954262 0.634632034632035
0.761954261954262 0.634083044982699
0.761954261954262 0.633535004321521
0.762993762993763 0.633851468048359
0.762993762993763 0.633304572907679
0.764033264033264 0.633620689655172
0.765072765072765 0.633936261843239
0.765072765072765 0.633390705679862
0.765072765072765 0.632846087704213
0.765072765072765 0.632302405498282
0.766112266112266 0.632618025751073
0.766112266112266 0.632075471698113
0.767151767151767 0.632390745501285
0.767151767151767 0.631849315068493
0.768191268191268 0.632164242942686
0.769230769230769 0.632478632478632
0.77027027027027 0.632792485055508
0.77027027027027 0.632252559726962
0.77027027027027 0.631713554987212
0.77027027027027 0.631175468483816
0.771309771309771 0.631489361702128
0.772349272349272 0.631802721088435
0.773388773388773 0.632115548003398
0.774428274428274 0.632427843803056
0.775467775467775 0.632739609838846
0.776507276507276 0.633050847457627
0.777546777546778 0.633361558001693
0.777546777546778 0.632825719120135
0.778586278586279 0.633136094674556
0.778586278586279 0.632601351351351
0.77962577962578 0.632911392405063
0.780665280665281 0.633220910623946
0.781704781704782 0.633529907329402
0.782744282744283 0.633838383838384
0.782744282744283 0.633305298570227
0.783783783783784 0.633613445378151
0.783783783783784 0.633081444164568
0.783783783783784 0.63255033557047
0.783783783783784 0.632020117351215
0.783783783783784 0.631490787269682
0.783783783783784 0.630962343096234
0.783783783783784 0.630434782608696
0.784823284823285 0.630743525480368
0.785862785862786 0.631051752921536
0.785862785862786 0.630525437864887
0.786902286902287 0.630833333333333
0.787941787941788 0.631140716069942
0.788981288981289 0.631447587354409
0.79002079002079 0.631229235880399
0.79002079002079 0.630705394190871
0.791060291060291 0.631011608623549
0.792099792099792 0.631317315658658
0.792099792099792 0.630794701986755
0.792099792099792 0.630272952853598
0.793139293139293 0.630578512396694
0.793139293139293 0.630057803468208
0.794178794178794 0.63036303630363
0.794178794178794 0.629843363561418
0.794178794178794 0.629324546952224
0.794178794178794 0.62880658436214
0.794178794178794 0.628289473684211
0.794178794178794 0.627773212818406
0.795218295218295 0.62807881773399
0.795218295218295 0.627563576702215
0.796257796257796 0.627868852459016
0.797297297297297 0.628173628173628
0.797297297297297 0.627659574468085
0.798336798336798 0.627964022894522
0.798336798336798 0.627450980392157
0.798336798336798 0.626938775510204
0.799376299376299 0.627243066884176
0.799376299376299 0.626731866340668
0.799376299376299 0.626221498371335
0.8004158004158 0.626525630593979
0.801455301455301 0.626829268292683
0.801455301455301 0.626320064987815
0.802494802494803 0.626623376623377
0.802494802494803 0.626115166261152
0.802494802494803 0.625607779578606
0.802494802494803 0.625101214574899
0.803534303534304 0.625404530744337
0.803534303534304 0.624898949070331
0.803534303534304 0.624394184168013
0.804573804573805 0.624697336561743
0.804573804573805 0.624193548387097
0.804573804573805 0.623690572119259
0.804573804573805 0.623188405797101
0.804573804573805 0.622687047465808
0.804573804573805 0.622186495176849
0.804573804573805 0.621686746987952
0.804573804573805 0.621187800963082
0.804573804573805 0.620689655172414
0.804573804573805 0.620192307692308
0.805613305613306 0.620496397117694
0.805613305613306 0.62
0.805613305613306 0.619504396482814
0.805613305613306 0.619009584664537
0.805613305613306 0.618515562649641
0.806652806652807 0.618819776714514
0.807692307692308 0.619123505976096
0.807692307692308 0.618630573248408
0.807692307692308 0.618138424821002
0.807692307692308 0.617647058823529
0.807692307692308 0.617156473391581
0.807692307692308 0.616666666666667
0.808731808731809 0.616970658207772
0.80977130977131 0.617274167987322
0.80977130977131 0.616785431512272
0.810810810810811 0.617088607594937
0.810810810810811 0.616600790513834
0.810810810810811 0.616113744075829
0.810810810810811 0.615627466456196
0.810810810810811 0.615141955835962
0.810810810810811 0.614657210401891
0.810810810810811 0.614173228346457
0.810810810810811 0.613690007867821
0.810810810810811 0.613207547169811
0.810810810810811 0.612725844461901
0.810810810810811 0.612244897959184
0.810810810810811 0.611764705882353
0.811850311850312 0.612068965517241
0.812889812889813 0.612372748629601
0.812889812889813 0.61189358372457
0.813929313929314 0.612197028928851
0.814968814968815 0.6125
0.816008316008316 0.6128024980484
0.816008316008316 0.612324492979719
0.816008316008316 0.611847233047545
0.817047817047817 0.61214953271028
0.817047817047817 0.611673151750973
0.818087318087318 0.611975116640747
0.818087318087318 0.611499611499612
0.819126819126819 0.611801242236025
0.819126819126819 0.611326609775019
0.819126819126819 0.610852713178295
0.819126819126819 0.610379550735864
0.819126819126819 0.609907120743034
0.819126819126819 0.609435421500387
0.819126819126819 0.608964451313756
0.819126819126819 0.608494208494209
0.819126819126819 0.608024691358025
0.82016632016632 0.608326908249807
0.82016632016632 0.607858243451464
0.821205821205821 0.608160123171671
0.821205821205821 0.607692307692308
0.822245322245322 0.607993850883935
0.823284823284823 0.608294930875576
0.823284823284823 0.607828089025326
0.823284823284823 0.607361963190184
0.823284823284823 0.606896551724138
0.823284823284823 0.606431852986217
0.823284823284823 0.605967865340474
0.823284823284823 0.605504587155963
0.823284823284823 0.605042016806723
0.823284823284823 0.604580152671756
0.823284823284823 0.604118993135011
0.824324324324324 0.604420731707317
0.824324324324324 0.603960396039604
0.824324324324324 0.603500761035008
0.824324324324324 0.603041825095057
0.825363825363825 0.602885345482156
0.825363825363825 0.602427921092564
0.825363825363825 0.601971190295679
0.826403326403326 0.602272727272727
0.827442827442827 0.602573807721423
0.827442827442827 0.602118003025719
0.828482328482329 0.602418745275888
0.828482328482329 0.601509433962264
0.828482328482329 0.60105580693816
0.82952182952183 0.601356443104748
0.830561330561331 0.601656626506024
0.830561330561331 0.601203912716328
0.830561330561331 0.600751879699248
0.830561330561331 0.600300525920361
0.830561330561331 0.59984984984985
0.831600831600832 0.600150037509377
0.832640332640333 0.600449775112444
0.832640332640333 0.6
0.832640332640333 0.599550898203593
0.832640332640333 0.599102468212416
0.832640332640333 0.598654708520179
0.833679833679834 0.598954443614638
0.833679833679834 0.598507462686567
0.833679833679834 0.598061148396719
0.834719334719335 0.598360655737705
0.834719334719335 0.597915115413254
0.834719334719335 0.597470238095238
0.835758835758836 0.597769516728625
0.836798336798337 0.598068350668648
0.836798336798337 0.597624350408315
0.837837837837838 0.597922848664688
0.838877338877339 0.59822090437361
0.838877338877339 0.597777777777778
0.838877338877339 0.597335307179867
0.83991683991684 0.597633136094675
0.83991683991684 0.597191426459719
0.840956340956341 0.597488921713442
0.841995841995842 0.597785977859779
0.841995841995842 0.597345132743363
0.841995841995842 0.596904937361828
0.843035343035343 0.59720176730486
0.843035343035343 0.596762325239146
0.843035343035343 0.596323529411765
0.843035343035343 0.595885378398237
0.843035343035343 0.595447870778267
0.844074844074844 0.595744680851064
0.845114345114345 0.596041055718475
0.846153846153846 0.596336996336996
0.846153846153846 0.595900439238653
0.846153846153846 0.595464520848573
0.847193347193347 0.595760233918129
0.847193347193347 0.595325054784514
0.847193347193347 0.594890510948905
0.847193347193347 0.594456601021152
0.848232848232848 0.594752186588921
0.849272349272349 0.595047341587764
0.85031185031185 0.595342066957787
0.85031185031185 0.594909090909091
0.85031185031185 0.594476744186046
0.85031185031185 0.594045025417574
0.851351351351351 0.594339622641509
0.851351351351351 0.593908629441624
0.852390852390852 0.594202898550725
0.852390852390852 0.593772628530051
0.852390852390852 0.593342981186686
0.853430353430353 0.593637020968908
0.853430353430353 0.593208092485549
0.853430353430353 0.592779783393502
0.853430353430353 0.592352092352092
0.853430353430353 0.591925018024513
0.853430353430353 0.59149855907781
0.854469854469854 0.591792656587473
0.855509355509355 0.592086330935252
0.855509355509355 0.591660675772825
0.856548856548857 0.591954022988506
0.856548856548857 0.591529073941134
0.856548856548857 0.591104734576757
0.857588357588358 0.591397849462366
0.857588357588358 0.590974212034384
0.857588357588358 0.590551181102362
0.858627858627859 0.590844062947067
0.85966735966736 0.591136526090064
0.860706860706861 0.591428571428571
0.860706860706861 0.591006423982869
0.860706860706861 0.59058487874465
0.861746361746362 0.59087669280114
0.861746361746362 0.59045584045584
0.862785862785863 0.590747330960854
0.863825363825364 0.591038406827881
0.864864864864865 0.591329068941009
0.864864864864865 0.590909090909091
0.864864864864865 0.590489709013485
0.864864864864865 0.590070921985816
0.864864864864865 0.589652728561304
0.864864864864865 0.589235127478754
0.864864864864865 0.588818117480538
0.865904365904366 0.589108910891089
0.865904365904366 0.5886925795053
0.865904365904366 0.588276836158192
0.865904365904366 0.587861679604799
0.866943866943867 0.588152327221439
0.866943866943867 0.587737843551797
0.866943866943867 0.587323943661972
0.866943866943867 0.586910626319493
0.866943866943867 0.586497890295359
0.867983367983368 0.586788475052706
0.867983367983368 0.586376404494382
0.867983367983368 0.585964912280702
0.867983367983368 0.585553997194951
0.869022869022869 0.585844428871759
0.87006237006237 0.586134453781513
0.871101871101871 0.586424072778167
0.872141372141372 0.586713286713287
0.872141372141372 0.586303284416492
0.872141372141372 0.585893854748603
0.872141372141372 0.585484996510816
0.873180873180873 0.585774058577406
0.873180873180873 0.585365853658537
0.873180873180873 0.584958217270195
0.874220374220374 0.585247042449548
0.875259875259875 0.585535465924896
0.875259875259875 0.585128561501042
0.876299376299376 0.585416666666667
0.877338877338877 0.585704371963914
0.877338877338877 0.585298196948682
0.878378378378378 0.585585585585586
0.878378378378378 0.585180055401662
0.879417879417879 0.585467128027682
0.88045738045738 0.585753803596127
0.88045738045738 0.585348997926745
0.88045738045738 0.584944751381215
0.88045738045738 0.584541062801932
0.881496881496882 0.584827586206897
0.881496881496882 0.584424534803584
0.882536382536383 0.584710743801653
0.883575883575884 0.584996558843772
0.883575883575884 0.584594222833563
0.883575883575884 0.584192439862543
0.883575883575884 0.583791208791209
0.884615384615385 0.5840768702814
0.884615384615385 0.583676268861454
0.884615384615385 0.583276216586703
0.884615384615385 0.582876712328767
0.884615384615385 0.582477754962355
0.884615384615385 0.582079343365253
0.884615384615385 0.581681476418319
0.885654885654886 0.581967213114754
0.886694386694387 0.582252559726962
0.886694386694387 0.581855388813097
0.887733887733888 0.58214042263122
0.887733887733888 0.581743869209809
0.887733887733888 0.581347855684139
0.888773388773389 0.581632653061224
0.888773388773389 0.581237253569001
0.888773388773389 0.580842391304348
0.88981288981289 0.58112695179905
0.88981288981289 0.580732700135685
0.88981288981289 0.580338983050847
0.88981288981289 0.579945799457995
0.88981288981289 0.579553148273527
0.88981288981289 0.579161028416779
0.88981288981289 0.578769438810007
0.890852390852391 0.579054054054054
0.891891891891892 0.579338284942606
0.891891891891892 0.578947368421053
0.892931392931393 0.579231287929872
0.892931392931393 0.578840970350404
0.893970893970894 0.579124579124579
0.895010395010395 0.579407806191117
0.895010395010395 0.57901815736382
0.895010395010395 0.578629032258065
0.895010395010395 0.57824042981867
0.895010395010395 0.577852348993289
0.895010395010395 0.577464788732394
0.895010395010395 0.577077747989276
0.895010395010395 0.576691225720027
0.895010395010395 0.576305220883534
0.895010395010395 0.575919732441472
0.895010395010395 0.575534759358289
0.895010395010395 0.575150300601202
0.896049896049896 0.57543391188251
0.896049896049896 0.57505003335557
0.896049896049896 0.574666666666667
0.897089397089397 0.574950033311126
0.897089397089397 0.5745672436751
0.897089397089397 0.57418496340652
0.897089397089397 0.573803191489362
0.897089397089397 0.573421926910299
0.897089397089397 0.573041168658699
0.897089397089397 0.572660915726609
0.897089397089397 0.572281167108753
0.897089397089397 0.571901921802518
0.897089397089397 0.571523178807947
0.898128898128898 0.57180675049636
0.899168399168399 0.572089947089947
0.899168399168399 0.571711830799736
0.899168399168399 0.571334214002642
0.899168399168399 0.570957095709571
0.9002079002079 0.571240105540897
0.9002079002079 0.570863546473303
0.9002079002079 0.570487483530962
0.9002079002079 0.570111915734036
0.9002079002079 0.569736842105263
0.9002079002079 0.569362261669954
0.9002079002079 0.568988173455979
0.901247401247401 0.569271175311884
0.901247401247401 0.568897637795276
0.901247401247401 0.568524590163934
0.901247401247401 0.568152031454784
0.901247401247401 0.567779960707269
0.901247401247401 0.567408376963351
0.901247401247401 0.567037279267495
0.901247401247401 0.566666666666667
0.901247401247401 0.56629653821032
0.902286902286902 0.566579634464752
0.902286902286902 0.5662100456621
0.902286902286902 0.565840938722295
0.903326403326403 0.566123778501629
0.904365904365904 0.56640625
0.905405405405405 0.566688353936239
0.905405405405405 0.566319895968791
0.905405405405405 0.56595191682911
0.906444906444906 0.566233766233766
0.906444906444906 0.565866320571058
0.906444906444906 0.565499351491569
0.906444906444906 0.565132858068697
0.906444906444906 0.564766839378238
0.906444906444906 0.564401294498382
0.906444906444906 0.564036222509702
0.906444906444906 0.563671622495152
0.906444906444906 0.563307493540052
0.907484407484408 0.563589412524209
0.908523908523909 0.563870967741935
0.90956340956341 0.564152159896841
0.90956340956341 0.563788659793814
0.90956340956341 0.563425627817128
0.90956340956341 0.563063063063063
0.910602910602911 0.563344051446945
0.910602910602911 0.562982005141388
0.911642411642412 0.563262684649968
0.911642411642412 0.562901155327343
0.911642411642412 0.562540089801155
0.911642411642412 0.562179487179487
0.911642411642412 0.56181934657271
0.911642411642412 0.56145966709347
0.912681912681913 0.561740243122201
0.913721413721414 0.562020460358056
0.914760914760915 0.562300319488818
0.914760914760915 0.561941251596424
0.914760914760915 0.561582641991066
0.914760914760915 0.561224489795918
0.914760914760915 0.560866794136393
0.914760914760915 0.560509554140127
0.914760914760915 0.560152768936983
0.914760914760915 0.559796437659033
0.915800415800416 0.560076287349015
0.915800415800416 0.559720457433291
0.916839916839917 0.56
0.916839916839917 0.559644670050761
0.917879417879418 0.559923906150919
0.918918918918919 0.560202788339671
0.918918918918919 0.559848005066498
0.918918918918919 0.559493670886076
0.918918918918919 0.559139784946237
0.918918918918919 0.558786346396966
0.918918918918919 0.558433354390398
0.91995841995842 0.558712121212121
0.91995841995842 0.558359621451104
0.920997920997921 0.558638083228247
0.922037422037422 0.558916194076875
0.923076923076923 0.55919395465995
0.923076923076923 0.55884203901825
0.924116424116424 0.559119496855346
0.924116424116424 0.558768070395977
0.924116424116424 0.558417085427136
0.925155925155925 0.558694287507847
0.925155925155925 0.558343789209536
0.925155925155925 0.557993730407524
0.925155925155925 0.557644110275689
0.925155925155925 0.557294927989981
0.925155925155925 0.556946182728411
0.925155925155925 0.556597873671044
0.925155925155925 0.55625
0.925155925155925 0.555902560899438
0.925155925155925 0.555555555555556
0.925155925155925 0.555208983156581
0.925155925155925 0.554862842892768
0.926195426195426 0.555140186915888
0.926195426195426 0.554794520547945
0.926195426195426 0.554449284380834
0.926195426195426 0.55410447761194
0.927234927234927 0.554381603480423
0.927234927234927 0.554037267080745
0.927234927234927 0.553693358162632
0.928274428274428 0.553970223325062
0.928274428274428 0.553626782393056
0.928274428274428 0.553283767038414
0.928274428274428 0.552941176470588
0.928274428274428 0.55259900990099
0.928274428274428 0.552257266542981
0.928274428274428 0.551915945611867
0.929313929313929 0.55219271155034
0.929313929313929 0.551851851851852
0.93035343035343 0.552128315854411
0.93035343035343 0.551787916152898
0.93035343035343 0.551447935921134
0.93035343035343 0.551108374384236
0.93035343035343 0.550769230769231
0.93035343035343 0.550430504305043
0.93035343035343 0.550092194222495
0.93035343035343 0.5497542997543
0.93035343035343 0.549416820135052
0.931392931392931 0.549693251533742
0.931392931392931 0.549356223175966
0.931392931392931 0.549019607843137
0.932432432432432 0.549295774647887
0.933471933471933 0.549571603427173
0.934511434511434 0.549847094801223
0.934511434511434 0.549511002444988
0.934511434511434 0.549175320708613
0.934511434511434 0.548840048840049
0.934511434511434 0.548505186089079
0.934511434511434 0.548170731707317
0.934511434511434 0.547836684948202
0.934511434511434 0.547503045066991
0.934511434511434 0.547169811320755
0.934511434511434 0.54683698296837
0.934511434511434 0.546504559270517
0.935550935550936 0.54678007290401
0.935550935550936 0.546448087431694
0.936590436590437 0.546723300970874
0.937629937629938 0.546998180715585
0.938669438669439 0.547272727272727
0.93970893970894 0.547546941247729
0.93970893970894 0.547215496368039
0.93970893970894 0.546884452510587
0.93970893970894 0.546553808948005
0.93970893970894 0.546223564954683
0.93970893970894 0.545893719806763
0.940748440748441 0.546167773083887
0.940748440748441 0.54583835946924
0.941787941787942 0.546112115732369
0.942827442827443 0.546385542168675
0.942827442827443 0.545728038507822
0.942827442827443 0.545399879735418
0.942827442827443 0.545072115384615
0.942827442827443 0.544744744744745
0.942827442827443 0.544417767106843
0.942827442827443 0.544091181763647
0.942827442827443 0.543764988009592
0.942827442827443 0.543439185140803
0.943866943866944 0.543712574850299
0.944906444906445 0.543985637342908
0.945945945945946 0.543933054393305
0.945945945945946 0.543608124253286
0.945945945945946 0.543283582089552
0.945945945945946 0.542959427207637
0.945945945945946 0.542635658914729
0.945945945945946 0.542312276519666
0.946985446985447 0.542584871947588
0.948024948024948 0.542857142857143
0.948024948024948 0.542534205829863
0.948024948024948 0.542211652794293
0.948024948024948 0.541889483065954
0.948024948024948 0.541567695961995
0.948024948024948 0.541246290801187
0.949064449064449 0.541518386714116
0.949064449064449 0.541197391819798
0.949064449064449 0.540876777251185
0.949064449064449 0.540556542332741
0.949064449064449 0.540236686390533
0.949064449064449 0.539917208752218
0.949064449064449 0.539598108747045
0.949064449064449 0.539279385705848
0.949064449064449 0.538961038961039
0.949064449064449 0.538643067846608
0.949064449064449 0.538325471698113
0.949064449064449 0.538008249852681
0.95010395010395 0.538280329799764
0.95010395010395 0.53796350794585
0.95010395010395 0.537647058823529
0.951143451143451 0.537918871252205
0.951143451143451 0.537602820211516
0.952182952182952 0.537874339401057
0.953222453222453 0.538145539906103
0.954261954261954 0.53841642228739
0.954261954261954 0.53810082063306
0.955301455301455 0.538371411833626
0.955301455301455 0.538056206088993
0.955301455301455 0.537741369221767
0.955301455301455 0.537426900584795
0.956340956340956 0.537697253068381
0.956340956340956 0.537383177570093
0.956340956340956 0.537069468768243
0.957380457380457 0.537339556592765
0.958419958419958 0.537609329446064
0.958419958419958 0.537296037296037
0.958419958419958 0.536983110075713
0.958419958419958 0.536670547147846
0.958419958419958 0.536358347876672
0.958419958419958 0.536046511627907
0.958419958419958 0.535735037768739
0.958419958419958 0.535423925667828
0.958419958419958 0.535113174695299
0.958419958419958 0.534802784222738
0.959459459459459 0.535072463768116
0.959459459459459 0.534762456546929
0.959459459459459 0.534452808338159
0.960498960498961 0.534722222222222
0.960498960498961 0.534412955465587
0.961538461538462 0.534682080924855
0.961538461538462 0.534373194685153
0.961538461538462 0.534064665127021
0.961538461538462 0.533756491633006
0.961538461538462 0.533448673587082
0.961538461538462 0.53314121037464
0.961538461538462 0.532834101382488
0.961538461538462 0.532527345998849
0.961538461538462 0.532220943613349
0.962577962577963 0.532489936745256
0.962577962577963 0.532183908045977
0.963617463617464 0.532452613440551
0.964656964656965 0.532721010332951
0.964656964656965 0.53241537578887
0.965696465696466 0.532683486238532
0.965696465696466 0.532378223495702
0.965696465696466 0.532073310423826
0.965696465696466 0.531768746422438
0.966735966735967 0.532036613272311
0.966735966735967 0.531732418524871
0.966735966735967 0.531428571428571
0.966735966735967 0.531125071387778
0.967775467775468 0.531392694063927
0.968814968814969 0.531660011409013
0.968814968814969 0.531356898517674
0.968814968814969 0.531054131054131
0.968814968814969 0.530751708428246
0.968814968814969 0.530449630051224
0.968814968814969 0.530147895335609
0.968814968814969 0.529846503695281
0.968814968814969 0.529545454545455
0.96985446985447 0.529812606473595
0.96985446985447 0.529511918274688
0.96985446985447 0.529211571185479
0.970893970893971 0.529478458049887
0.970893970893971 0.529178470254957
0.970893970893971 0.528878822197056
0.970893970893971 0.528579513299377
0.970893970893971 0.528280542986425
0.970893970893971 0.527981910684002
0.971933471933472 0.528248587570621
0.971933471933472 0.527950310559006
0.971933471933472 0.52765237020316
0.971933471933472 0.527354765933446
0.971933471933472 0.527057497181511
0.971933471933472 0.526760563380282
0.972972972972973 0.527027027027027
0.972972972972973 0.526730444569499
0.972972972972973 0.526138279932546
0.972972972972973 0.525842696629213
0.972972972972973 0.525547445255474
0.974012474012474 0.525813692480359
0.974012474012474 0.525518788558609
0.974012474012474 0.525224215246637
0.974012474012474 0.524929971988796
0.974012474012474 0.524636058230683
0.974012474012474 0.524342473419138
0.974012474012474 0.524049217002237
0.974012474012474 0.52375628842929
0.975051975051975 0.524022346368715
0.975051975051975 0.523729759910664
0.975051975051975 0.5234375
0.975051975051975 0.523145566090351
0.975051975051975 0.522853957636566
0.975051975051975 0.522562674094707
0.975051975051975 0.522271714922049
0.975051975051975 0.521690767519466
0.975051975051975 0.521400778210117
0.975051975051975 0.521111111111111
0.975051975051975 0.52082176568573
0.975051975051975 0.520532741398446
0.975051975051975 0.52024403771492
0.975051975051975 0.519955654101996
0.975051975051975 0.519667590027701
0.975051975051975 0.51937984496124
0.975051975051975 0.519092418372994
0.976091476091476 0.519358407079646
0.976091476091476 0.519071310116086
0.976091476091476 0.51878453038674
0.976091476091476 0.518498067366096
0.976091476091476 0.518211920529801
0.976091476091476 0.517926089354661
0.976091476091476 0.517640573318633
0.976091476091476 0.517355371900826
0.976091476091476 0.517070484581498
0.976091476091476 0.516785910842047
0.976091476091476 0.516501650165016
0.976091476091476 0.516217702034085
0.977130977130977 0.516483516483517
0.978170478170478 0.516749038989566
0.978170478170478 0.516465422612514
0.979209979209979 0.516730663741086
0.979209979209979 0.516447368421053
0.98024948024948 0.516712328767123
0.981288981288981 0.51697699890471
0.981288981288981 0.516694033935413
0.981288981288981 0.516411378555799
0.981288981288981 0.516129032258065
0.981288981288981 0.515846994535519
0.981288981288981 0.515565264882578
0.982328482328482 0.515829694323144
0.982328482328482 0.515548281505728
0.982328482328482 0.515267175572519
0.982328482328482 0.514986376021798
0.982328482328482 0.514705882352941
0.982328482328482 0.514425694066413
0.982328482328482 0.514145810663765
0.982328482328482 0.513866231647635
0.982328482328482 0.513586956521739
0.983367983367983 0.513851167843563
0.983367983367983 0.51357220412595
0.983367983367983 0.513293543136191
0.983367983367983 0.513015184381779
0.983367983367983 0.512737127371274
0.983367983367983 0.512459371614301
0.983367983367983 0.512181916621548
0.983367983367983 0.511904761904762
0.983367983367983 0.511627906976744
0.983367983367983 0.511351351351351
0.983367983367983 0.51107509454349
0.983367983367983 0.510799136069114
0.984407484407484 0.511063140852671
0.984407484407484 0.510787486515642
0.984407484407484 0.510512129380054
0.984407484407484 0.510237068965517
0.984407484407484 0.509962304792676
0.984407484407484 0.509687836383208
0.984407484407484 0.509413663259817
0.984407484407484 0.509139784946237
0.985446985446986 0.509403546480387
0.986486486486487 0.509667024704619
0.986486486486487 0.509393451422437
0.987525987525988 0.509656652360515
0.987525987525988 0.509383378016086
0.987525987525988 0.509110396570204
0.987525987525988 0.508837707552223
0.988565488565489 0.509100642398287
0.988565488565489 0.508828250401284
0.98960498960499 0.509090909090909
0.990644490644491 0.509353287012293
0.990644490644491 0.509081196581197
0.990644490644491 0.508809396689802
0.991683991683992 0.509071504802561
0.991683991683992 0.5088
0.991683991683992 0.508528784648188
0.991683991683992 0.508257858284497
0.992723492723493 0.508519701810437
0.992723492723493 0.508249068653539
0.992723492723493 0.507978723404255
0.993762993762994 0.508240297713982
0.993762993762994 0.507970244420829
0.993762993762994 0.507700477960701
0.993762993762994 0.507161803713528
0.993762993762994 0.506892895015907
0.993762993762994 0.506624271330154
0.993762993762994 0.50635593220339
0.993762993762994 0.506087877183695
0.994802494802495 0.506081438392385
0.994802494802495 0.505813953488372
0.994802494802495 0.505546751188589
0.994802494802495 0.505279831045407
0.994802494802495 0.505013192612137
0.995841995841996 0.505274261603376
0.995841995841996 0.505007907221929
0.995841995841996 0.504741833508957
0.995841995841996 0.504476040021064
0.995841995841996 0.504210526315789
0.995841995841996 0.503945291951604
0.995841995841996 0.503680336487907
0.995841995841996 0.503415659485024
0.995841995841996 0.503151260504202
0.995841995841996 0.502887139107612
0.996881496881497 0.503147953830011
0.996881496881497 0.502884111169376
0.996881496881497 0.502620545073375
0.996881496881497 0.502357255107386
0.996881496881497 0.502094240837696
0.997920997920998 0.502354788069074
0.997920997920998 0.502092050209205
0.998960498960499 0.502352326189232
1 0.502612330198537
1 0.502349869451697
1 0.502087682672234
1 0.501825769431403
1 0.501564129301356
1 0.501302761855133
1 0.501041666666667
1 0.500780843310776
1 0.500520291363163
1 0.500260010400416
