0 NA
0.00103950103950104 1
0.00207900207900208 1
0.00311850311850312 1
0.00415800415800416 1
0.0051975051975052 1
0.00623700623700624 1
0.00727650727650728 1
0.00831600831600832 1
0.00831600831600832 0.888888888888889
0.00935550935550936 0.9
0.0103950103950104 0.909090909090909
0.0114345114345114 0.916666666666667
0.0124740124740125 0.923076923076923
0.0135135135135135 0.928571428571429
0.0145530145530146 0.933333333333333
0.0155925155925156 0.9375
0.0166320166320166 0.941176470588235
0.0176715176715177 0.944444444444444
0.0187110187110187 0.947368421052632
0.0197505197505198 0.95
0.0207900207900208 0.952380952380952
0.0218295218295218 0.954545454545455
0.0228690228690229 0.956521739130435
0.0239085239085239 0.958333333333333
0.0249480249480249 0.96
0.025987525987526 0.961538461538462
0.025987525987526 0.925925925925926
0.027027027027027 0.928571428571429
0.0280665280665281 0.931034482758621
0.0291060291060291 0.933333333333333
0.0301455301455301 0.935483870967742
0.0311850311850312 0.9375
0.0322245322245322 0.939393939393939
0.0332640332640333 0.941176470588235
0.0343035343035343 0.942857142857143
0.0353430353430353 0.944444444444444
0.0353430353430353 0.918918918918919
0.0363825363825364 0.921052631578947
0.0374220374220374 0.923076923076923
0.0384615384615385 0.925
0.0395010395010395 0.926829268292683
0.0405405405405405 0.928571428571429
0.0415800415800416 0.930232558139535
0.0415800415800416 0.909090909090909
0.0426195426195426 0.911111111111111
0.0426195426195426 0.891304347826087
0.0426195426195426 0.872340425531915
0.0436590436590437 0.875
0.0436590436590437 0.857142857142857
0.0436590436590437 0.84
0.0446985446985447 0.843137254901961
0.0457380457380457 0.846153846153846
0.0457380457380457 0.830188679245283
0.0467775467775468 0.833333333333333
0.0478170478170478 0.836363636363636
0.0488565488565489 0.839285714285714
0.0498960498960499 0.842105263157895
0.0509355509355509 0.844827586206897
0.051975051975052 0.847457627118644
0.051975051975052 0.833333333333333
0.053014553014553 0.836065573770492
0.053014553014553 0.82258064516129
0.0540540540540541 0.825396825396825
0.0550935550935551 0.828125
0.0561330561330561 0.830769230769231
0.0571725571725572 0.833333333333333
0.0582120582120582 0.835820895522388
0.0592515592515593 0.838235294117647
0.0602910602910603 0.840579710144927
0.0613305613305613 0.842857142857143
0.0623700623700624 0.845070422535211
0.0634095634095634 0.847222222222222
0.0644490644490645 0.849315068493151
0.0654885654885655 0.851351351351351
0.0665280665280665 0.853333333333333
0.0675675675675676 0.855263157894737
0.0686070686070686 0.857142857142857
0.0696465696465697 0.858974358974359
0.0706860706860707 0.860759493670886
0.0717255717255717 0.8625
0.0727650727650728 0.864197530864197
0.0738045738045738 0.865853658536585
0.0748440748440748 0.867469879518072
0.0758835758835759 0.869047619047619
0.0769230769230769 0.870588235294118
0.077962577962578 0.872093023255814
0.079002079002079 0.873563218390805
0.08004158004158 0.875
0.0810810810810811 0.876404494382023
0.0821205821205821 0.877777777777778
0.0831600831600832 0.879120879120879
0.0841995841995842 0.880434782608696
0.0841995841995842 0.870967741935484
0.0852390852390852 0.872340425531915
0.0862785862785863 0.873684210526316
0.0873180873180873 0.875
0.0873180873180873 0.865979381443299
0.0883575883575884 0.86734693877551
0.0893970893970894 0.868686868686869
0.0904365904365904 0.87
0.0914760914760915 0.871287128712871
0.0925155925155925 0.872549019607843
0.0935550935550936 0.87378640776699
0.0945945945945946 0.875
0.0956340956340956 0.876190476190476
0.0966735966735967 0.877358490566038
0.0977130977130977 0.878504672897196
0.0987525987525988 0.87962962962963
0.0987525987525988 0.871559633027523
0.0997920997920998 0.872727272727273
0.100831600831601 0.873873873873874
0.101871101871102 0.875
0.102910602910603 0.876106194690266
0.103950103950104 0.87719298245614
0.104989604989605 0.878260869565217
0.106029106029106 0.879310344827586
0.107068607068607 0.88034188034188
0.108108108108108 0.88135593220339
0.109147609147609 0.882352941176471
0.11018711018711 0.883333333333333
0.11018711018711 0.87603305785124
0.111226611226611 0.877049180327869
0.112266112266112 0.878048780487805
0.113305613305613 0.879032258064516
0.114345114345114 0.88
0.115384615384615 0.880952380952381
0.115384615384615 0.874015748031496
0.115384615384615 0.8671875
0.116424116424116 0.868217054263566
0.116424116424116 0.861538461538462
0.117463617463617 0.862595419847328
0.118503118503119 0.863636363636364
0.11954261954262 0.864661654135338
0.120582120582121 0.865671641791045
0.120582120582121 0.859259259259259
0.121621621621622 0.860294117647059
0.122661122661123 0.861313868613139
0.123700623700624 0.86231884057971
0.124740124740125 0.863309352517986
0.125779625779626 0.864285714285714
0.125779625779626 0.858156028368794
0.126819126819127 0.859154929577465
0.127858627858628 0.86013986013986
0.128898128898129 0.861111111111111
0.12993762993763 0.862068965517241
0.130977130977131 0.863013698630137
0.132016632016632 0.863945578231292
0.133056133056133 0.864864864864865
0.134095634095634 0.865771812080537
0.135135135135135 0.866666666666667
0.136174636174636 0.867549668874172
0.137214137214137 0.868421052631579
0.138253638253638 0.869281045751634
0.139293139293139 0.87012987012987
0.139293139293139 0.864516129032258
0.14033264033264 0.865384615384615
0.141372141372141 0.866242038216561
0.141372141372141 0.860759493670886
0.141372141372141 0.855345911949686
0.142411642411642 0.85625
0.143451143451143 0.857142857142857
0.144490644490644 0.858024691358025
0.144490644490644 0.852760736196319
0.145530145530146 0.853658536585366
0.146569646569647 0.854545454545454
0.147609147609148 0.855421686746988
0.148648648648649 0.856287425149701
0.148648648648649 0.851190476190476
0.14968814968815 0.85207100591716
0.150727650727651 0.852941176470588
0.151767151767152 0.853801169590643
0.152806652806653 0.854651162790698
0.153846153846154 0.855491329479769
0.154885654885655 0.85632183908046
0.155925155925156 0.857142857142857
0.156964656964657 0.857954545454545
0.156964656964657 0.853107344632768
0.158004158004158 0.853932584269663
0.158004158004158 0.849162011173184
0.159043659043659 0.85
0.16008316008316 0.850828729281768
0.16008316008316 0.846153846153846
0.161122661122661 0.846994535519126
0.162162162162162 0.847826086956522
0.163201663201663 0.848648648648649
0.164241164241164 0.849462365591398
0.165280665280665 0.850267379679144
0.165280665280665 0.845744680851064
0.165280665280665 0.841269841269841
0.166320166320166 0.842105263157895
0.167359667359667 0.842931937172775
0.167359667359667 0.838541666666667
0.168399168399168 0.839378238341969
0.168399168399168 0.835051546391753
0.168399168399168 0.830769230769231
0.169438669438669 0.831632653061224
0.17047817047817 0.83248730964467
0.171517671517672 0.833333333333333
0.172557172557173 0.834170854271357
0.173596673596674 0.835
0.174636174636175 0.835820895522388
0.175675675675676 0.836633663366337
0.176715176715177 0.83743842364532
0.177754677754678 0.838235294117647
0.178794178794179 0.839024390243902
0.178794178794179 0.83495145631068
0.17983367983368 0.835748792270531
0.180873180873181 0.836538461538462
0.181912681912682 0.837320574162679
0.182952182952183 0.838095238095238
0.183991683991684 0.838862559241706
0.185031185031185 0.839622641509434
0.186070686070686 0.84037558685446
0.187110187110187 0.841121495327103
0.188149688149688 0.841860465116279
0.189189189189189 0.842592592592593
0.19022869022869 0.84331797235023
0.191268191268191 0.844036697247706
0.191268191268191 0.840182648401826
0.192307692307692 0.840909090909091
0.192307692307692 0.83710407239819
0.193347193347193 0.837837837837838
0.193347193347193 0.834080717488789
0.194386694386694 0.834821428571429
0.195426195426195 0.835555555555556
0.195426195426195 0.831858407079646
0.196465696465696 0.832599118942731
0.196465696465696 0.828947368421053
0.197505197505198 0.829694323144105
0.198544698544699 0.830434782608696
0.1995841995842 0.831168831168831
0.200623700623701 0.831896551724138
0.201663201663202 0.832618025751073
0.202702702702703 0.833333333333333
0.203742203742204 0.834042553191489
0.204781704781705 0.834745762711864
0.205821205821206 0.835443037974684
0.206860706860707 0.836134453781513
0.207900207900208 0.836820083682008
0.207900207900208 0.833333333333333
0.208939708939709 0.83402489626556
0.208939708939709 0.830578512396694
0.20997920997921 0.831275720164609
0.211018711018711 0.831967213114754
0.211018711018711 0.828571428571429
0.212058212058212 0.829268292682927
0.213097713097713 0.82995951417004
0.214137214137214 0.830645161290323
0.215176715176715 0.831325301204819
0.216216216216216 0.832
0.216216216216216 0.828685258964143
0.217255717255717 0.829365079365079
0.218295218295218 0.8300395256917
0.219334719334719 0.830708661417323
0.219334719334719 0.827450980392157
0.22037422037422 0.828125
0.221413721413721 0.828793774319066
0.222453222453222 0.829457364341085
0.223492723492724 0.83011583011583
0.224532224532225 0.830769230769231
0.225571725571726 0.831417624521073
0.226611226611227 0.83206106870229
0.227650727650728 0.832699619771863
0.227650727650728 0.829545454545455
0.227650727650728 0.826415094339623
0.228690228690229 0.827067669172932
0.22972972972973 0.827715355805243
0.230769230769231 0.828358208955224
0.231808731808732 0.828996282527881
0.231808731808732 0.825925925925926
0.232848232848233 0.826568265682657
0.233887733887734 0.827205882352941
0.234927234927235 0.827838827838828
0.235966735966736 0.828467153284672
0.235966735966736 0.825454545454545
0.235966735966736 0.822463768115942
0.237006237006237 0.823104693140794
0.238045738045738 0.823741007194245
0.238045738045738 0.82078853046595
0.239085239085239 0.821428571428571
0.24012474012474 0.822064056939502
0.241164241164241 0.822695035460993
0.242203742203742 0.823321554770318
0.243243243243243 0.823943661971831
0.243243243243243 0.821052631578947
0.244282744282744 0.821678321678322
0.244282744282744 0.818815331010453
0.245322245322245 0.819444444444444
0.245322245322245 0.816608996539792
0.246361746361746 0.817241379310345
0.247401247401247 0.81786941580756
0.248440748440748 0.818493150684932
0.249480249480249 0.819112627986348
0.249480249480249 0.816326530612245
0.250519750519751 0.816949152542373
0.251559251559252 0.817567567567568
0.252598752598753 0.818181818181818
0.253638253638254 0.818791946308725
0.253638253638254 0.816053511705686
0.254677754677755 0.816666666666667
0.255717255717256 0.817275747508306
0.256756756756757 0.817880794701987
0.257796257796258 0.818481848184819
0.258835758835759 0.819078947368421
0.25987525987526 0.819672131147541
0.260914760914761 0.820261437908497
0.261954261954262 0.820846905537459
0.261954261954262 0.818181818181818
0.262993762993763 0.818770226537217
0.264033264033264 0.819354838709677
0.265072765072765 0.819935691318328
0.265072765072765 0.817307692307692
0.266112266112266 0.817891373801917
0.267151767151767 0.818471337579618
0.268191268191268 0.819047619047619
0.269230769230769 0.819620253164557
0.269230769230769 0.817034700315457
0.269230769230769 0.814465408805031
0.27027027027027 0.815047021943574
0.271309771309771 0.815625
0.271309771309771 0.813084112149533
0.272349272349272 0.813664596273292
0.273388773388773 0.814241486068111
0.274428274428274 0.814814814814815
0.275467775467775 0.815384615384615
0.276507276507277 0.815950920245399
0.277546777546778 0.81651376146789
0.278586278586279 0.817073170731707
0.278586278586279 0.814589665653495
0.278586278586279 0.812121212121212
0.27962577962578 0.812688821752266
0.27962577962578 0.810240963855422
0.280665280665281 0.810810810810811
0.281704781704782 0.811377245508982
0.282744282744283 0.811940298507463
0.283783783783784 0.8125
0.284823284823285 0.813056379821958
0.284823284823285 0.810650887573965
0.285862785862786 0.811209439528024
0.286902286902287 0.811764705882353
0.286902286902287 0.809384164222874
0.287941787941788 0.809941520467836
0.288981288981289 0.810495626822157
0.29002079002079 0.811046511627907
0.291060291060291 0.811594202898551
0.291060291060291 0.809248554913295
0.292099792099792 0.809798270893372
0.293139293139293 0.810344827586207
0.294178794178794 0.810888252148997
0.295218295218295 0.811428571428571
0.295218295218295 0.809116809116809
0.296257796257796 0.809659090909091
0.297297297297297 0.810198300283286
0.298336798336798 0.810734463276836
0.298336798336798 0.808450704225352
0.299376299376299 0.808988764044944
0.299376299376299 0.80672268907563
0.3004158004158 0.807262569832402
0.301455301455301 0.807799442896936
0.302494802494802 0.808333333333333
0.303534303534304 0.808864265927978
0.303534303534304 0.806629834254144
0.304573804573805 0.807162534435262
0.305613305613306 0.807692307692308
0.305613305613306 0.805479452054795
0.306652806652807 0.806010928961749
0.307692307692308 0.806539509536785
0.308731808731809 0.807065217391304
0.308731808731809 0.804878048780488
0.30977130977131 0.805405405405405
0.310810810810811 0.805929919137466
0.311850311850312 0.806451612903226
0.312889812889813 0.806970509383378
0.313929313929314 0.807486631016043
0.313929313929314 0.805333333333333
0.314968814968815 0.805851063829787
0.314968814968815 0.803713527851459
0.314968814968815 0.801587301587302
0.314968814968815 0.799472295514512
0.316008316008316 0.8
0.317047817047817 0.800524934383202
0.318087318087318 0.801047120418848
0.319126819126819 0.801566579634465
0.32016632016632 0.802083333333333
0.321205821205821 0.802597402597403
0.322245322245322 0.803108808290155
0.323284823284823 0.803617571059432
0.324324324324324 0.804123711340206
0.325363825363825 0.804627249357326
0.326403326403326 0.805128205128205
0.327442827442827 0.805626598465473
0.327442827442827 0.803571428571429
0.327442827442827 0.801526717557252
0.328482328482329 0.802030456852792
0.32952182952183 0.80253164556962
0.32952182952183 0.80050505050505
0.330561330561331 0.801007556675063
0.330561330561331 0.798994974874372
0.331600831600832 0.799498746867168
0.332640332640333 0.8
0.333679833679834 0.800498753117207
0.334719334719335 0.800995024875622
0.335758835758836 0.801488833746898
0.336798336798337 0.801980198019802
0.337837837837838 0.802469135802469
0.337837837837838 0.800492610837438
0.337837837837838 0.798525798525799
0.337837837837838 0.79656862745098
0.337837837837838 0.794621026894866
0.338877338877339 0.795121951219512
0.33991683991684 0.795620437956204
0.340956340956341 0.796116504854369
0.341995841995842 0.796610169491525
0.341995841995842 0.794685990338164
0.341995841995842 0.792771084337349
0.341995841995842 0.790865384615385
0.341995841995842 0.788968824940048
0.343035343035343 0.789473684210526
0.344074844074844 0.789976133651551
0.345114345114345 0.79047619047619
0.346153846153846 0.790973871733967
0.346153846153846 0.789099526066351
0.347193347193347 0.789598108747045
0.348232848232848 0.790094339622642
0.349272349272349 0.790588235294118
0.349272349272349 0.788732394366197
0.349272349272349 0.786885245901639
0.35031185031185 0.787383177570093
0.35031185031185 0.785547785547786
0.351351351351351 0.786046511627907
0.352390852390852 0.786542923433875
0.353430353430353 0.787037037037037
0.354469854469854 0.787528868360277
0.355509355509356 0.788018433179724
0.355509355509356 0.786206896551724
0.355509355509356 0.784403669724771
0.356548856548857 0.784897025171625
0.357588357588358 0.785388127853881
0.357588357588358 0.783599088838269
0.358627858627859 0.784090909090909
0.35966735966736 0.784580498866213
0.360706860706861 0.785067873303167
0.361746361746362 0.785553047404063
0.361746361746362 0.783783783783784
0.362785862785863 0.784269662921348
0.363825363825364 0.7847533632287
0.364864864864865 0.785234899328859
0.364864864864865 0.783482142857143
0.365904365904366 0.783964365256125
0.366943866943867 0.784444444444444
0.367983367983368 0.784922394678492
0.367983367983368 0.783185840707965
0.369022869022869 0.783664459161148
0.37006237006237 0.784140969162996
0.371101871101871 0.784615384615385
0.371101871101871 0.782894736842105
0.371101871101871 0.781181619256017
0.372141372141372 0.781659388646288
0.373180873180873 0.782135076252723
0.374220374220374 0.782608695652174
0.375259875259875 0.783080260303688
0.376299376299376 0.783549783549784
0.377338877338877 0.784017278617711
0.378378378378378 0.78448275862069
0.378378378378378 0.782795698924731
0.378378378378378 0.781115879828326
0.379417879417879 0.781584582441114
0.38045738045738 0.782051282051282
0.381496881496881 0.782515991471215
0.381496881496881 0.780851063829787
0.382536382536383 0.781316348195329
0.382536382536383 0.779661016949153
0.383575883575884 0.780126849894292
0.384615384615385 0.780590717299578
0.385654885654886 0.781052631578947
0.386694386694387 0.781512605042017
0.386694386694387 0.779874213836478
0.387733887733888 0.780334728033473
0.388773388773389 0.780793319415449
0.38981288981289 0.78125
0.390852390852391 0.781704781704782
0.391891891891892 0.782157676348548
0.392931392931393 0.782608695652174
0.392931392931393 0.78099173553719
0.393970893970894 0.781443298969072
0.395010395010395 0.781893004115226
0.396049896049896 0.782340862422998
0.396049896049896 0.780737704918033
0.396049896049896 0.779141104294479
0.396049896049896 0.777551020408163
0.397089397089397 0.778004073319756
0.398128898128898 0.778455284552846
0.398128898128898 0.776876267748479
0.398128898128898 0.775303643724696
0.399168399168399 0.775757575757576
0.4002079002079 0.776209677419355
0.4002079002079 0.774647887323944
0.401247401247401 0.775100401606426
0.402286902286902 0.775551102204409
0.403326403326403 0.776
0.403326403326403 0.774451097804391
0.404365904365904 0.774900398406374
0.405405405405405 0.775347912524851
0.405405405405405 0.773809523809524
0.405405405405405 0.772277227722772
0.406444906444906 0.772727272727273
0.407484407484408 0.773175542406312
0.408523908523909 0.773622047244094
0.40956340956341 0.774066797642436
0.40956340956341 0.772549019607843
0.410602910602911 0.772994129158513
0.411642411642412 0.7734375
0.412681912681913 0.773879142300195
0.413721413721414 0.77431906614786
0.413721413721414 0.772815533980583
0.414760914760915 0.773255813953488
0.414760914760915 0.771760154738878
0.415800415800416 0.772200772200772
0.416839916839917 0.772639691714836
0.417879417879418 0.773076923076923
0.418918918918919 0.773512476007678
0.418918918918919 0.772030651340996
0.418918918918919 0.770554493307839
0.41995841995842 0.770992366412214
0.41995841995842 0.769523809523809
0.41995841995842 0.768060836501901
0.420997920997921 0.768500948766603
0.422037422037422 0.768939393939394
0.423076923076923 0.76937618147448
0.423076923076923 0.767924528301887
0.424116424116424 0.768361581920904
0.425155925155925 0.768796992481203
0.425155925155925 0.767354596622889
0.426195426195426 0.767790262172285
0.427234927234927 0.768224299065421
0.428274428274428 0.76865671641791
0.429313929313929 0.769087523277467
0.429313929313929 0.767657992565056
0.429313929313929 0.766233766233766
0.429313929313929 0.764814814814815
0.43035343035343 0.765249537892791
0.431392931392931 0.765682656826568
0.432432432432432 0.766114180478821
0.433471933471933 0.766544117647059
0.434511434511435 0.76697247706422
0.435550935550936 0.767399267399267
0.435550935550936 0.76599634369287
0.435550935550936 0.764598540145985
0.436590436590437 0.765027322404372
0.437629937629938 0.765454545454545
0.438669438669439 0.765880217785844
0.438669438669439 0.764492753623188
0.438669438669439 0.763110307414105
0.43970893970894 0.763537906137184
0.440748440748441 0.763963963963964
0.441787941787942 0.764388489208633
0.442827442827443 0.764811490125673
0.443866943866944 0.765232974910394
0.443866943866944 0.76386404293381
0.443866943866944 0.7625
0.444906444906445 0.762923351158645
0.445945945945946 0.763345195729537
0.445945945945946 0.761989342806394
0.445945945945946 0.76063829787234
0.446985446985447 0.761061946902655
0.448024948024948 0.761484098939929
0.448024948024948 0.760141093474427
0.449064449064449 0.76056338028169
0.449064449064449 0.759226713532513
0.45010395010395 0.759649122807018
0.451143451143451 0.760070052539405
0.451143451143451 0.758741258741259
0.452182952182952 0.759162303664921
0.453222453222453 0.759581881533101
0.454261954261954 0.76
0.455301455301455 0.760416666666667
0.456340956340956 0.760831889081456
0.457380457380457 0.761245674740484
0.458419958419958 0.761658031088083
0.459459459459459 0.762068965517241
0.459459459459459 0.760757314974182
0.459459459459459 0.759450171821306
0.46049896049896 0.759862778730703
0.46049896049896 0.758561643835616
0.461538461538462 0.758974358974359
0.462577962577963 0.75938566552901
0.463617463617464 0.759795570698467
0.464656964656965 0.760204081632653
0.465696465696466 0.760611205432937
0.466735966735967 0.761016949152542
0.467775467775468 0.761421319796954
0.468814968814969 0.761824324324324
0.46985446985447 0.762225969645868
0.470893970893971 0.762626262626263
0.471933471933472 0.763025210084034
0.472972972972973 0.763422818791946
0.474012474012474 0.763819095477387
0.475051975051975 0.764214046822743
0.476091476091476 0.764607679465776
0.477130977130977 0.765
0.477130977130977 0.763727121464226
0.477130977130977 0.762458471760797
0.478170478170478 0.762852404643449
0.479209979209979 0.763245033112583
0.479209979209979 0.76198347107438
0.48024948024948 0.762376237623762
0.48024948024948 0.761120263591433
0.481288981288981 0.761513157894737
0.481288981288981 0.760262725779967
0.482328482328482 0.760655737704918
0.483367983367983 0.761047463175123
0.483367983367983 0.759803921568627
0.484407484407484 0.760195758564437
0.485446985446985 0.760586319218241
0.485446985446985 0.759349593495935
0.486486486486487 0.75974025974026
0.487525987525988 0.760129659643436
0.487525987525988 0.758899676375405
0.488565488565489 0.759289176090469
0.48960498960499 0.759677419354839
0.48960498960499 0.758454106280193
0.490644490644491 0.758842443729904
0.491683991683992 0.759229534510433
0.491683991683992 0.75801282051282
0.492723492723493 0.7584
0.492723492723493 0.757188498402556
0.493762993762994 0.757575757575758
0.494802494802495 0.75796178343949
0.494802494802495 0.756756756756757
0.495841995841996 0.757142857142857
0.496881496881497 0.757527733755943
0.496881496881497 0.756329113924051
0.497920997920998 0.756714060031596
0.498960498960499 0.757097791798107
0.498960498960499 0.755905511811024
0.498960498960499 0.754716981132076
0.5 0.755102040816326
0.501039501039501 0.755485893416928
0.502079002079002 0.755868544600939
0.503118503118503 0.75625
0.504158004158004 0.756630265210608
0.505197505197505 0.757009345794392
0.506237006237006 0.757387247278383
0.507276507276507 0.757763975155279
0.508316008316008 0.758139534883721
0.509355509355509 0.758513931888545
0.509355509355509 0.757341576506955
0.509355509355509 0.756172839506173
0.509355509355509 0.755007704160247
0.51039501039501 0.755384615384615
0.51039501039501 0.754224270353303
0.511434511434511 0.754601226993865
0.512474012474012 0.754977029096478
0.512474012474012 0.753822629969419
0.513513513513513 0.754198473282443
0.513513513513513 0.753048780487805
0.513513513513513 0.751902587519026
0.514553014553014 0.752279635258359
0.515592515592516 0.752655538694992
0.516632016632017 0.753030303030303
0.516632016632017 0.751891074130106
0.517671517671518 0.75226586102719
0.518711018711019 0.7526395173454
0.518711018711019 0.751506024096386
0.518711018711019 0.750375939849624
0.51975051975052 0.750750750750751
0.520790020790021 0.751124437781109
0.521829521829522 0.751497005988024
0.522869022869023 0.75186846038864
0.523908523908524 0.752238805970149
0.523908523908524 0.751117734724292
0.523908523908524 0.75
0.523908523908524 0.74888558692422
0.524948024948025 0.749258160237389
0.525987525987526 0.74962962962963
0.527027027027027 0.75
0.528066528066528 0.750369276218611
0.529106029106029 0.750737463126844
0.53014553014553 0.751104565537555
0.531185031185031 0.751470588235294
0.531185031185031 0.750367107195301
0.532224532224532 0.750733137829912
0.532224532224532 0.749633967789165
0.533264033264033 0.75
0.534303534303534 0.75036496350365
0.534303534303534 0.749271137026239
0.535343035343035 0.749636098981077
0.535343035343035 0.748546511627907
0.536382536382536 0.748911465892598
0.536382536382536 0.747826086956522
0.537422037422037 0.748191027496382
0.537422037422037 0.747109826589595
0.538461538461538 0.747474747474748
0.538461538461538 0.746397694524496
0.539501039501039 0.746762589928058
0.540540540540541 0.747126436781609
0.540540540540541 0.746054519368723
0.540540540540541 0.744985673352435
0.540540540540541 0.743919885550787
0.541580041580042 0.744285714285714
0.542619542619543 0.744650499286733
0.543659043659044 0.745014245014245
0.543659043659044 0.743954480796586
0.544698544698545 0.744318181818182
0.545738045738046 0.74468085106383
0.545738045738046 0.743626062322946
0.545738045738046 0.742574257425743
0.546777546777547 0.742937853107345
0.547817047817048 0.743300423131171
0.547817047817048 0.742253521126761
0.548856548856549 0.742616033755274
0.54989604989605 0.742977528089888
0.550935550935551 0.743338008415147
0.550935550935551 0.742296918767507
0.551975051975052 0.742657342657343
0.551975051975052 0.741620111731844
0.553014553014553 0.741980474198047
0.554054054054054 0.742339832869081
0.555093555093555 0.742698191933241
0.555093555093555 0.741666666666667
0.555093555093555 0.740638002773925
0.555093555093555 0.739612188365651
0.556133056133056 0.739972337482711
0.556133056133056 0.738950276243094
0.557172557172557 0.739310344827586
0.558212058212058 0.739669421487603
0.559251559251559 0.740027510316369
0.56029106029106 0.740384615384615
0.561330561330561 0.740740740740741
0.562370062370062 0.741095890410959
0.562370062370062 0.740082079343365
0.563409563409563 0.740437158469945
0.564449064449064 0.740791268758527
0.564449064449064 0.739782016348774
0.564449064449064 0.738775510204082
0.565488565488566 0.739130434782609
0.566528066528067 0.739484396200814
0.567567567567568 0.739837398373984
0.567567567567568 0.738836265223275
0.568607068607069 0.739189189189189
0.56964656964657 0.739541160593792
0.56964656964657 0.738544474393531
0.570686070686071 0.738896366083445
0.571725571725572 0.739247311827957
0.572765072765073 0.739597315436242
0.573804573804574 0.739946380697051
0.574844074844075 0.740294511378849
0.575883575883576 0.740641711229946
0.576923076923077 0.740987983978638
0.576923076923077 0.74
0.577962577962578 0.74034620505992
0.579002079002079 0.740691489361702
0.579002079002079 0.739707835325365
0.58004158004158 0.740053050397878
0.581081081081081 0.740397350993377
0.581081081081081 0.739417989417989
0.582120582120582 0.739762219286658
0.583160083160083 0.740105540897098
0.583160083160083 0.739130434782609
0.583160083160083 0.738157894736842
0.583160083160083 0.73718791064389
0.583160083160083 0.736220472440945
0.583160083160083 0.735255570117955
0.584199584199584 0.735602094240838
0.584199584199584 0.734640522875817
0.585239085239085 0.734986945169713
0.585239085239085 0.734028683181226
0.585239085239085 0.733072916666667
0.585239085239085 0.732119635890767
0.585239085239085 0.731168831168831
0.586278586278586 0.731517509727626
0.587318087318087 0.731865284974093
0.588357588357588 0.732212160413972
0.588357588357588 0.731266149870801
0.589397089397089 0.731612903225806
0.59043659043659 0.731958762886598
0.59043659043659 0.731016731016731
0.59043659043659 0.730077120822622
0.59043659043659 0.729139922978177
0.591476091476091 0.729487179487179
0.592515592515592 0.729833546734955
0.592515592515592 0.728900255754476
0.593555093555094 0.729246487867177
0.594594594594595 0.729591836734694
0.594594594594595 0.728662420382166
0.594594594594595 0.727735368956743
0.594594594594595 0.726810673443456
0.595634095634096 0.727157360406091
0.596673596673597 0.727503168567807
0.597713097713098 0.727848101265823
0.598752598752599 0.72819216182048
0.5997920997921 0.728535353535353
0.5997920997921 0.727616645649433
0.600831600831601 0.727959697732998
0.600831600831601 0.727044025157233
0.601871101871102 0.727386934673367
0.601871101871102 0.726474278544542
0.602910602910603 0.726817042606516
0.602910602910603 0.725907384230288
0.603950103950104 0.72625
0.603950103950104 0.725343320848939
0.604989604989605 0.72568578553616
0.606029106029106 0.726027397260274
0.607068607068607 0.725465838509317
0.607068607068607 0.724565756823821
0.607068607068607 0.72366790582404
0.607068607068607 0.722772277227723
0.607068607068607 0.721878862793572
0.608108108108108 0.722222222222222
0.609147609147609 0.722564734895191
0.609147609147609 0.721674876847291
0.61018711018711 0.722017220172202
0.611226611226611 0.722358722358722
0.611226611226611 0.721472392638037
0.612266112266112 0.721813725490196
0.612266112266112 0.720930232558139
0.613305613305613 0.721271393643032
0.614345114345114 0.721611721611722
0.615384615384615 0.721951219512195
0.615384615384615 0.721071863580999
0.616424116424116 0.721411192214112
0.616424116424116 0.720534629404617
0.617463617463617 0.720873786407767
0.617463617463617 0.72
0.618503118503118 0.720338983050847
0.61954261954262 0.720677146311971
0.61954261954262 0.719806763285024
0.61954261954262 0.718938480096502
0.61954261954262 0.718072289156626
0.61954261954262 0.717208182912154
0.620582120582121 0.717548076923077
0.621621621621622 0.717887154861945
0.621621621621622 0.717026378896882
0.622661122661123 0.717365269461078
0.623700623700624 0.717703349282297
0.624740124740125 0.718040621266428
0.625779625779626 0.718377088305489
0.625779625779626 0.717520858164482
0.625779625779626 0.716666666666667
0.626819126819127 0.717003567181926
0.626819126819127 0.716152019002375
0.627858627858628 0.716488730723606
0.628898128898129 0.716824644549763
0.628898128898129 0.715976331360947
0.62993762993763 0.716312056737589
0.630977130977131 0.716646989374262
0.632016632016632 0.716981132075472
0.632016632016632 0.716136631330978
0.633056133056133 0.716470588235294
0.633056133056133 0.715628672150411
0.634095634095634 0.715962441314554
0.635135135135135 0.716295427901524
0.636174636174636 0.716627634660422
0.637214137214137 0.716959064327485
0.637214137214137 0.716121495327103
0.637214137214137 0.715285880980163
0.638253638253638 0.715617715617716
0.639293139293139 0.715948777648428
0.64033264033264 0.716279069767442
0.64033264033264 0.715447154471545
0.64033264033264 0.71461716937355
0.64033264033264 0.713789107763615
0.64033264033264 0.712962962962963
0.641372141372141 0.713294797687861
0.641372141372141 0.712471131639723
0.641372141372141 0.711649365628604
0.642411642411642 0.711981566820276
0.643451143451143 0.712313003452244
0.644490644490645 0.71264367816092
0.645530145530146 0.712973593570609
0.646569646569647 0.713302752293578
0.646569646569647 0.712485681557847
0.647609147609148 0.712814645308924
0.647609147609148 0.712
0.648648648648649 0.712328767123288
0.64968814968815 0.712656784492588
0.650727650727651 0.712984054669704
0.651767151767152 0.713310580204778
0.652806652806653 0.713636363636364
0.652806652806653 0.712826333711691
0.652806652806653 0.712018140589569
0.652806652806653 0.711211778029445
0.652806652806653 0.710407239819005
0.652806652806653 0.709604519774011
0.653846153846154 0.709932279909707
0.654885654885655 0.710259301014656
0.655925155925156 0.710585585585586
0.655925155925156 0.709786276715411
0.655925155925156 0.708988764044944
0.655925155925156 0.708193041526375
0.655925155925156 0.707399103139013
0.656964656964657 0.707726763717805
0.658004158004158 0.708053691275168
0.659043659043659 0.708379888268156
0.66008316008316 0.708705357142857
0.661122661122661 0.709030100334448
0.661122661122661 0.708240534521158
0.661122661122661 0.707452725250278
0.661122661122661 0.706666666666667
0.661122661122661 0.705882352941177
0.661122661122661 0.70509977827051
0.661122661122661 0.704318936877076
0.662162162162162 0.704646017699115
0.662162162162162 0.703867403314917
0.663201663201663 0.704194260485651
0.663201663201663 0.703417861080485
0.664241164241164 0.70374449339207
0.664241164241164 0.702970297029703
0.665280665280665 0.703296703296703
0.666320166320166 0.703622392974753
0.667359667359667 0.703947368421053
0.667359667359667 0.703176341730559
0.667359667359667 0.702407002188184
0.668399168399168 0.702732240437158
0.669438669438669 0.703056768558952
0.67047817047817 0.703380588876772
0.671517671517671 0.703703703703704
0.672557172557173 0.704026115342764
0.673596673596674 0.704347826086957
0.674636174636175 0.704668838219327
0.674636174636175 0.703904555314534
0.675675675675676 0.704225352112676
0.675675675675676 0.702702702702703
0.676715176715177 0.703023758099352
0.677754677754678 0.703344120819849
0.678794178794179 0.703663793103448
0.678794178794179 0.702906350914962
0.678794178794179 0.702150537634409
0.678794178794179 0.701396348012889
0.678794178794179 0.700643776824034
0.678794178794179 0.69989281886388
0.67983367983368 0.700214132762313
0.67983367983368 0.699465240641711
0.680873180873181 0.699786324786325
0.680873180873181 0.699039487726788
0.681912681912682 0.699360341151386
0.682952182952183 0.699680511182109
0.683991683991684 0.7
0.683991683991684 0.699256110520723
0.683991683991684 0.698513800424628
0.685031185031185 0.698833510074231
0.686070686070686 0.699152542372881
0.686070686070686 0.698412698412698
0.686070686070686 0.697674418604651
0.687110187110187 0.697993664202746
0.688149688149688 0.69831223628692
0.689189189189189 0.698630136986301
0.689189189189189 0.697894736842105
0.69022869022869 0.698212407991588
0.691268191268191 0.698529411764706
0.692307692307692 0.69884575026233
0.692307692307692 0.69811320754717
0.692307692307692 0.69738219895288
0.693347193347193 0.697698744769874
0.694386694386694 0.698014629049112
0.694386694386694 0.697286012526096
0.694386694386694 0.696558915537018
0.695426195426195 0.696875
0.696465696465696 0.697190426638918
0.697505197505197 0.697505197505197
0.697505197505197 0.696780893042575
0.698544698544699 0.697095435684647
0.6995841995842 0.69740932642487
0.6995841995842 0.696687370600414
0.700623700623701 0.697001034126163
0.701663201663202 0.697314049586777
0.702702702702703 0.697626418988648
0.702702702702703 0.696907216494845
0.703742203742204 0.697219361483007
0.704781704781705 0.697530864197531
0.705821205821206 0.697841726618705
0.705821205821206 0.697125256673511
0.706860706860707 0.697435897435897
0.706860706860707 0.69672131147541
0.707900207900208 0.697031729785056
0.708939708939709 0.697341513292434
0.708939708939709 0.696629213483146
0.70997920997921 0.696938775510204
0.711018711018711 0.697247706422018
0.712058212058212 0.69755600814664
0.713097713097713 0.697863682604273
0.714137214137214 0.698170731707317
0.715176715176715 0.698477157360406
0.716216216216216 0.698782961460446
0.716216216216216 0.698074974670719
0.717255717255717 0.698380566801619
0.718295218295218 0.698685540950455
0.718295218295218 0.697979797979798
0.719334719334719 0.698284561049445
0.719334719334719 0.69758064516129
0.719334719334719 0.696878147029204
0.719334719334719 0.696177062374245
0.719334719334719 0.695477386934673
0.72037422037422 0.69578313253012
0.721413721413721 0.696088264794383
0.721413721413721 0.695390781563126
0.722453222453222 0.695695695695696
0.722453222453222 0.695
0.723492723492724 0.695304695304695
0.723492723492724 0.694610778443114
0.723492723492724 0.693918245264207
0.724532224532225 0.694223107569721
0.724532224532225 0.693532338308458
0.724532224532225 0.692842942345924
0.724532224532225 0.692154915590864
0.724532224532225 0.691468253968254
0.725571725571726 0.691774033696729
0.725571725571726 0.691089108910891
0.726611226611227 0.691394658753709
0.726611226611227 0.690711462450593
0.726611226611227 0.690029615004936
0.726611226611227 0.689349112426035
0.726611226611227 0.688669950738916
0.727650727650728 0.688976377952756
0.727650727650728 0.688298918387414
0.727650727650728 0.68762278978389
0.728690228690229 0.68792934249264
0.728690228690229 0.687254901960784
0.72972972972973 0.687561214495593
0.730769230769231 0.687866927592955
0.731808731808732 0.688172043010753
0.731808731808732 0.6875
0.731808731808732 0.686829268292683
0.732848232848233 0.687134502923977
0.733887733887734 0.687439143135346
0.734927234927235 0.687743190661479
0.735966735966736 0.688046647230321
0.735966735966736 0.687378640776699
0.735966735966736 0.686711930164888
0.735966735966736 0.686046511627907
0.737006237006237 0.686350435624395
0.737006237006237 0.68568665377176
0.738045738045738 0.685990338164251
0.738045738045738 0.685328185328185
0.738045738045738 0.68466730954677
0.738045738045738 0.684007707129094
0.739085239085239 0.684311838306064
0.739085239085239 0.683653846153846
0.74012474012474 0.683957732949087
0.741164241164241 0.68426103646833
0.742203742203742 0.684563758389262
0.742203742203742 0.683908045977011
0.743243243243243 0.684210526315789
0.743243243243243 0.683556405353729
0.744282744282744 0.683858643744031
0.745322245322245 0.684160305343511
0.746361746361746 0.684461391801716
0.746361746361746 0.683809523809524
0.746361746361746 0.683158896289248
0.746361746361746 0.682509505703422
0.746361746361746 0.681861348528015
0.746361746361746 0.681214421252372
0.746361746361746 0.680568720379147
0.747401247401247 0.680871212121212
0.747401247401247 0.680227057710501
0.747401247401247 0.679584120982987
0.748440748440748 0.679886685552408
0.748440748440748 0.679245283018868
0.748440748440748 0.678605089538172
0.749480249480249 0.678907721280603
0.749480249480249 0.67826904985889
0.749480249480249 0.677631578947368
0.749480249480249 0.676995305164319
0.750519750519751 0.677298311444653
0.750519750519751 0.676663542642924
0.751559251559252 0.676966292134832
0.751559251559252 0.676333021515435
0.752598752598753 0.676635514018692
0.752598752598753 0.676003734827264
0.752598752598753 0.675373134328358
0.753638253638254 0.675675675675676
0.754677754677755 0.675977653631285
0.755717255717256 0.676279069767442
0.756756756756757 0.676579925650558
0.756756756756757 0.675951717734448
0.756756756756757 0.675324675324675
0.757796257796258 0.675625579240037
0.758835758835759 0.675925925925926
0.758835758835759 0.675300647548566
0.75987525987526 0.675600739371534
0.760914760914761 0.67590027700831
0.761954261954262 0.67619926199262
0.762993762993763 0.676497695852535
0.764033264033264 0.676795580110497
0.764033264033264 0.676172953081877
0.764033264033264 0.675551470588235
0.764033264033264 0.674931129476584
0.764033264033264 0.674311926605505
0.764033264033264 0.673693858845096
0.765072765072765 0.673992673992674
0.765072765072765 0.673376029277219
0.766112266112266 0.673674588665448
0.767151767151767 0.673972602739726
0.768191268191268 0.674270072992701
0.768191268191268 0.673655423883318
0.769230769230769 0.673952641165756
0.77027027027027 0.674249317561419
0.77027027027027 0.673636363636364
0.77027027027027 0.673024523160763
0.771309771309771 0.673321234119782
0.771309771309771 0.672710788757933
0.772349272349272 0.673007246376812
0.772349272349272 0.672398190045249
0.773388773388773 0.672694394213382
0.773388773388773 0.672086720867209
0.774428274428274 0.672382671480144
0.775467775467775 0.672678088367899
0.776507276507276 0.672972972972973
0.776507276507276 0.672367236723672
0.777546777546778 0.672661870503597
0.778586278586279 0.672955974842767
0.778586278586279 0.672351885098743
0.778586278586279 0.671748878923767
0.778586278586279 0.671146953405018
0.778586278586279 0.670546105640107
0.77962577962578 0.670840787119857
0.77962577962578 0.670241286863271
0.77962577962578 0.669642857142857
0.77962577962578 0.669045495093666
0.77962577962578 0.668449197860963
0.77962577962578 0.667853962600178
0.780665280665281 0.668149466192171
0.780665280665281 0.667555555555556
0.781704781704782 0.66785079928952
0.781704781704782 0.667258207630878
0.781704781704782 0.666666666666667
0.781704781704782 0.66607617360496
0.782744282744283 0.666371681415929
0.783783783783784 0.666666666666667
0.783783783783784 0.666077738515901
0.783783783783784 0.665489849955869
0.783783783783784 0.664902998236332
0.784823284823285 0.665198237885463
0.785862785862786 0.665492957746479
0.786902286902287 0.665787159190853
0.786902286902287 0.665202108963093
0.786902286902287 0.664618086040386
0.786902286902287 0.664035087719298
0.786902286902287 0.663453111305872
0.786902286902287 0.662872154115587
0.787941787941788 0.663167104111986
0.787941787941788 0.662587412587413
0.788981288981289 0.662882096069869
0.788981288981289 0.662303664921466
0.788981288981289 0.661726242371404
0.788981288981289 0.661149825783972
0.788981288981289 0.660574412532637
0.79002079002079 0.660869565217391
0.791060291060291 0.661164205039096
0.791060291060291 0.660590277777778
0.792099792099792 0.660884648742411
0.793139293139293 0.661178509532062
0.794178794178794 0.661471861471861
0.795218295218295 0.661764705882353
0.795218295218295 0.661192739844425
0.796257796257796 0.661485319516408
0.796257796257796 0.660914581535807
0.796257796257796 0.660344827586207
0.797297297297297 0.660637381567614
0.798336798336798 0.660929432013769
0.798336798336798 0.660361134995701
0.799376299376299 0.660652920962199
0.799376299376299 0.660085836909871
0.8004158004158 0.660377358490566
0.8004158004158 0.65981148243359
0.801455301455301 0.660102739726027
0.802494802494803 0.660393498716852
0.802494802494803 0.65982905982906
0.802494802494803 0.659265584970111
0.802494802494803 0.658703071672355
0.802494802494803 0.658141517476556
0.802494802494803 0.657580919931857
0.802494802494803 0.657021276595745
0.803534303534304 0.657312925170068
0.803534303534304 0.656754460492778
0.804573804573805 0.65704584040747
0.804573804573805 0.656488549618321
0.805613305613306 0.656779661016949
0.805613305613306 0.656223539373412
0.806652806652807 0.656514382402707
0.806652806652807 0.655959425190194
0.806652806652807 0.655405405405405
0.807692307692308 0.655696202531646
0.808731808731809 0.655986509274874
0.80977130977131 0.656276326874473
0.810810810810811 0.656565656565657
0.811850311850312 0.656854499579479
0.812889812889813 0.657142857142857
0.813929313929314 0.657430730478589
0.813929313929314 0.656879194630873
0.814968814968815 0.657166806370495
0.814968814968815 0.656616415410385
0.814968814968815 0.656066945606695
0.816008316008316 0.656354515050167
0.816008316008316 0.655806182121972
0.817047817047817 0.656093489148581
0.817047817047817 0.655546288573811
0.818087318087318 0.655833333333333
0.819126819126819 0.656119900083264
0.819126819126819 0.655574043261231
0.819126819126819 0.655029093931837
0.819126819126819 0.654485049833887
0.82016632016632 0.654771784232365
0.821205821205821 0.655058043117745
0.821205821205821 0.654515327257664
0.822245322245322 0.654801324503311
0.823284823284823 0.655086848635236
0.823284823284823 0.654545454545455
0.824324324324324 0.654830718414533
0.824324324324324 0.654290429042904
0.824324324324324 0.653751030502885
0.825363825363825 0.654036243822076
0.825363825363825 0.653497942386831
0.825363825363825 0.652960526315789
0.825363825363825 0.652423993426459
0.825363825363825 0.651888341543514
0.826403326403326 0.652173913043478
0.827442827442827 0.652459016393443
0.827442827442827 0.651924651924652
0.828482328482329 0.652209492635025
0.82952182952183 0.652493867538839
0.82952182952183 0.651960784313726
0.82952182952183 0.651428571428571
0.82952182952183 0.65089722675367
0.82952182952183 0.650366748166259
0.830561330561331 0.650651465798046
0.830561330561331 0.650122050447518
0.830561330561331 0.649593495934959
0.830561330561331 0.64906580016247
0.830561330561331 0.648538961038961
0.831600831600832 0.64882400648824
0.831600831600832 0.648298217179903
0.831600831600832 0.647773279352227
0.831600831600832 0.647249190938511
0.832640332640333 0.647534357316087
0.832640332640333 0.647011308562197
0.833679833679834 0.64729620661824
0.833679833679834 0.646774193548387
0.833679833679834 0.646253021756648
0.833679833679834 0.64573268921095
0.833679833679834 0.64521319388576
0.833679833679834 0.644694533762058
0.833679833679834 0.644176706827309
0.834719334719335 0.64446227929374
0.835758835758836 0.644747393744988
0.835758835758836 0.644230769230769
0.835758835758836 0.643714971977582
0.836798336798337 0.644
0.837837837837838 0.644284572342126
0.837837837837838 0.643769968051118
0.838877338877339 0.644054269752594
0.83991683991684 0.644338118022329
0.83991683991684 0.643824701195219
0.83991683991684 0.643312101910828
0.840956340956341 0.643595863166269
0.840956340956341 0.64308426073132
0.840956340956341 0.642573471008737
0.841995841995842 0.642857142857143
0.841995841995842 0.642347343378271
0.843035343035343 0.642630744849445
0.843035343035343 0.642121931908155
0.844074844074844 0.642405063291139
0.844074844074844 0.641897233201581
0.844074844074844 0.641390205371248
0.844074844074844 0.640883977900553
0.845114345114345 0.641167192429022
0.846153846153846 0.641449960598897
0.847193347193347 0.641732283464567
0.848232848232848 0.642014162077105
0.849272349272349 0.642295597484277
0.85031185031185 0.642576590730558
0.85031185031185 0.642072213500785
0.85031185031185 0.64156862745098
0.85031185031185 0.641065830721003
0.85031185031185 0.640563821456539
0.85031185031185 0.640062597809077
0.851351351351351 0.64034401876466
0.852390852390852 0.640625
0.852390852390852 0.640124902419984
0.853430353430353 0.640405616224649
0.853430353430353 0.639906469212782
0.854469854469854 0.639688715953307
0.854469854469854 0.639191290824261
0.855509355509355 0.639471639471639
0.855509355509355 0.638975155279503
0.856548856548857 0.639255236617533
0.857588357588358 0.63953488372093
0.858627858627859 0.639814097598761
0.85966735966736 0.640092879256966
0.85966735966736 0.639597834493426
0.85966735966736 0.639103554868624
0.85966735966736 0.638610038610039
0.860706860706861 0.638888888888889
0.860706860706861 0.638396299151889
0.860706860706861 0.637904468412943
0.860706860706861 0.637413394919169
0.861746361746362 0.637692307692308
0.862785862785863 0.637970791698693
0.862785862785863 0.637480798771121
0.862785862785863 0.636991557943208
0.862785862785863 0.636503067484663
0.862785862785863 0.636015325670498
0.863825363825364 0.636294027565084
0.864864864864865 0.636572302983933
0.864864864864865 0.636085626911315
0.864864864864865 0.635599694423224
0.865904365904366 0.63587786259542
0.865904365904366 0.635392829900839
0.865904365904366 0.634908536585366
0.866943866943867 0.635186595582635
0.866943866943867 0.634703196347032
0.866943866943867 0.634220532319392
0.867983367983368 0.634498480243161
0.867983367983368 0.634016704631739
0.867983367983368 0.633535660091047
0.869022869022869 0.633813495072024
0.87006237006237 0.634090909090909
0.871101871101871 0.634367903103709
0.871101871101871 0.633888048411498
0.872141372141372 0.63416477702192
0.872141372141372 0.63368580060423
0.873180873180873 0.633962264150943
0.873180873180873 0.633484162895928
0.873180873180873 0.633006782215524
0.873180873180873 0.632530120481928
0.873180873180873 0.632054176072235
0.874220374220374 0.632330827067669
0.875259875259875 0.632607062359128
0.875259875259875 0.632132132132132
0.875259875259875 0.63165791447862
0.876299376299376 0.631934032983508
0.876299376299376 0.631460674157303
0.876299376299376 0.630988023952096
0.876299376299376 0.630516080777861
0.876299376299376 0.630044843049327
0.877338877338877 0.630321135175504
0.878378378378378 0.630597014925373
0.879417879417879 0.630872483221476
0.88045738045738 0.631147540983607
0.88045738045738 0.630677587490692
0.88045738045738 0.630208333333333
0.88045738045738 0.629739776951673
0.88045738045738 0.62927191679049
0.88045738045738 0.628804751299183
0.88045738045738 0.628338278931751
0.88045738045738 0.627872498146775
0.884615384615385 0.621167883211679
0.884615384615385 0.62071480671043
0.884615384615385 0.620262390670554
0.884615384615385 0.619810633648944
0.885654885654886 0.620087336244541
0.885654885654886 0.619636363636364
0.886694386694387 0.619912790697674
0.886694386694387 0.619462599854757
0.887733887733888 0.619738751814224
0.887733887733888 0.619289340101523
0.887733887733888 0.618840579710145
0.887733887733888 0.618392469225199
0.887733887733888 0.61794500723589
0.887733887733888 0.617498192335503
0.887733887733888 0.617052023121387
0.887733887733888 0.616606498194946
0.887733887733888 0.616161616161616
0.887733887733888 0.615717375630858
0.887733887733888 0.615273775216138
0.887733887733888 0.614830813534917
0.887733887733888 0.614388489208633
0.887733887733888 0.613946800862689
0.887733887733888 0.613505747126437
0.888773388773389 0.6137832017229
0.888773388773389 0.613342898134864
0.888773388773389 0.612903225806452
0.888773388773389 0.612464183381089
0.888773388773389 0.612025769506084
0.888773388773389 0.611587982832618
0.888773388773389 0.611150822015726
0.888773388773389 0.610714285714286
0.88981288981289 0.610992148465382
0.88981288981289 0.61055634807418
0.88981288981289 0.610121168923735
0.88981288981289 0.60968660968661
0.88981288981289 0.609252669039146
0.88981288981289 0.608819345661451
0.890852390852391 0.6090973702914
0.890852390852391 0.608664772727273
0.890852390852391 0.608232789212207
0.890852390852391 0.607801418439716
0.890852390852391 0.607370659107016
0.891891891891892 0.607648725212465
0.891891891891892 0.607218683651805
0.891891891891892 0.606789250353607
0.891891891891892 0.606360424028269
0.891891891891892 0.605932203389831
0.891891891891892 0.605504587155963
0.891891891891892 0.605077574047955
0.891891891891892 0.604651162790698
0.891891891891892 0.604225352112676
0.891891891891892 0.603800140745954
0.891891891891892 0.60337552742616
0.892931392931393 0.603654251581167
0.893970893970894 0.603932584269663
0.895010395010395 0.604210526315789
0.895010395010395 0.603786816269285
0.895010395010395 0.603363700070077
0.896049896049896 0.603641456582633
0.897089397089397 0.603918824352694
0.898128898128898 0.604195804195804
0.898128898128898 0.60377358490566
0.899168399168399 0.604050279329609
0.899168399168399 0.603628750872296
0.899168399168399 0.603207810320781
0.899168399168399 0.602787456445993
0.899168399168399 0.602367688022284
0.899168399168399 0.601948503827418
0.9002079002079 0.602225312934631
0.9002079002079 0.60180681028492
0.901247401247401 0.602083333333333
0.901247401247401 0.601665510062457
0.901247401247401 0.60124826629681
0.901247401247401 0.600831600831601
0.901247401247401 0.600415512465374
0.902286902286902 0.600692041522491
0.902286902286902 0.600276625172891
0.902286902286902 0.599861782999309
0.903326403326403 0.600138121546961
0.904365904365904 0.600414078674948
0.904365904365904 0.6
0.904365904365904 0.599586492074431
0.904365904365904 0.599173553719008
0.905405405405405 0.599449415003441
0.905405405405405 0.599037138927098
0.905405405405405 0.598625429553265
0.905405405405405 0.598214285714286
0.906444906444906 0.598490048043926
0.906444906444906 0.598079561042524
0.907484407484408 0.598355037697053
0.907484407484408 0.597945205479452
0.907484407484408 0.597535934291581
0.907484407484408 0.597127222982216
0.908523908523909 0.597402597402597
0.908523908523909 0.596994535519126
0.90956340956341 0.597269624573379
0.910602910602911 0.597544338335607
0.910602910602911 0.597137014314928
0.910602910602911 0.596730245231608
0.910602910602911 0.596324029952349
0.910602910602911 0.595918367346939
0.910602910602911 0.595513256288239
0.911642411642412 0.595383570943652
0.911642411642412 0.594979647218453
0.911642411642412 0.594576271186441
0.911642411642412 0.594173441734417
0.911642411642412 0.5937711577522
0.911642411642412 0.593369418132612
0.912681912681913 0.593644354293442
0.912681912681913 0.593243243243243
0.912681912681913 0.592842673869007
0.913721413721414 0.593117408906883
0.913721413721414 0.592717464598786
0.913721413721414 0.592318059299191
0.914760914760915 0.592592592592593
0.915800415800416 0.592866756393001
0.915800415800416 0.592468056489576
0.915800415800416 0.592069892473118
0.916839916839917 0.592343854936199
0.916839916839917 0.591946308724832
0.916839916839917 0.591549295774648
0.916839916839917 0.591152815013405
0.916839916839917 0.590756865371735
0.917879417879418 0.591030789825971
0.917879417879418 0.590635451505017
0.918918918918919 0.590909090909091
0.918918918918919 0.590514362057448
0.918918918918919 0.590120160213618
0.918918918918919 0.589726484322882
0.918918918918919 0.589333333333333
0.918918918918919 0.588940706195869
0.91995841995842 0.589214380825566
0.91995841995842 0.588822355289421
0.91995841995842 0.58843085106383
0.91995841995842 0.588039867109635
0.91995841995842 0.587649402390438
0.91995841995842 0.587259455872595
0.920997920997921 0.587533156498674
0.920997920997921 0.587143803843605
0.920997920997921 0.586754966887417
0.920997920997921 0.586366644606221
0.922037422037422 0.586640211640212
0.922037422037422 0.586252478519498
0.922037422037422 0.585865257595773
0.923076923076923 0.586138613861386
0.924116424116424 0.586411609498681
0.924116424116424 0.586025049439684
0.924116424116424 0.585638998682477
0.925155925155925 0.585911784068466
0.925155925155925 0.585526315789474
0.925155925155925 0.585141354372124
0.925155925155925 0.584756898817346
0.925155925155925 0.584372948128693
0.925155925155925 0.583989501312336
0.925155925155925 0.583606557377049
0.925155925155925 0.583224115334207
0.925155925155925 0.582842174197773
0.925155925155925 0.582460732984293
0.925155925155925 0.582079790712884
0.926195426195426 0.582352941176471
0.926195426195426 0.581972566949706
0.926195426195426 0.581592689295039
0.927234927234927 0.581865622961513
0.928274428274428 0.582138200782269
0.928274428274428 0.581758957654723
0.928274428274428 0.581380208333333
0.928274428274428 0.581001951854262
0.928274428274428 0.580624187256177
0.928274428274428 0.580246913580247
0.928274428274428 0.57987012987013
0.929313929313929 0.580142764438676
0.929313929313929 0.579766536964981
0.929313929313929 0.579390797148412
0.93035343035343 0.579663212435233
0.931392931392931 0.579935275080906
0.931392931392931 0.579560155239327
0.931392931392931 0.579185520361991
0.931392931392931 0.578811369509044
0.931392931392931 0.57843770174306
0.931392931392931 0.578064516129032
0.931392931392931 0.577691811734365
0.931392931392931 0.577319587628866
0.931392931392931 0.576947842884739
0.932432432432432 0.577220077220077
0.933471933471933 0.577491961414791
0.933471933471933 0.577120822622108
0.933471933471933 0.576750160565189
0.933471933471933 0.576379974326059
0.933471933471933 0.576010262989096
0.933471933471933 0.575641025641026
0.933471933471933 0.575272261370916
0.933471933471933 0.574903969270166
0.934511434511434 0.575175943698017
0.934511434511434 0.574808184143223
0.934511434511434 0.57444089456869
0.935550935550936 0.574712643678161
0.935550935550936 0.574345883854499
0.935550935550936 0.573979591836735
0.936590436590437 0.574251115360102
0.936590436590437 0.573885350318471
0.936590436590437 0.573520050922979
0.936590436590437 0.573155216284987
0.936590436590437 0.572790845518118
0.936590436590437 0.572426937738246
0.936590436590437 0.572063492063492
0.937629937629938 0.572335025380711
0.937629937629938 0.571972098922004
0.937629937629938 0.571609632446134
0.937629937629938 0.571247625079164
0.937629937629938 0.570886075949367
0.937629937629938 0.570524984187223
0.938669438669439 0.570796460176991
0.938669438669439 0.570435881238155
0.938669438669439 0.570075757575758
0.938669438669439 0.569716088328076
0.938669438669439 0.569356872635561
0.93970893970894 0.569628229363579
0.940748440748441 0.569899244332494
0.940748440748441 0.569540591567023
0.940748440748441 0.569182389937107
0.940748440748441 0.56882463859208
0.940748440748441 0.568467336683417
0.940748440748441 0.568110483364721
0.940748440748441 0.567754077791719
0.940748440748441 0.567398119122257
0.941787941787942 0.567669172932331
0.942827442827443 0.567939887288666
0.942827442827443 0.567584480600751
0.942827442827443 0.567229518449031
0.942827442827443 0.566875
0.942827442827443 0.566520924422236
0.942827442827443 0.566167290886392
0.942827442827443 0.56581409856519
0.943866943866944 0.566084788029925
0.944906444906445 0.566355140186916
0.944906444906445 0.566002490660025
0.944906444906445 0.565650280024891
0.944906444906445 0.565298507462687
0.945945945945946 0.565568676196395
0.945945945945946 0.565217391304348
0.945945945945946 0.564866542520174
0.945945945945946 0.564516129032258
0.945945945945946 0.564166150030998
0.946985446985447 0.564436183395291
0.946985446985447 0.564086687306502
0.948024948024948 0.564356435643564
0.948024948024948 0.564007421150278
0.949064449064449 0.564276885043263
0.949064449064449 0.563928350833848
0.949064449064449 0.56358024691358
0.949064449064449 0.56323257248612
0.949064449064449 0.56288532675709
0.949064449064449 0.562538508934073
0.949064449064449 0.562192118226601
0.949064449064449 0.561846153846154
0.949064449064449 0.56150061500615
0.949064449064449 0.561155500921942
0.949064449064449 0.560810810810811
0.949064449064449 0.560466543891958
0.949064449064449 0.560122699386503
0.949064449064449 0.559779276517474
0.949064449064449 0.559436274509804
0.949064449064449 0.559093692590325
0.949064449064449 0.55875152998776
0.95010395010395 0.559021406727829
0.95010395010395 0.558679706601467
0.951143451143451 0.558949297495418
0.951143451143451 0.558608058608059
0.951143451143451 0.558267236119585
0.951143451143451 0.557926829268293
0.951143451143451 0.557586837294333
0.952182952182952 0.557856272838002
0.952182952182952 0.557516737674985
0.952182952182952 0.557177615571776
0.953222453222453 0.557446808510638
0.953222453222453 0.557108140947752
0.953222453222453 0.556769884638737
0.953222453222453 0.556432038834951
0.953222453222453 0.556094602789569
0.954261954261954 0.556363636363636
0.954261954261954 0.556026650514839
0.954261954261954 0.555690072639225
0.954261954261954 0.55535390199637
0.954261954261954 0.555018137847642
0.954261954261954 0.554682779456193
0.955301455301455 0.554951690821256
0.956340956340956 0.555220277610139
0.956340956340956 0.554885404101327
0.956340956340956 0.55455093429777
0.956340956340956 0.55421686746988
0.956340956340956 0.553883202889825
0.957380457380457 0.554151624548736
0.957380457380457 0.553818400481058
0.958419958419958 0.554086538461538
0.958419958419958 0.553753753753754
0.958419958419958 0.553421368547419
0.958419958419958 0.553089382123575
0.958419958419958 0.552757793764988
0.958419958419958 0.552426602756141
0.958419958419958 0.552095808383234
0.958419958419958 0.551765409934171
0.959459459459459 0.552033492822967
0.959459459459459 0.551703526598924
0.959459459459459 0.551373954599761
0.959459459459459 0.551044776119403
0.959459459459459 0.550715990453461
0.959459459459459 0.550387596899225
0.960498960498961 0.550655542312277
0.960498960498961 0.550327575938058
0.961538461538462 0.550595238095238
0.961538461538462 0.550267697798929
0.961538461538462 0.549940546967895
0.961538461538462 0.549613784907903
0.961538461538462 0.549287410926366
0.961538461538462 0.548961424332344
0.961538461538462 0.548635824436536
0.961538461538462 0.548310610551275
0.961538461538462 0.547985781990521
0.962577962577963 0.548253404381291
0.962577962577963 0.54792899408284
0.962577962577963 0.547604967474867
0.962577962577963 0.547281323877069
0.962577962577963 0.54695806261075
0.962577962577963 0.546635182998819
0.963617463617464 0.546902654867257
0.963617463617464 0.546580188679245
0.963617463617464 0.546258102533883
0.964656964656965 0.546525323910483
0.964656964656965 0.546203649205415
0.964656964656965 0.545882352941176
0.965696465696466 0.546149323927102
0.965696465696466 0.545828437132785
0.965696465696466 0.545507927187317
0.966735966735967 0.545774647887324
0.966735966735967 0.545454545454545
0.966735966735967 0.545134818288394
0.966735966735967 0.54481546572935
0.966735966735967 0.544496487119438
0.966735966735967 0.544177881802223
0.966735966735967 0.543859649122807
0.966735966735967 0.54354178842782
0.966735966735967 0.543224299065421
0.966735966735967 0.542907180385289
0.967775467775468 0.543173862310385
0.967775467775468 0.542857142857143
0.968814968814969 0.543123543123543
0.968814968814969 0.54280722189866
0.968814968814969 0.542491268917346
0.968814968814969 0.54217568353694
0.96985446985447 0.542441860465116
0.96985446985447 0.542126670540384
0.96985446985447 0.541811846689895
0.96985446985447 0.541497388276262
0.970893970893971 0.541763341067285
0.971933471933472 0.542028985507246
0.971933471933472 0.541714947856315
0.972972972972973 0.54198031268095
0.972972972972973 0.541666666666667
0.972972972972973 0.541353383458647
0.974012474012474 0.541618497109827
0.975051975051975 0.541883304448296
0.975051975051975 0.541570438799076
0.976091476091476 0.541834968263127
0.977130977130977 0.542099192618224
0.977130977130977 0.54178674351585
0.978170478170478 0.54205069124424
0.978170478170478 0.541738629821531
0.978170478170478 0.541426927502877
0.978170478170478 0.541115583668775
0.979209979209979 0.541379310344828
0.979209979209979 0.541068351522114
0.979209979209979 0.540757749712974
0.979209979209979 0.540447504302926
0.979209979209979 0.540137614678899
0.979209979209979 0.539828080229226
0.979209979209979 0.539518900343643
0.979209979209979 0.53921007441328
0.979209979209979 0.538901601830664
0.979209979209979 0.538593481989708
0.98024948024948 0.538857142857143
0.98024948024948 0.538549400342661
0.98024948024948 0.53824200913242
0.98024948024948 0.537934968625214
0.98024948024948 0.537628278221209
0.981288981288981 0.537891737891738
0.981288981288981 0.537585421412301
0.981288981288981 0.537279453614115
0.981288981288981 0.536973833902162
0.982328482328482 0.537237066515065
0.982328482328482 0.536931818181818
0.982328482328482 0.536626916524702
0.982328482328482 0.536322360953462
0.982328482328482 0.536018150879183
0.982328482328482 0.535714285714286
0.982328482328482 0.535410764872521
0.982328482328482 0.535107587768969
0.982328482328482 0.534804753820034
0.982328482328482 0.534502262443439
0.982328482328482 0.534200113058225
0.982328482328482 0.533898305084746
0.982328482328482 0.533596837944664
0.982328482328482 0.533295711060948
0.983367983367983 0.53355893965031
0.983367983367983 0.53325817361894
0.983367983367983 0.532957746478873
0.984407484407484 0.533220720720721
0.984407484407484 0.532920652785594
0.985446985446986 0.53318335208099
0.985446985446986 0.532883642495784
0.985446985446986 0.532584269662921
0.985446985446986 0.53228523301516
0.986486486486487 0.532547699214366
0.986486486486487 0.532249018508132
0.986486486486487 0.53195067264574
0.986486486486487 0.531652661064426
0.987525987525988 0.531914893617021
0.987525987525988 0.531617235590375
0.988565488565489 0.531879194630873
0.988565488565489 0.531581889323644
0.988565488565489 0.531284916201117
0.988565488565489 0.530988274706868
0.988565488565489 0.530691964285714
0.988565488565489 0.530395984383714
0.98960498960499 0.530657748049052
0.98960498960499 0.530362116991643
0.98960498960499 0.530066815144766
0.98960498960499 0.52977184195882
0.98960498960499 0.529477196885428
0.98960498960499 0.529182879377432
0.98960498960499 0.528888888888889
0.98960498960499 0.528595224875069
0.98960498960499 0.528301886792453
0.98960498960499 0.528008874098724
0.990644490644491 0.528270509977827
0.991683991683992 0.528531855955679
0.992723492723493 0.528792912513843
0.992723492723493 0.528500276701716
0.992723492723493 0.52820796460177
0.992723492723493 0.52791597567717
0.992723492723493 0.527624309392265
0.992723492723493 0.52733296521259
0.992723492723493 0.527041942604856
0.992723492723493 0.526751241036955
0.992723492723493 0.526460859977949
0.992723492723493 0.526170798898072
0.992723492723493 0.525881057268722
0.992723492723493 0.525591634562466
0.992723492723493 0.525302530253025
0.992723492723493 0.525013743815283
0.992723492723493 0.524725274725275
0.992723492723493 0.524437122460187
0.992723492723493 0.524149286498353
0.993762993762994 0.524410312671421
0.993762993762994 0.524122807017544
0.993762993762994 0.523835616438356
0.993762993762994 0.52354874041621
0.993762993762994 0.523262178434592
0.994802494802495 0.523522975929978
0.994802494802495 0.523236741388737
0.994802494802495 0.522950819672131
0.994802494802495 0.522665210267613
0.994802494802495 0.522379912663755
0.994802494802495 0.522094926350245
0.994802494802495 0.521810250817884
0.994802494802495 0.521525885558583
0.995841995841996 0.521786492374728
0.995841995841996 0.521502449646162
0.995841995841996 0.521218715995647
0.995841995841996 0.520935290918978
0.995841995841996 0.520652173913044
0.995841995841996 0.520369364475828
0.995841995841996 0.520086862106406
0.995841995841996 0.519804666304938
0.995841995841996 0.519522776572668
0.995841995841996 0.519241192411924
0.995841995841996 0.51895991332611
0.995841995841996 0.518678938819708
0.995841995841996 0.518398268398268
0.995841995841996 0.518117901568415
0.995841995841996 0.517837837837838
0.995841995841996 0.517558076715289
0.995841995841996 0.517278617710583
0.996881496881497 0.51753912574204
0.996881496881497 0.517259978425027
0.996881496881497 0.516981132075472
0.996881496881497 0.516702586206897
0.996881496881497 0.516424340333872
0.996881496881497 0.516146393972013
0.996881496881497 0.515868746637977
0.996881496881497 0.515591397849462
0.997920997920998 0.515851692638366
0.997920997920998 0.515574650912997
0.997920997920998 0.515297906602254
0.997920997920998 0.515021459227468
0.997920997920998 0.514745308310992
0.997920997920998 0.514469453376206
0.997920997920998 0.514193893947509
0.997920997920998 0.513918629550321
0.997920997920998 0.513643659711075
0.997920997920998 0.513368983957219
0.997920997920998 0.51309460181721
0.997920997920998 0.512820512820513
0.997920997920998 0.512546716497597
0.997920997920998 0.512273212379936
0.997920997920998 0.512
0.997920997920998 0.511727078891258
0.997920997920998 0.511454448588173
0.997920997920998 0.511182108626198
0.997920997920998 0.510910058541778
0.997920997920998 0.51063829787234
0.997920997920998 0.5103668261563
0.997920997920998 0.51009564293305
0.997920997920998 0.509824747742963
0.997920997920998 0.509554140127389
0.997920997920998 0.509283819628647
0.997920997920998 0.509013785790032
0.997920997920998 0.508744038155803
0.997920997920998 0.508474576271186
0.997920997920998 0.508205399682372
0.997920997920998 0.507936507936508
0.998960498960499 0.508196721311475
0.998960498960499 0.507928118393235
0.998960498960499 0.507659799260433
0.998960498960499 0.507391763463569
0.998960498960499 0.50712401055409
0.998960498960499 0.506856540084388
0.998960498960499 0.506589351607802
0.998960498960499 0.506322444678609
0.998960498960499 0.506055818852027
0.998960498960499 0.505789473684211
0.998960498960499 0.505523408732246
0.998960498960499 0.505257623554153
0.998960498960499 0.504992117708881
0.998960498960499 0.504726890756303
0.998960498960499 0.504461942257218
0.998960498960499 0.504197271773347
0.998960498960499 0.503932878867331
0.998960498960499 0.503668763102725
0.998960498960499 0.503404924044002
0.998960498960499 0.503141361256545
0.998960498960499 0.502878074306646
0.998960498960499 0.502615062761506
0.998960498960499 0.502352326189232
0.998960498960499 0.50208986415883
0.998960498960499 0.501827676240209
1 0.502087682672234
1 0.501825769431403
1 0.501564129301356
1 0.501302761855133
1 0.501041666666667
1 0.500780843310776
1 0.500520291363163
1 0.500260010400416
