0 NA
0.00093984962406015 1
0.0018796992481203 1
0.00281954887218045 1
0.0037593984962406 1
0.00469924812030075 1
0.0056390977443609 1
0.00657894736842105 1
0.0075187969924812 1
0.00845864661654135 1
0.0093984962406015 1
0.0093984962406015 0.909090909090909
0.0103383458646617 0.916666666666667
0.0112781954887218 0.923076923076923
0.012218045112782 0.928571428571429
0.0131578947368421 0.933333333333333
0.0140977443609023 0.9375
0.0140977443609023 0.882352941176471
0.0150375939849624 0.888888888888889
0.0159774436090226 0.894736842105263
0.0169172932330827 0.9
0.0178571428571429 0.904761904761905
0.018796992481203 0.909090909090909
0.018796992481203 0.869565217391304
0.0197368421052632 0.875
0.0206766917293233 0.88
0.0206766917293233 0.846153846153846
0.0206766917293233 0.814814814814815
0.0206766917293233 0.785714285714286
0.0216165413533835 0.793103448275862
0.0225563909774436 0.8
0.0225563909774436 0.774193548387097
0.0234962406015038 0.78125
0.0244360902255639 0.787878787878788
0.0253759398496241 0.794117647058823
0.0253759398496241 0.771428571428571
0.0263157894736842 0.777777777777778
0.0272556390977444 0.783783783783784
0.0281954887218045 0.789473684210526
0.0291353383458647 0.794871794871795
0.0291353383458647 0.775
0.0291353383458647 0.75609756097561
0.0300751879699248 0.761904761904762
0.0300751879699248 0.744186046511628
0.031015037593985 0.75
0.0319548872180451 0.755555555555556
0.0328947368421053 0.760869565217391
0.0338345864661654 0.765957446808511
0.0347744360902256 0.770833333333333
0.0357142857142857 0.775510204081633
0.0366541353383459 0.78
0.037593984962406 0.784313725490196
0.0385338345864662 0.788461538461538
0.0394736842105263 0.792452830188679
0.0404135338345865 0.796296296296296
0.0404135338345865 0.781818181818182
0.0413533834586466 0.785714285714286
0.0422932330827068 0.789473684210526
0.0432330827067669 0.793103448275862
0.0441729323308271 0.796610169491525
0.0451127819548872 0.8
0.0460526315789474 0.80327868852459
0.0469924812030075 0.806451612903226
0.0479323308270677 0.80952380952381
0.0488721804511278 0.8125
0.049812030075188 0.815384615384615
0.0507518796992481 0.818181818181818
0.0507518796992481 0.805970149253731
0.0516917293233083 0.808823529411765
0.0526315789473684 0.811594202898551
0.0535714285714286 0.814285714285714
0.0545112781954887 0.816901408450704
0.0554511278195489 0.819444444444444
0.056390977443609 0.821917808219178
0.0573308270676692 0.824324324324324
0.0582706766917293 0.826666666666667
0.0592105263157895 0.828947368421053
0.0601503759398496 0.831168831168831
0.0601503759398496 0.82051282051282
0.0610902255639098 0.822784810126582
0.0610902255639098 0.8125
0.0620300751879699 0.814814814814815
0.0629699248120301 0.817073170731707
0.0639097744360902 0.819277108433735
0.0648496240601504 0.821428571428571
0.0657894736842105 0.823529411764706
0.0667293233082707 0.825581395348837
0.0676691729323308 0.827586206896552
0.068609022556391 0.829545454545455
0.0695488721804511 0.831460674157303
0.0704887218045113 0.833333333333333
0.0714285714285714 0.835164835164835
0.0723684210526316 0.83695652173913
0.0723684210526316 0.827956989247312
0.0733082706766917 0.829787234042553
0.0742481203007519 0.831578947368421
0.075187969924812 0.833333333333333
0.075187969924812 0.824742268041237
0.0761278195488722 0.826530612244898
0.0770676691729323 0.828282828282828
0.0770676691729323 0.82
0.0780075187969925 0.821782178217822
0.0789473684210526 0.823529411764706
0.0798872180451128 0.825242718446602
0.0798872180451128 0.817307692307692
0.0808270676691729 0.819047619047619
0.0817669172932331 0.820754716981132
0.0827067669172932 0.822429906542056
0.0836466165413534 0.824074074074074
0.0845864661654135 0.825688073394495
0.0855263157894737 0.827272727272727
0.0864661654135338 0.828828828828829
0.087406015037594 0.830357142857143
0.087406015037594 0.823008849557522
0.087406015037594 0.815789473684211
0.0883458646616541 0.817391304347826
0.0892857142857143 0.818965517241379
0.0902255639097744 0.82051282051282
0.0911654135338346 0.822033898305085
0.0921052631578947 0.823529411764706
0.0930451127819549 0.825
0.093984962406015 0.826446280991736
0.0949248120300752 0.827868852459016
0.0958646616541353 0.829268292682927
0.0968045112781955 0.830645161290323
0.0977443609022556 0.832
0.0986842105263158 0.833333333333333
0.0986842105263158 0.826771653543307
0.0996240601503759 0.828125
0.0996240601503759 0.821705426356589
0.100563909774436 0.823076923076923
0.101503759398496 0.824427480916031
0.102443609022556 0.825757575757576
0.103383458646617 0.827067669172932
0.104323308270677 0.828358208955224
0.104323308270677 0.822222222222222
0.105263157894737 0.823529411764706
0.106203007518797 0.824817518248175
0.107142857142857 0.826086956521739
0.107142857142857 0.820143884892086
0.108082706766917 0.821428571428571
0.109022556390977 0.822695035460993
0.109022556390977 0.816901408450704
0.109962406015038 0.818181818181818
0.110902255639098 0.819444444444444
0.111842105263158 0.820689655172414
0.112781954887218 0.821917808219178
0.113721804511278 0.82312925170068
0.114661654135338 0.824324324324324
0.115601503759398 0.825503355704698
0.116541353383459 0.826666666666667
0.117481203007519 0.827814569536424
0.117481203007519 0.822368421052632
0.118421052631579 0.823529411764706
0.118421052631579 0.818181818181818
0.118421052631579 0.812903225806452
0.118421052631579 0.807692307692308
0.118421052631579 0.802547770700637
0.119360902255639 0.80379746835443
0.120300751879699 0.805031446540881
0.121240601503759 0.80625
0.121240601503759 0.801242236024845
0.121240601503759 0.796296296296296
0.121240601503759 0.791411042944785
0.12218045112782 0.792682926829268
0.12312030075188 0.793939393939394
0.12406015037594 0.795180722891566
0.125 0.796407185628742
0.12593984962406 0.797619047619048
0.12593984962406 0.792899408284024
0.12687969924812 0.794117647058823
0.12687969924812 0.789473684210526
0.12781954887218 0.790697674418605
0.12781954887218 0.786127167630058
0.128759398496241 0.78735632183908
0.129699248120301 0.788571428571429
0.130639097744361 0.789772727272727
0.131578947368421 0.790960451977401
0.131578947368421 0.786516853932584
0.132518796992481 0.787709497206704
0.133458646616541 0.788888888888889
0.134398496240602 0.790055248618785
0.134398496240602 0.785714285714286
0.135338345864662 0.786885245901639
0.136278195488722 0.78804347826087
0.137218045112782 0.789189189189189
0.138157894736842 0.790322580645161
0.139097744360902 0.79144385026738
0.140037593984962 0.792553191489362
0.140037593984962 0.788359788359788
0.140977443609023 0.789473684210526
0.141917293233083 0.790575916230366
0.141917293233083 0.786458333333333
0.142857142857143 0.787564766839378
0.142857142857143 0.783505154639175
0.143796992481203 0.784615384615385
0.143796992481203 0.780612244897959
0.143796992481203 0.776649746192893
0.143796992481203 0.772727272727273
0.143796992481203 0.768844221105528
0.143796992481203 0.765
0.143796992481203 0.761194029850746
0.144736842105263 0.762376237623762
0.145676691729323 0.763546798029557
0.146616541353383 0.764705882352941
0.147556390977444 0.765853658536585
0.148496240601504 0.766990291262136
0.148496240601504 0.763285024154589
0.149436090225564 0.764423076923077
0.150375939849624 0.76555023923445
0.150375939849624 0.761904761904762
0.151315789473684 0.76303317535545
0.152255639097744 0.764150943396226
0.153195488721805 0.765258215962441
0.154135338345865 0.766355140186916
0.155075187969925 0.767441860465116
0.155075187969925 0.763888888888889
0.156015037593985 0.764976958525346
0.156954887218045 0.76605504587156
0.157894736842105 0.767123287671233
0.158834586466165 0.768181818181818
0.159774436090226 0.769230769230769
0.159774436090226 0.765765765765766
0.159774436090226 0.762331838565022
0.160714285714286 0.763392857142857
0.161654135338346 0.764444444444444
0.162593984962406 0.765486725663717
0.163533834586466 0.766519823788546
0.163533834586466 0.763157894736842
0.164473684210526 0.764192139737991
0.164473684210526 0.760869565217391
0.165413533834586 0.761904761904762
0.166353383458647 0.762931034482759
0.166353383458647 0.759656652360515
0.166353383458647 0.756410256410256
0.167293233082707 0.757446808510638
0.167293233082707 0.754237288135593
0.168233082706767 0.755274261603376
0.169172932330827 0.756302521008403
0.170112781954887 0.757322175732218
0.170112781954887 0.754166666666667
0.171052631578947 0.755186721991701
0.171992481203008 0.756198347107438
0.172932330827068 0.757201646090535
0.173872180451128 0.758196721311475
0.174812030075188 0.759183673469388
0.175751879699248 0.760162601626016
0.175751879699248 0.757085020242915
0.176691729323308 0.758064516129032
0.177631578947368 0.759036144578313
0.178571428571429 0.76
0.179511278195489 0.760956175298805
0.180451127819549 0.761904761904762
0.181390977443609 0.762845849802372
0.182330827067669 0.763779527559055
0.183270676691729 0.764705882352941
0.184210526315789 0.765625
0.184210526315789 0.762645914396887
0.18515037593985 0.763565891472868
0.18515037593985 0.760617760617761
0.18609022556391 0.761538461538461
0.18703007518797 0.762452107279693
0.18796992481203 0.763358778625954
0.18890977443609 0.76425855513308
0.18984962406015 0.765151515151515
0.190789473684211 0.766037735849057
0.191729323308271 0.766917293233083
0.192669172932331 0.767790262172285
0.193609022556391 0.76865671641791
0.194548872180451 0.769516728624535
0.195488721804511 0.77037037037037
0.195488721804511 0.767527675276753
0.196428571428571 0.768382352941177
0.196428571428571 0.765567765567766
0.197368421052632 0.766423357664234
0.197368421052632 0.763636363636364
0.198308270676692 0.764492753623188
0.198308270676692 0.76173285198556
0.198308270676692 0.758992805755396
0.198308270676692 0.756272401433692
0.199248120300752 0.757142857142857
0.200187969924812 0.758007117437722
0.201127819548872 0.75886524822695
0.202067669172932 0.759717314487632
0.203007518796992 0.76056338028169
0.203947368421053 0.76140350877193
0.204887218045113 0.762237762237762
0.204887218045113 0.759581881533101
0.205827067669173 0.760416666666667
0.205827067669173 0.757785467128028
0.206766917293233 0.758620689655172
0.206766917293233 0.756013745704467
0.207706766917293 0.756849315068493
0.207706766917293 0.754266211604096
0.208646616541353 0.755102040816326
0.209586466165414 0.75593220338983
0.209586466165414 0.753378378378378
0.210526315789474 0.754208754208754
0.211466165413534 0.75503355704698
0.211466165413534 0.752508361204013
0.212406015037594 0.753333333333333
0.213345864661654 0.754152823920266
0.214285714285714 0.754966887417219
0.215225563909774 0.755775577557756
0.215225563909774 0.753289473684211
0.216165413533835 0.754098360655738
0.216165413533835 0.751633986928105
0.216165413533835 0.749185667752443
0.216165413533835 0.746753246753247
0.216165413533835 0.744336569579288
0.217105263157895 0.745161290322581
0.217105263157895 0.742765273311897
0.218045112781955 0.743589743589744
0.218984962406015 0.744408945686901
0.218984962406015 0.74203821656051
0.219924812030075 0.742857142857143
0.219924812030075 0.740506329113924
0.220864661654135 0.741324921135647
0.220864661654135 0.738993710691824
0.221804511278195 0.739811912225705
0.222744360902256 0.740625
0.223684210526316 0.741433021806854
0.224624060150376 0.742236024844721
0.225563909774436 0.743034055727554
0.225563909774436 0.740740740740741
0.225563909774436 0.738461538461539
0.225563909774436 0.736196319018405
0.226503759398496 0.737003058103975
0.226503759398496 0.734756097560976
0.227443609022556 0.735562310030395
0.227443609022556 0.733333333333333
0.228383458646617 0.734138972809668
0.228383458646617 0.731927710843373
0.228383458646617 0.72972972972973
0.228383458646617 0.727544910179641
0.228383458646617 0.725373134328358
0.228383458646617 0.723214285714286
0.229323308270677 0.724035608308605
0.230263157894737 0.724852071005917
0.231203007518797 0.725663716814159
0.232142857142857 0.726470588235294
0.233082706766917 0.727272727272727
0.234022556390977 0.728070175438597
0.234962406015038 0.728862973760933
0.235902255639098 0.729651162790698
0.235902255639098 0.727536231884058
0.236842105263158 0.728323699421965
0.236842105263158 0.726224783861671
0.237781954887218 0.727011494252874
0.238721804511278 0.727793696275072
0.238721804511278 0.725714285714286
0.239661654135338 0.726495726495726
0.240601503759398 0.727272727272727
0.240601503759398 0.725212464589235
0.241541353383459 0.725988700564972
0.242481203007519 0.726760563380282
0.243421052631579 0.72752808988764
0.244360902255639 0.728291316526611
0.245300751879699 0.729050279329609
0.245300751879699 0.727019498607242
0.246240601503759 0.727777777777778
0.24718045112782 0.728531855955679
0.24812030075188 0.729281767955801
0.24812030075188 0.727272727272727
0.24906015037594 0.728021978021978
0.25 0.728767123287671
0.25093984962406 0.729508196721312
0.25187969924812 0.730245231607629
0.25281954887218 0.730978260869565
0.253759398496241 0.731707317073171
0.253759398496241 0.72972972972973
0.254699248120301 0.730458221024259
0.255639097744361 0.731182795698925
0.256578947368421 0.731903485254692
0.257518796992481 0.732620320855615
0.258458646616541 0.733333333333333
0.259398496240602 0.734042553191489
0.260338345864662 0.73474801061008
0.261278195488722 0.735449735449735
0.261278195488722 0.733509234828496
0.262218045112782 0.734210526315789
0.263157894736842 0.73490813648294
0.264097744360902 0.735602094240838
0.265037593984962 0.736292428198433
0.265977443609023 0.736979166666667
0.266917293233083 0.737662337662338
0.267857142857143 0.738341968911917
0.268796992481203 0.739018087855297
0.268796992481203 0.737113402061856
0.269736842105263 0.737789203084833
0.269736842105263 0.735897435897436
0.270676691729323 0.736572890025575
0.270676691729323 0.73469387755102
0.271616541353383 0.735368956743003
0.272556390977444 0.736040609137056
0.273496240601504 0.736708860759494
0.274436090225564 0.737373737373737
0.274436090225564 0.73551637279597
0.275375939849624 0.736180904522613
0.276315789473684 0.736842105263158
0.277255639097744 0.7375
0.278195488721804 0.738154613466334
0.279135338345865 0.738805970149254
0.279135338345865 0.73697270471464
0.280075187969925 0.737623762376238
0.281015037593985 0.738271604938272
0.281015037593985 0.736453201970443
0.281954887218045 0.737100737100737
0.282894736842105 0.737745098039216
0.282894736842105 0.735941320293399
0.283834586466165 0.736585365853659
0.284774436090226 0.737226277372263
0.285714285714286 0.737864077669903
0.286654135338346 0.738498789346247
0.286654135338346 0.736714975845411
0.287593984962406 0.737349397590361
0.288533834586466 0.737980769230769
0.289473684210526 0.738609112709832
0.290413533834586 0.739234449760766
0.290413533834586 0.737470167064439
0.290413533834586 0.735714285714286
0.290413533834586 0.73396674584323
0.291353383458647 0.734597156398104
0.292293233082707 0.735224586288416
0.292293233082707 0.733490566037736
0.293233082706767 0.734117647058824
0.294172932330827 0.734741784037559
0.295112781954887 0.73536299765808
0.296052631578947 0.735981308411215
0.296992481203008 0.736596736596737
0.296992481203008 0.734883720930233
0.296992481203008 0.733178654292343
0.297932330827068 0.733796296296296
0.297932330827068 0.732101616628176
0.298872180451128 0.732718894009217
0.299812030075188 0.733333333333333
0.300751879699248 0.73394495412844
0.300751879699248 0.732265446224256
0.301691729323308 0.732876712328767
0.302631578947368 0.733485193621868
0.303571428571429 0.734090909090909
0.304511278195489 0.73469387755102
0.305451127819549 0.735294117647059
0.305451127819549 0.733634311512415
0.306390977443609 0.734234234234234
0.307330827067669 0.734831460674157
0.308270676691729 0.73542600896861
0.309210526315789 0.736017897091723
0.309210526315789 0.734375
0.309210526315789 0.732739420935412
0.309210526315789 0.731111111111111
0.31015037593985 0.731707317073171
0.31109022556391 0.732300884955752
0.31203007518797 0.732891832229581
0.31296992481203 0.733480176211454
0.31390977443609 0.734065934065934
0.31484962406015 0.734649122807018
0.31484962406015 0.733041575492341
0.31484962406015 0.731441048034934
0.31484962406015 0.729847494553377
0.315789473684211 0.730434782608696
0.316729323308271 0.731019522776573
0.316729323308271 0.729437229437229
0.317669172932331 0.730021598272138
0.318609022556391 0.730603448275862
0.318609022556391 0.729032258064516
0.319548872180451 0.729613733905579
0.320488721804511 0.730192719486081
0.321428571428571 0.730769230769231
0.322368421052632 0.73134328358209
0.323308270676692 0.731914893617021
0.323308270676692 0.73036093418259
0.324248120300752 0.730932203389831
0.325187969924812 0.731501057082452
0.326127819548872 0.732067510548523
0.327067669172932 0.732631578947368
0.327067669172932 0.73109243697479
0.328007518796992 0.731656184486373
0.328947368421053 0.732217573221757
0.329887218045113 0.732776617954071
0.329887218045113 0.73125
0.329887218045113 0.72972972972973
0.329887218045113 0.728215767634855
0.330827067669173 0.728778467908903
0.331766917293233 0.729338842975207
0.332706766917293 0.729896907216495
0.332706766917293 0.728395061728395
0.333646616541353 0.728952772073922
0.334586466165414 0.729508196721312
0.334586466165414 0.7280163599182
0.335526315789474 0.728571428571429
0.336466165413534 0.729124236252546
0.337406015037594 0.729674796747967
0.337406015037594 0.728194726166329
0.338345864661654 0.728744939271255
0.339285714285714 0.729292929292929
0.340225563909774 0.729838709677419
0.341165413533835 0.730382293762575
0.342105263157895 0.730923694779116
0.343045112781955 0.731462925851703
0.343984962406015 0.732
0.344924812030075 0.732534930139721
0.345864661654135 0.733067729083665
0.345864661654135 0.731610337972167
0.345864661654135 0.73015873015873
0.346804511278196 0.730693069306931
0.347744360902256 0.731225296442688
0.348684210526316 0.731755424063116
0.349624060150376 0.732283464566929
0.350563909774436 0.732809430255403
0.351503759398496 0.733333333333333
0.352443609022556 0.73385518590998
0.352443609022556 0.732421875
0.352443609022556 0.730994152046784
0.353383458646617 0.731517509727626
0.353383458646617 0.730097087378641
0.354323308270677 0.73062015503876
0.354323308270677 0.729206963249516
0.355263157894737 0.72972972972973
0.356203007518797 0.730250481695568
0.357142857142857 0.730769230769231
0.358082706766917 0.731285988483685
0.358082706766917 0.729885057471264
0.359022556390977 0.730401529636711
0.359962406015038 0.730916030534351
0.360902255639098 0.731428571428571
0.361842105263158 0.731939163498099
0.361842105263158 0.730550284629981
0.361842105263158 0.729166666666667
0.361842105263158 0.727788279773157
0.362781954887218 0.728301886792453
0.362781954887218 0.726930320150659
0.362781954887218 0.725563909774436
0.363721804511278 0.726078799249531
0.364661654135338 0.726591760299625
0.365601503759398 0.727102803738318
0.366541353383459 0.727611940298508
0.367481203007519 0.728119180633147
0.368421052631579 0.728624535315985
0.369360902255639 0.729128014842301
0.370300751879699 0.72962962962963
0.370300751879699 0.728280961182994
0.370300751879699 0.726937269372694
0.371240601503759 0.72744014732965
0.37218045112782 0.727941176470588
0.37218045112782 0.726605504587156
0.37218045112782 0.725274725274725
0.37312030075188 0.725776965265082
0.37312030075188 0.724452554744526
0.37312030075188 0.723132969034608
0.37312030075188 0.721818181818182
0.37406015037594 0.722323049001815
0.37406015037594 0.721014492753623
0.375 0.721518987341772
0.37593984962406 0.72202166064982
0.37593984962406 0.720720720720721
0.37687969924812 0.721223021582734
0.37687969924812 0.719928186714542
0.37781954887218 0.720430107526882
0.378759398496241 0.720930232558139
0.379699248120301 0.721428571428571
0.380639097744361 0.72192513368984
0.381578947368421 0.722419928825623
0.382518796992481 0.72291296625222
0.383458646616541 0.723404255319149
0.384398496240602 0.723893805309734
0.385338345864662 0.724381625441696
0.386278195488722 0.724867724867725
0.387218045112782 0.725352112676056
0.388157894736842 0.725834797891037
0.389097744360902 0.726315789473684
0.390037593984962 0.726795096322242
0.390037593984962 0.725524475524476
0.390037593984962 0.724258289703316
0.390977443609023 0.724738675958188
0.390977443609023 0.723478260869565
0.390977443609023 0.722222222222222
0.391917293233083 0.722703639514731
0.391917293233083 0.721453287197232
0.392857142857143 0.721934369602763
0.393796992481203 0.722413793103448
0.394736842105263 0.72289156626506
0.395676691729323 0.723367697594502
0.396616541353383 0.723842195540309
0.397556390977444 0.724315068493151
0.398496240601504 0.724786324786325
0.399436090225564 0.725255972696246
0.399436090225564 0.724020442930153
0.400375939849624 0.724489795918367
0.400375939849624 0.723259762308998
0.401315789473684 0.723728813559322
0.401315789473684 0.722504230118443
0.402255639097744 0.722972972972973
0.402255639097744 0.721753794266442
0.403195488721804 0.722222222222222
0.403195488721804 0.721008403361345
0.404135338345865 0.721476510067114
0.405075187969925 0.721943048576214
0.406015037593985 0.722408026755853
0.406015037593985 0.721202003338898
0.406015037593985 0.72
0.406954887218045 0.720465890183028
0.406954887218045 0.719269102990033
0.406954887218045 0.718076285240464
0.406954887218045 0.716887417218543
0.406954887218045 0.715702479338843
0.407894736842105 0.716171617161716
0.408834586466165 0.7166392092257
0.408834586466165 0.715460526315789
0.408834586466165 0.714285714285714
0.408834586466165 0.713114754098361
0.408834586466165 0.711947626841244
0.409774436090226 0.712418300653595
0.409774436090226 0.711256117455139
0.410714285714286 0.711726384364821
0.410714285714286 0.710569105691057
0.411654135338346 0.711038961038961
0.412593984962406 0.711507293354943
0.413533834586466 0.711974110032362
0.414473684210526 0.712439418416801
0.414473684210526 0.711290322580645
0.415413533834586 0.711755233494364
0.416353383458647 0.712218649517685
0.417293233082707 0.712680577849117
0.417293233082707 0.711538461538462
0.418233082706767 0.712
0.419172932330827 0.712460063897764
0.419172932330827 0.711323763955343
0.420112781954887 0.711783439490446
0.421052631578947 0.712241653418124
0.421992481203008 0.712698412698413
0.422932330827068 0.713153724247227
0.423872180451128 0.713607594936709
0.424812030075188 0.714060031595577
0.424812030075188 0.712933753943218
0.425751879699248 0.713385826771654
0.426691729323308 0.713836477987421
0.426691729323308 0.712715855572998
0.426691729323308 0.711598746081505
0.427631578947368 0.712050078247261
0.427631578947368 0.7109375
0.428571428571429 0.711388455538221
0.429511278195489 0.71183800623053
0.429511278195489 0.710730948678072
0.430451127819549 0.711180124223602
0.431390977443609 0.711627906976744
0.431390977443609 0.710526315789474
0.431390977443609 0.709428129829985
0.431390977443609 0.708333333333333
0.432330827067669 0.708782742681048
0.433270676691729 0.709230769230769
0.433270676691729 0.708141321044547
0.433270676691729 0.707055214723926
0.433270676691729 0.705972434915773
0.434210526315789 0.706422018348624
0.434210526315789 0.705343511450382
0.43515037593985 0.705792682926829
0.43609022556391 0.706240487062405
0.43609022556391 0.70516717325228
0.43703007518797 0.705614567526555
0.43703007518797 0.704545454545455
0.43796992481203 0.70499243570348
0.43890977443609 0.705438066465257
0.43984962406015 0.705882352941177
0.43984962406015 0.704819277108434
0.440789473684211 0.705263157894737
0.440789473684211 0.704204204204204
0.441729323308271 0.704647676161919
0.441729323308271 0.703592814371258
0.442669172932331 0.704035874439462
0.442669172932331 0.702985074626866
0.443609022556391 0.703427719821162
0.444548872180451 0.703869047619048
0.445488721804511 0.704309063893016
0.445488721804511 0.70326409495549
0.445488721804511 0.702222222222222
0.446428571428571 0.702662721893491
0.446428571428571 0.701624815361891
0.447368421052632 0.702064896755162
0.448308270676692 0.702503681885125
0.448308270676692 0.701470588235294
0.448308270676692 0.700440528634361
0.448308270676692 0.69941348973607
0.449248120300752 0.699853587115666
0.450187969924812 0.700292397660819
0.451127819548872 0.700729927007299
0.452067669172932 0.701166180758018
0.452067669172932 0.700145560407569
0.452067669172932 0.699127906976744
0.452067669172932 0.69811320754717
0.452067669172932 0.697101449275362
0.453007518796992 0.69753979739508
0.453947368421053 0.697976878612717
0.453947368421053 0.696969696969697
0.453947368421053 0.695965417867435
0.453947368421053 0.694964028776978
0.454887218045113 0.695402298850575
0.455827067669173 0.69583931133429
0.455827067669173 0.694842406876791
0.456766917293233 0.695278969957081
0.457706766917293 0.695714285714286
0.458646616541353 0.696148359486448
0.459586466165414 0.696581196581197
0.459586466165414 0.695590327169274
0.460526315789474 0.695035460992908
0.460526315789474 0.694050991501416
0.460526315789474 0.693069306930693
0.460526315789474 0.692090395480226
0.461466165413534 0.692524682651622
0.462406015037594 0.692957746478873
0.462406015037594 0.691983122362869
0.463345864661654 0.692415730337079
0.463345864661654 0.691444600280505
0.464285714285714 0.69187675070028
0.465225563909774 0.692307692307692
0.466165413533835 0.692737430167598
0.467105263157895 0.693165969316597
0.468045112781955 0.693593314763231
0.468984962406015 0.694019471488178
0.469924812030075 0.694444444444444
0.470864661654135 0.694868238557559
0.470864661654135 0.693905817174515
0.471804511278196 0.69432918395574
0.472744360902256 0.69475138121547
0.473684210526316 0.695172413793103
0.473684210526316 0.694214876033058
0.474624060150376 0.694635488308116
0.474624060150376 0.693681318681319
0.475563909774436 0.694101508916324
0.475563909774436 0.693150684931507
0.476503759398496 0.693570451436389
0.477443609022556 0.693989071038251
0.477443609022556 0.693042291950887
0.477443609022556 0.692098092643052
0.477443609022556 0.691156462585034
0.478383458646617 0.691576086956522
0.478383458646617 0.690637720488467
0.478383458646617 0.68970189701897
0.479323308270677 0.690121786197564
0.479323308270677 0.689189189189189
0.479323308270677 0.688259109311741
0.479323308270677 0.68733153638814
0.480263157894737 0.687752355316285
0.481203007518797 0.688172043010753
0.482142857142857 0.688590604026846
0.483082706766917 0.689008042895442
0.484022556390977 0.689424364123159
0.484022556390977 0.688502673796791
0.484022556390977 0.68758344459279
0.484022556390977 0.686666666666667
0.484962406015038 0.687083888149134
0.484962406015038 0.686170212765957
0.484962406015038 0.685258964143426
0.484962406015038 0.684350132625995
0.484962406015038 0.683443708609272
0.485902255639098 0.683862433862434
0.486842105263158 0.684280052840158
0.487781954887218 0.684696569920844
0.487781954887218 0.683794466403162
0.488721804511278 0.684210526315789
0.489661654135338 0.684625492772667
0.490601503759398 0.68503937007874
0.490601503759398 0.684141546526868
0.491541353383459 0.684554973821989
0.491541353383459 0.683660130718954
0.492481203007519 0.684073107049608
0.493421052631579 0.684485006518905
0.494360902255639 0.684895833333333
0.494360902255639 0.684005201560468
0.494360902255639 0.683116883116883
0.495300751879699 0.683527885862516
0.496240601503759 0.683937823834197
0.49718045112782 0.684346701164295
0.49812030075188 0.684754521963824
0.49812030075188 0.683870967741935
0.49906015037594 0.684278350515464
0.49906015037594 0.683397683397683
0.49906015037594 0.682519280205656
0.5 0.682926829268293
0.50093984962406 0.683333333333333
0.50187969924812 0.683738796414853
0.50281954887218 0.684143222506394
0.50281954887218 0.683269476372925
0.50281954887218 0.682397959183674
0.503759398496241 0.682802547770701
0.504699248120301 0.683206106870229
0.504699248120301 0.682337992376112
0.505639097744361 0.682741116751269
0.505639097744361 0.681875792141952
0.505639097744361 0.681012658227848
0.506578947368421 0.68141592920354
0.507518796992481 0.681818181818182
0.508458646616541 0.682219419924338
0.508458646616541 0.681360201511335
0.509398496240602 0.681761006289308
0.510338345864662 0.6821608040201
0.510338345864662 0.681304893350063
0.510338345864662 0.680451127819549
0.510338345864662 0.679599499374218
0.511278195488722 0.68
0.512218045112782 0.68039950062422
0.513157894736842 0.680798004987531
0.514097744360902 0.681195516811955
0.515037593984962 0.681592039800995
0.515977443609023 0.681987577639752
0.516917293233083 0.682382133995037
0.516917293233083 0.681536555142503
0.517857142857143 0.681930693069307
0.517857142857143 0.681087762669963
0.517857142857143 0.680246913580247
0.517857142857143 0.67940813810111
0.518796992481203 0.679802955665025
0.519736842105263 0.68019680196802
0.520676691729323 0.680589680589681
0.520676691729323 0.679754601226994
0.521616541353383 0.680147058823529
0.522556390977444 0.680538555691554
0.523496240601504 0.680929095354523
0.523496240601504 0.68009768009768
0.524436090225564 0.680487804878049
0.525375939849624 0.680876979293544
0.526315789473684 0.681265206812652
0.526315789473684 0.680437424058323
0.527255639097744 0.680825242718447
0.528195488721805 0.681212121212121
0.529135338345865 0.681598062953995
0.529135338345865 0.680773881499395
0.530075187969925 0.681159420289855
0.530075187969925 0.680337756332931
0.530075187969925 0.679518072289157
0.530075187969925 0.67870036101083
0.531015037593985 0.679086538461538
0.531015037593985 0.678271308523409
0.531015037593985 0.677458033573141
0.531954887218045 0.677844311377246
0.532894736842105 0.67822966507177
0.533834586466165 0.678614097968937
0.534774436090226 0.678997613365155
0.534774436090226 0.67818831942789
0.535714285714286 0.678571428571429
0.536654135338346 0.678953626634958
0.537593984962406 0.679334916864608
0.538533834586466 0.679715302491103
0.538533834586466 0.678909952606635
0.538533834586466 0.67810650887574
0.539473684210526 0.678486997635934
0.540413533834586 0.678866587957497
0.540413533834586 0.678066037735849
0.541353383458647 0.678445229681979
0.542293233082707 0.678823529411765
0.543233082706767 0.679200940070505
0.544172932330827 0.679577464788732
0.545112781954887 0.679953106682298
0.545112781954887 0.679156908665105
0.545112781954887 0.678362573099415
0.546052631578947 0.678738317757009
0.546992481203007 0.679113185530922
0.546992481203007 0.678321678321678
0.547932330827068 0.678696158323632
0.547932330827068 0.677906976744186
0.547932330827068 0.677119628339141
0.547932330827068 0.675550405561993
0.548872180451128 0.675925925925926
0.548872180451128 0.67514450867052
0.549812030075188 0.675519630484988
0.549812030075188 0.674740484429066
0.549812030075188 0.673963133640553
0.550751879699248 0.67433831990794
0.550751879699248 0.673563218390805
0.550751879699248 0.672789896670494
0.551691729323308 0.673165137614679
0.552631578947368 0.673539518900344
0.553571428571429 0.673913043478261
0.554511278195489 0.674285714285714
0.555451127819549 0.674657534246575
0.555451127819549 0.673888255416192
0.556390977443609 0.674259681093394
0.557330827067669 0.674630261660978
0.558270676691729 0.675
0.559210526315789 0.675368898978434
0.559210526315789 0.674603174603175
0.559210526315789 0.673839184597962
0.56015037593985 0.67420814479638
0.56109022556391 0.674576271186441
0.56109022556391 0.673814898419865
0.56203007518797 0.674182638105975
0.56296992481203 0.67454954954955
0.56296992481203 0.673790776152981
0.56390977443609 0.674157303370786
0.56390977443609 0.673400673400673
0.56390977443609 0.672645739910314
0.56484962406015 0.673012318029115
0.56484962406015 0.672259507829978
0.56484962406015 0.671508379888268
0.565789473684211 0.671875
0.565789473684211 0.671125975473802
0.566729323308271 0.671492204899777
0.567669172932331 0.671857619577308
0.567669172932331 0.671111111111111
0.568609022556391 0.671476137624861
0.569548872180451 0.671840354767184
0.569548872180451 0.67109634551495
0.569548872180451 0.670353982300885
0.569548872180451 0.669613259668508
0.570488721804511 0.669977924944812
0.570488721804511 0.669239250275634
0.570488721804511 0.668502202643172
0.570488721804511 0.667766776677668
0.571428571428571 0.668131868131868
0.572368421052632 0.668496158068057
0.572368421052632 0.667763157894737
0.573308270676692 0.668127053669222
0.573308270676692 0.667396061269147
0.573308270676692 0.666666666666667
0.574248120300752 0.66703056768559
0.575187969924812 0.667393675027263
0.576127819548872 0.667755991285403
0.577067669172932 0.668117519042437
0.577067669172932 0.667391304347826
0.578007518796993 0.667752442996743
0.578007518796993 0.667028199566161
0.578947368421053 0.66738894907909
0.578947368421053 0.666666666666667
0.579887218045113 0.667027027027027
0.580827067669173 0.667386609071274
0.581766917293233 0.667745415318231
0.581766917293233 0.667025862068966
0.581766917293233 0.666307857911733
0.582706766917293 0.666666666666667
0.582706766917293 0.665950590762621
0.583646616541353 0.666309012875536
0.584586466165414 0.666666666666667
0.585526315789474 0.667023554603854
0.586466165413534 0.667379679144385
0.586466165413534 0.666666666666667
0.586466165413534 0.665955176093917
0.587406015037594 0.666311300639659
0.588345864661654 0.666666666666667
0.589285714285714 0.666312433581297
0.589285714285714 0.665605095541401
0.590225563909774 0.665959703075292
0.590225563909774 0.665254237288136
0.591165413533835 0.665608465608466
0.592105263157895 0.665961945031712
0.593045112781955 0.666314677930306
0.593984962406015 0.666666666666667
0.594924812030075 0.667017913593256
0.595864661654135 0.667368421052632
0.595864661654135 0.666666666666667
0.595864661654135 0.665966386554622
0.596804511278195 0.666316894018888
0.597744360902256 0.666666666666667
0.597744360902256 0.665968586387435
0.597744360902256 0.665271966527197
0.598684210526316 0.665621734587252
0.599624060150376 0.665970772442589
0.600563909774436 0.666319082377477
0.601503759398496 0.666666666666667
0.602443609022556 0.667013527575442
0.602443609022556 0.666320166320166
0.603383458646617 0.666666666666667
0.603383458646617 0.66597510373444
0.603383458646617 0.665284974093264
0.603383458646617 0.664596273291925
0.603383458646617 0.663908996897622
0.604323308270677 0.664256198347107
0.604323308270677 0.663570691434469
0.605263157894737 0.663917525773196
0.606203007518797 0.664263645726056
0.607142857142857 0.664609053497942
0.607142857142857 0.663926002055498
0.607142857142857 0.663244353182752
0.608082706766917 0.663589743589744
0.609022556390977 0.663934426229508
0.609962406015038 0.664278403275333
0.610902255639098 0.664621676891616
0.610902255639098 0.663942798774259
0.611842105263158 0.664285714285714
0.612781954887218 0.664627930682977
0.612781954887218 0.663951120162933
0.613721804511278 0.664292980671414
0.614661654135338 0.664634146341463
0.614661654135338 0.663959390862944
0.615601503759398 0.664300202839757
0.615601503759398 0.663627152988855
0.616541353383459 0.663967611336032
0.616541353383459 0.663296258847321
0.617481203007519 0.663636363636364
0.617481203007519 0.662966700302725
0.618421052631579 0.663306451612903
0.619360902255639 0.663645518630413
0.620300751879699 0.663983903420523
0.620300751879699 0.663316582914573
0.621240601503759 0.663654618473896
0.62218045112782 0.663991975927783
0.62218045112782 0.663326653306613
0.62218045112782 0.662662662662663
0.62218045112782 0.662
0.62312030075188 0.662337662337662
0.62406015037594 0.662674650698603
0.62406015037594 0.662013958125623
0.62406015037594 0.661354581673307
0.62406015037594 0.660696517412935
0.62406015037594 0.660039761431412
0.625 0.660377358490566
0.62593984962406 0.660714285714286
0.62593984962406 0.66005946481665
0.62687969924812 0.66039603960396
0.62687969924812 0.659742828882295
0.62781954887218 0.660079051383399
0.62781954887218 0.659427443237907
0.628759398496241 0.659763313609467
0.628759398496241 0.659113300492611
0.629699248120301 0.659448818897638
0.630639097744361 0.659783677482793
0.631578947368421 0.660117878192534
0.632518796992481 0.66045142296369
0.633458646616541 0.66078431372549
0.634398496240602 0.661116552399608
0.635338345864662 0.661448140900196
0.635338345864662 0.66080156402737
0.635338345864662 0.66015625
0.635338345864662 0.659512195121951
0.636278195488722 0.659844054580897
0.636278195488722 0.659201557935735
0.636278195488722 0.658560311284047
0.637218045112782 0.658892128279883
0.637218045112782 0.658252427184466
0.637218045112782 0.657613967022308
0.638157894736842 0.657945736434108
0.639097744360902 0.658276863504356
0.640037593984962 0.658607350096712
0.640977443609023 0.658937198067633
0.640977443609023 0.658301158301158
0.640977443609023 0.657666345226615
0.641917293233083 0.657996146435453
0.642857142857143 0.65832531280077
0.643796992481203 0.658653846153846
0.644736842105263 0.658981748318924
0.644736842105263 0.658349328214971
0.645676691729323 0.658676893576222
0.646616541353383 0.659003831417625
0.647556390977444 0.65933014354067
0.648496240601504 0.659655831739962
0.648496240601504 0.659025787965616
0.648496240601504 0.658396946564885
0.648496240601504 0.657769304099142
0.648496240601504 0.657142857142857
0.648496240601504 0.65651760228354
0.649436090225564 0.656844106463878
0.649436090225564 0.65622032288699
0.650375939849624 0.656546489563567
0.651315789473684 0.656872037914692
0.651315789473684 0.65625
0.652255639097744 0.656575212866604
0.653195488721805 0.656899810964083
0.653195488721805 0.656279508970727
0.653195488721805 0.655660377358491
0.654135338345865 0.655984919886899
0.655075187969925 0.656308851224105
0.655075187969925 0.655691439322672
0.655075187969925 0.655075187969925
0.655075187969925 0.654460093896714
0.656015037593985 0.654784240150094
0.656015037593985 0.654170571696345
0.656015037593985 0.653558052434457
0.656015037593985 0.652946679139383
0.656954887218045 0.653271028037383
0.656954887218045 0.65266106442577
0.657894736842105 0.652985074626866
0.658834586466165 0.653308480894688
0.659774436090226 0.653631284916201
0.660714285714286 0.653953488372093
0.661654135338346 0.654275092936803
0.662593984962406 0.654596100278552
0.662593984962406 0.653988868274583
0.662593984962406 0.653382761816497
0.662593984962406 0.652777777777778
0.662593984962406 0.652173913043478
0.663533834586466 0.652495378927911
0.664473684210526 0.652816251154201
0.664473684210526 0.652214022140221
0.664473684210526 0.651612903225806
0.665413533834586 0.651933701657459
0.665413533834586 0.651333946642134
0.665413533834586 0.650735294117647
0.666353383458647 0.651056014692378
0.667293233082707 0.651376146788991
0.668233082706767 0.651695692025665
0.668233082706767 0.651098901098901
0.668233082706767 0.650503202195791
0.668233082706767 0.649908592321755
0.669172932330827 0.650228310502283
0.670112781954887 0.650547445255474
0.671052631578947 0.650865998176846
0.671052631578947 0.650273224043716
0.671052631578947 0.64968152866242
0.671992481203007 0.65
0.672932330827068 0.650317892824705
0.672932330827068 0.6497277676951
0.673872180451128 0.650045330915685
0.673872180451128 0.64945652173913
0.673872180451128 0.648868778280543
0.673872180451128 0.648282097649186
0.674812030075188 0.648599819331527
0.675751879699248 0.648916967509025
0.675751879699248 0.648331830477908
0.675751879699248 0.647747747747748
0.676691729323308 0.648064806480648
0.676691729323308 0.647482014388489
0.676691729323308 0.646900269541779
0.676691729323308 0.646319569120287
0.676691729323308 0.645739910313901
0.676691729323308 0.645161290322581
0.676691729323308 0.644583706356312
0.676691729323308 0.644007155635063
0.677631578947368 0.644325290437891
0.678571428571429 0.644642857142857
0.678571428571429 0.644067796610169
0.678571428571429 0.64349376114082
0.678571428571429 0.642920747996438
0.679511278195489 0.643238434163701
0.680451127819549 0.643555555555556
0.681390977443609 0.643872113676732
0.682330827067669 0.644188110026619
0.683270676691729 0.644503546099291
0.683270676691729 0.643932683790965
0.683270676691729 0.643362831858407
0.684210526315789 0.64367816091954
0.684210526315789 0.643109540636042
0.684210526315789 0.642541924095322
0.684210526315789 0.641975308641975
0.684210526315789 0.641409691629956
0.68515037593985 0.641725352112676
0.68515037593985 0.641160949868074
0.68609022556391 0.641476274165202
0.68703007518797 0.641791044776119
0.68703007518797 0.641228070175439
0.68703007518797 0.640666082383874
0.68703007518797 0.640105078809107
0.68796992481203 0.640419947506562
0.68890977443609 0.640734265734266
0.68890977443609 0.640174672489083
0.68984962406015 0.640488656195462
0.690789473684211 0.640802092414996
0.691729323308271 0.641114982578397
0.692669172932331 0.641427328111401
0.692669172932331 0.640869565217391
0.692669172932331 0.640312771503041
0.692669172932331 0.639756944444444
0.693609022556391 0.640069384215091
0.693609022556391 0.639514731369151
0.694548872180451 0.63982683982684
0.695488721804511 0.640138408304498
0.695488721804511 0.639585133967156
0.695488721804511 0.639032815198618
0.695488721804511 0.638481449525453
0.695488721804511 0.637931034482759
0.696428571428571 0.638242894056848
0.697368421052632 0.63855421686747
0.697368421052632 0.638005159071367
0.698308270676692 0.638316151202749
0.698308270676692 0.637768240343348
0.698308270676692 0.637221269296741
0.699248120300752 0.636986301369863
0.700187969924812 0.637296834901625
0.701127819548872 0.637606837606838
0.701127819548872 0.637062339880444
0.702067669172932 0.637372013651877
0.702067669172932 0.636828644501279
0.702067669172932 0.636286201022147
0.702067669172932 0.635744680851064
0.703007518796993 0.636054421768708
0.703007518796993 0.635514018691589
0.703947368421053 0.635823429541596
0.704887218045113 0.636132315521629
0.704887218045113 0.635593220338983
0.704887218045113 0.635055038103302
0.704887218045113 0.634517766497462
0.704887218045113 0.633981403212172
0.704887218045113 0.633445945945946
0.705827067669173 0.633755274261603
0.705827067669173 0.633220910623946
0.706766917293233 0.633529907329402
0.706766917293233 0.632996632996633
0.707706766917293 0.633305298570227
0.707706766917293 0.632773109243697
0.707706766917293 0.632241813602015
0.708646616541353 0.63255033557047
0.709586466165414 0.632858340318525
0.709586466165414 0.632328308207705
0.710526315789474 0.632635983263598
0.710526315789474 0.632107023411371
0.710526315789474 0.631578947368421
0.711466165413534 0.631886477462437
0.711466165413534 0.631359466221852
0.712406015037594 0.631666666666667
0.712406015037594 0.631140716069942
0.712406015037594 0.630615640599002
0.712406015037594 0.630091438071488
0.713345864661654 0.630398671096346
0.713345864661654 0.629875518672199
0.714285714285714 0.630182421227197
0.715225563909774 0.630488815244408
0.716165413533835 0.630794701986755
0.716165413533835 0.630272952853598
0.717105263157895 0.630578512396694
0.718045112781955 0.630883567299752
0.718045112781955 0.63036303630363
0.718984962406015 0.630667765869744
0.718984962406015 0.630148270181219
0.718984962406015 0.62962962962963
0.718984962406015 0.629111842105263
0.719924812030075 0.629416598192276
0.720864661654135 0.629720853858785
0.720864661654135 0.629204265791632
0.720864661654135 0.628688524590164
0.720864661654135 0.628173628173628
0.721804511278195 0.62847790507365
0.721804511278195 0.627964022894522
0.722744360902256 0.628267973856209
0.722744360902256 0.627755102040816
0.722744360902256 0.627243066884176
0.722744360902256 0.626731866340668
0.722744360902256 0.626221498371335
0.723684210526316 0.626525630593979
0.724624060150376 0.626829268292683
0.724624060150376 0.626320064987815
0.725563909774436 0.626623376623377
0.726503759398496 0.626926196269262
0.727443609022556 0.627228525121556
0.727443609022556 0.626720647773279
0.728383458646617 0.627022653721683
0.728383458646617 0.626515763945028
0.729323308270677 0.626817447495961
0.729323308270677 0.626311541565779
0.729323308270677 0.625806451612903
0.730263157894737 0.62610797743755
0.730263157894737 0.6256038647343
0.730263157894737 0.62510056315366
0.730263157894737 0.62459807073955
0.731203007518797 0.624899598393574
0.731203007518797 0.624398073836276
0.732142857142857 0.624699278267843
0.733082706766917 0.625
0.734022556390977 0.625300240192154
0.734022556390977 0.6248
0.734022556390977 0.624300559552358
0.734962406015038 0.624600638977636
0.734962406015038 0.624102154828412
0.734962406015038 0.623604465709729
0.735902255639098 0.623904382470119
0.735902255639098 0.623407643312102
0.736842105263158 0.623707239459029
0.737781954887218 0.624006359300477
0.738721804511278 0.624305003971406
0.738721804511278 0.623809523809524
0.738721804511278 0.623314829500397
0.738721804511278 0.622820919175911
0.738721804511278 0.622327790973872
0.738721804511278 0.621835443037975
0.738721804511278 0.621343873517787
0.738721804511278 0.62085308056872
0.738721804511278 0.620363062352013
0.739661654135338 0.620662460567823
0.739661654135338 0.620173364854216
0.739661654135338 0.619685039370079
0.740601503759398 0.619984264358773
0.740601503759398 0.619496855345912
0.741541353383459 0.619795758051846
0.741541353383459 0.619309262166405
0.742481203007519 0.619607843137255
0.742481203007519 0.619122257053291
0.743421052631579 0.619420516836335
0.744360902255639 0.619718309859155
0.744360902255639 0.619233776387803
0.744360902255639 0.61875
0.744360902255639 0.618266978922717
0.744360902255639 0.617784711388456
0.745300751879699 0.618082618862042
0.746240601503759 0.618380062305296
0.74718045112782 0.618677042801556
0.74812030075188 0.618973561430793
0.74906015037594 0.619269619269619
0.74906015037594 0.618788819875776
0.74906015037594 0.618308766485648
0.74906015037594 0.617829457364341
0.74906015037594 0.617350890782339
0.75 0.617647058823529
0.75 0.617169373549884
0.75 0.616692426584235
0.75 0.616216216216216
0.75 0.615740740740741
0.75 0.61526599845798
0.75093984962406 0.615562403697997
0.75187969924812 0.615858352578907
0.75187969924812 0.615384615384615
0.75281954887218 0.615680245964643
0.75281954887218 0.615207373271889
0.75281954887218 0.614735226400614
0.75281954887218 0.614263803680982
0.753759398496241 0.61455938697318
0.753759398496241 0.614088820826952
0.753759398496241 0.613618974751339
0.754699248120301 0.613914373088685
0.754699248120301 0.613445378151261
0.754699248120301 0.612977099236641
0.754699248120301 0.612509534706331
0.754699248120301 0.612042682926829
0.754699248120301 0.611576542269612
0.755639097744361 0.611872146118721
0.755639097744361 0.611406844106464
0.756578947368421 0.611702127659574
0.756578947368421 0.611237661351557
0.756578947368421 0.610773899848255
0.756578947368421 0.610310841546626
0.757518796992481 0.610606060606061
0.757518796992481 0.610143830431491
0.758458646616541 0.610438729198185
0.759398496240602 0.610733182161754
0.759398496240602 0.610271903323263
0.759398496240602 0.609811320754717
0.760338345864662 0.610105580693816
0.761278195488722 0.610399397136398
0.762218045112782 0.610692771084337
0.763157894736842 0.610985703536494
0.764097744360902 0.611278195488722
0.764097744360902 0.610818933132983
0.764097744360902 0.61036036036036
0.764097744360902 0.609902475618905
0.765037593984962 0.610194902548726
0.765037593984962 0.609737827715356
0.765037593984962 0.609281437125748
0.765977443609023 0.609573672400898
0.766917293233083 0.609865470852018
0.766917293233083 0.60941000746826
0.766917293233083 0.608955223880597
0.766917293233083 0.608501118568233
0.766917293233083 0.608047690014903
0.767857142857143 0.608339538346984
0.767857142857143 0.607886904761905
0.767857142857143 0.607434944237918
0.768796992481203 0.607726597325409
0.769736842105263 0.608017817371938
0.770676691729323 0.608308605341246
0.770676691729323 0.607857672349889
0.770676691729323 0.606957809030348
0.770676691729323 0.606508875739645
0.770676691729323 0.606060606060606
0.771616541353383 0.606351550960118
0.771616541353383 0.60590405904059
0.771616541353383 0.605457227138643
0.772556390977444 0.605747973470892
0.772556390977444 0.605301914580265
0.772556390977444 0.60485651214128
0.772556390977444 0.604411764705882
0.772556390977444 0.603967670830272
0.773496240601504 0.604258443465492
0.773496240601504 0.603815113719736
0.773496240601504 0.603372434017595
0.773496240601504 0.602930402930403
0.773496240601504 0.602489019033675
0.773496240601504 0.602048280907096
0.773496240601504 0.601608187134503
0.773496240601504 0.601168736303871
0.774436090225564 0.601459854014599
0.775375939849624 0.601750547045952
0.776315789473684 0.602040816326531
0.777255639097744 0.602330662782229
0.778195488721805 0.602620087336245
0.778195488721805 0.602181818181818
0.779135338345865 0.602470930232558
0.780075187969925 0.602759622367465
0.780075187969925 0.602322206095791
0.780075187969925 0.60188542422045
0.780075187969925 0.601449275362319
0.780075187969925 0.601013758146271
0.780075187969925 0.600578871201158
0.780075187969925 0.600144613159798
0.780075187969925 0.59971098265896
0.780075187969925 0.59927797833935
0.781015037593985 0.5995670995671
0.781015037593985 0.599134823359769
0.781954887218045 0.599423631123919
0.781954887218045 0.598992080633549
0.782894736842105 0.599280575539568
0.782894736842105 0.598849748382459
0.782894736842105 0.598419540229885
0.782894736842105 0.597989949748744
0.783834586466165 0.598278335724534
0.783834586466165 0.597849462365591
0.783834586466165 0.597421203438395
0.783834586466165 0.596993557623479
0.783834586466165 0.59656652360515
0.784774436090226 0.596854896354539
0.784774436090226 0.596428571428571
0.784774436090226 0.596002855103497
0.784774436090226 0.595577746077033
0.784774436090226 0.595153243050606
0.785714285714286 0.595441595441595
0.785714285714286 0.595017793594306
0.786654135338346 0.595305832147937
0.787593984962406 0.595593461265103
0.788533834586466 0.595880681818182
0.788533834586466 0.595457771469127
0.788533834586466 0.595035460992908
0.789473684210526 0.595322466335932
0.789473684210526 0.594900849858357
0.789473684210526 0.59447983014862
0.790413533834586 0.594766619519095
0.790413533834586 0.59434628975265
0.791353383458647 0.594632768361582
0.791353383458647 0.594213126323218
0.792293233082707 0.594499294781382
0.793233082706767 0.594785059901339
0.794172932330827 0.595070422535211
0.794172932330827 0.594651653764954
0.796052631578947 0.595221363316936
0.796992481203007 0.595505617977528
0.797932330827068 0.595789473684211
0.798872180451128 0.596072931276297
0.798872180451128 0.595655220742817
0.798872180451128 0.595238095238095
0.799812030075188 0.595521343596921
0.800751879699248 0.595804195804196
0.800751879699248 0.59538784067086
0.800751879699248 0.594972067039106
0.800751879699248 0.594556873691556
0.801691729323308 0.594839609483961
0.802631578947368 0.595121951219512
0.802631578947368 0.594707520891365
0.803571428571429 0.594989561586639
0.804511278195489 0.595271210013908
0.805451127819549 0.595552466990966
0.805451127819549 0.595138888888889
0.805451127819549 0.594725884802221
0.805451127819549 0.594313453536754
0.805451127819549 0.593901593901594
0.805451127819549 0.593490304709141
0.805451127819549 0.593079584775086
0.805451127819549 0.592669432918396
0.805451127819549 0.592259847961299
0.805451127819549 0.591850828729282
0.805451127819549 0.59144237405107
0.806390977443609 0.591724137931035
0.806390977443609 0.59131633356306
0.807330827067669 0.591597796143251
0.808270676691729 0.591878871300757
0.809210526315789 0.592159559834938
0.809210526315789 0.591752577319588
0.81015037593985 0.592032967032967
0.81015037593985 0.591626630061771
0.81109022556391 0.591906721536351
0.81109022556391 0.591501028101439
0.81203007518797 0.591780821917808
0.81296992481203 0.592060232717317
0.81296992481203 0.591655266757866
0.81296992481203 0.591250854408749
0.81390977443609 0.591530054644809
0.81484962406015 0.591808873720136
0.81484962406015 0.591405184174625
0.815789473684211 0.591683708248125
0.816729323308271 0.591961852861035
0.816729323308271 0.591558883594282
0.817669172932331 0.591836734693878
0.817669172932331 0.591434398368457
0.818609022556391 0.591711956521739
0.819548872180451 0.591989137813985
0.819548872180451 0.591587516960651
0.819548872180451 0.591186440677966
0.819548872180451 0.590785907859079
0.819548872180451 0.590385917400135
0.819548872180451 0.589986468200271
0.819548872180451 0.589587559161596
0.819548872180451 0.589189189189189
0.819548872180451 0.588791357191087
0.819548872180451 0.588394062078273
0.819548872180451 0.587997302764666
0.819548872180451 0.587601078167116
0.820488721804511 0.587878787878788
0.821428571428571 0.588156123822342
0.822368421052632 0.588433086751849
0.822368421052632 0.588037634408602
0.822368421052632 0.587642713230356
0.822368421052632 0.587248322147651
0.823308270676692 0.587525150905433
0.824248120300752 0.587801608579088
0.825187969924812 0.588077695914267
0.825187969924812 0.58768406961178
0.825187969924812 0.587290969899666
0.826127819548872 0.587566844919786
0.826127819548872 0.587174348697395
0.826127819548872 0.586782376502003
0.826127819548872 0.586390927284857
0.827067669172932 0.586666666666667
0.827067669172932 0.586275816122585
0.827067669172932 0.585885486018642
0.827067669172932 0.585495675316035
0.827067669172932 0.585106382978723
0.828007518796993 0.585382059800664
0.828947368421053 0.585657370517928
0.829887218045113 0.585932315859323
0.830827067669173 0.586206896551724
0.830827067669173 0.585818422796554
0.830827067669173 0.585430463576159
0.830827067669173 0.585043017868961
0.831766917293233 0.58531746031746
0.831766917293233 0.584930601454065
0.832706766917293 0.585204755614267
0.832706766917293 0.584818481848185
0.832706766917293 0.5844327176781
0.832706766917293 0.584047462096243
0.832706766917293 0.583662714097497
0.833646616541353 0.583936800526662
0.833646616541353 0.583552631578947
0.833646616541353 0.583168967784352
0.833646616541353 0.582785808147175
0.834586466165414 0.583059750492449
0.835526315789474 0.583333333333333
0.835526315789474 0.582950819672131
0.836466165413534 0.583224115334207
0.837406015037594 0.583497053045187
0.838345864661654 0.583769633507853
0.838345864661654 0.583387835186396
0.838345864661654 0.583006535947712
0.839285714285714 0.583278902677988
0.839285714285714 0.58289817232376
0.839285714285714 0.582517938682322
0.839285714285714 0.582138200782269
0.839285714285714 0.581758957654723
0.840225563909774 0.58203125
0.841165413533835 0.582303188028627
0.842105263157895 0.58257477243173
0.842105263157895 0.582196231319038
0.842105263157895 0.581818181818182
0.842105263157895 0.581440622972096
0.843045112781955 0.581712062256809
0.843984962406015 0.58198314970836
0.843984962406015 0.58160621761658
0.843984962406015 0.581229773462783
0.843984962406015 0.580853816300129
0.844924812030075 0.581124757595346
0.845864661654135 0.581395348837209
0.845864661654135 0.581020012911556
0.846804511278195 0.581290322580645
0.846804511278195 0.580915538362347
0.846804511278195 0.580541237113402
0.846804511278195 0.580167417900837
0.846804511278195 0.57979407979408
0.847744360902256 0.580064308681672
0.847744360902256 0.579691516709512
0.848684210526316 0.579961464354528
0.849624060150376 0.580231065468549
0.850563909774436 0.580500320718409
0.851503759398496 0.580769230769231
0.851503759398496 0.580397181294042
0.852443609022556 0.580665813060179
0.852443609022556 0.580294305822137
0.853383458646617 0.580562659846547
0.854323308270677 0.580830670926518
0.855263157894737 0.581098339719029
0.855263157894737 0.580727504786216
0.855263157894737 0.580357142857143
0.855263157894737 0.579987253027406
0.856203007518797 0.580254777070064
0.856203007518797 0.579885423297263
0.856203007518797 0.579516539440204
0.857142857142857 0.579783852511125
0.858082706766917 0.58005082592122
0.858082706766917 0.57968253968254
0.858082706766917 0.579314720812183
0.859022556390977 0.579581483830057
0.859962406015038 0.579847908745247
0.859962406015038 0.579480683977201
0.860902255639098 0.579746835443038
0.861842105263158 0.580012650221379
0.861842105263158 0.579646017699115
0.862781954887218 0.57991156032849
0.862781954887218 0.579545454545455
0.863721804511278 0.57981072555205
0.863721804511278 0.579445145018916
0.863721804511278 0.579080025204789
0.864661654135338 0.579345088161209
0.865601503759398 0.57960981749528
0.866541353383459 0.579874213836478
0.866541353383459 0.57950974230044
0.866541353383459 0.579145728643216
0.866541353383459 0.578782172002511
0.867481203007519 0.579046424090339
0.868421052631579 0.579310344827586
0.868421052631579 0.578947368421053
0.868421052631579 0.578584846587351
0.869360902255639 0.578848560700876
0.870300751879699 0.579111944965603
0.870300751879699 0.57875
0.870300751879699 0.578388507183011
0.871240601503759 0.578651685393258
0.87218045112782 0.578914535246413
0.87312030075188 0.579177057356609
0.87406015037594 0.579439252336449
0.87406015037594 0.579078455790785
0.87406015037594 0.578718108276291
0.87406015037594 0.578358208955224
0.87406015037594 0.57799875699192
0.87406015037594 0.577639751552795
0.875 0.577901924270639
0.875 0.577543424317618
0.875 0.577185368877867
0.875 0.576827757125155
0.875 0.576470588235294
0.875 0.576113861386139
0.875 0.575757575757576
0.875 0.57540173053152
0.87593984962406 0.575663990117356
0.87593984962406 0.575308641975309
0.87687969924812 0.575570635410241
0.87687969924812 0.57521578298397
0.87687969924812 0.574861367837338
0.87687969924812 0.574507389162562
0.87687969924812 0.574153846153846
0.87687969924812 0.57380073800738
0.87687969924812 0.573448063921328
0.87687969924812 0.573095823095823
0.87687969924812 0.572744014732965
0.87687969924812 0.57239263803681
0.87687969924812 0.572041692213366
0.87687969924812 0.571691176470588
0.87687969924812 0.571341090018371
0.87687969924812 0.570991432068543
0.87781954887218 0.571253822629969
0.87781954887218 0.570904645476773
0.878759398496241 0.571166768478925
0.878759398496241 0.570818070818071
0.879699248120301 0.571079926784625
0.879699248120301 0.570731707317073
0.879699248120301 0.570383912248629
0.880639097744361 0.570645554202192
0.880639097744361 0.570298234936093
0.880639097744361 0.569951338199513
0.880639097744361 0.569604863221885
0.880639097744361 0.569258809234508
0.881578947368421 0.569520340012143
0.881578947368421 0.569174757281553
0.881578947368421 0.568829593693147
0.881578947368421 0.568484848484848
0.882518796992481 0.568746214415506
0.883458646616541 0.569007263922518
0.884398496240602 0.569267997580157
0.884398496240602 0.568923821039903
0.885338345864662 0.569184290030211
0.885338345864662 0.568840579710145
0.886278195488722 0.56875753920386
0.887218045112782 0.569017480409885
0.887218045112782 0.568674698795181
0.887218045112782 0.568332329921734
0.887218045112782 0.567990373044525
0.887218045112782 0.567648827420325
0.887218045112782 0.567307692307692
0.887218045112782 0.566966966966967
0.888157894736842 0.567226890756303
0.888157894736842 0.566886622675465
0.889097744360902 0.567146282973621
0.890037593984962 0.567405632115039
0.890977443609023 0.567664670658683
0.890977443609023 0.567324955116697
0.891917293233083 0.567583732057416
0.892857142857143 0.567842199641363
0.892857142857143 0.567502986857826
0.892857142857143 0.567164179104478
0.892857142857143 0.566825775656325
0.892857142857143 0.566487775790101
0.892857142857143 0.566150178784267
0.893796992481203 0.566408576533651
0.894736842105263 0.566666666666667
0.895676691729323 0.566924449732302
0.895676691729323 0.566587395957194
0.896616541353383 0.566844919786096
0.896616541353383 0.566508313539192
0.896616541353383 0.566172106824926
0.896616541353383 0.565836298932384
0.897556390977444 0.566093657379964
0.898496240601504 0.566350710900474
0.899436090225564 0.566607460035524
0.900375939849624 0.566863905325444
0.900375939849624 0.566528681253696
0.901315789473684 0.566784869976359
0.902255639097744 0.567040756054341
0.903195488721805 0.567296340023613
0.904135338345865 0.567551622418879
0.905075187969925 0.567806603773585
0.905075187969925 0.567472009428403
0.905075187969925 0.567137809187279
0.906015037593985 0.567392583872866
0.906954887218045 0.567647058823529
0.906954887218045 0.567313345091123
0.907894736842105 0.567567567567568
0.907894736842105 0.567234292425132
0.907894736842105 0.566901408450704
0.907894736842105 0.566568914956012
0.907894736842105 0.566236811254396
0.907894736842105 0.565905096660808
0.908834586466165 0.56615925058548
0.908834586466165 0.56582796957285
0.909774436090226 0.566081871345029
0.910714285714286 0.566335476329632
0.910714285714286 0.566004672897196
0.910714285714286 0.565674255691769
0.910714285714286 0.56534422403734
0.910714285714286 0.565014577259475
0.910714285714286 0.564685314685315
0.910714285714286 0.564356435643564
0.910714285714286 0.564027939464494
0.910714285714286 0.56369982547993
0.910714285714286 0.563372093023256
0.910714285714286 0.563044741429402
0.910714285714286 0.562717770034843
0.910714285714286 0.562391178177597
0.910714285714286 0.562064965197216
0.910714285714286 0.561739130434783
0.910714285714286 0.561413673232908
0.911654135338346 0.561667631731326
0.911654135338346 0.561342592592593
0.911654135338346 0.561017929438982
0.911654135338346 0.560693641618497
0.911654135338346 0.560369728480647
0.911654135338346 0.560046189376443
0.911654135338346 0.559723023658396
0.912593984962406 0.55997693194925
0.912593984962406 0.559654178674352
0.913533834586466 0.559907834101382
0.913533834586466 0.559585492227979
0.913533834586466 0.559263521288838
0.913533834586466 0.558941920644048
0.914473684210526 0.559195402298851
0.914473684210526 0.558874210224009
0.915413533834586 0.559127439724455
0.916353383458647 0.559380378657487
0.916353383458647 0.559059633027523
0.917293233082707 0.559312320916905
0.917293233082707 0.558991981672394
0.917293233082707 0.558672009158558
0.917293233082707 0.558352402745995
0.918233082706767 0.558604917095483
0.918233082706767 0.558285714285714
0.918233082706767 0.557966876070817
0.919172932330827 0.558219178082192
0.919172932330827 0.557900741585853
0.919172932330827 0.557582668187001
0.920112781954887 0.557834757834758
0.920112781954887 0.55751708428246
0.920112781954887 0.557199772339215
0.921052631578947 0.55745164960182
0.921992481203007 0.557703240477544
0.921992481203007 0.557386363636364
0.921992481203007 0.557069846678024
0.922932330827068 0.557321225879682
0.923872180451128 0.557572319909246
0.923872180451128 0.557256235827664
0.923872180451128 0.556940509915014
0.923872180451128 0.556625141562854
0.923872180451128 0.55631013016412
0.923872180451128 0.555995475113122
0.923872180451128 0.55568117580554
0.924812030075188 0.555932203389831
0.924812030075188 0.555618294748729
0.924812030075188 0.55530474040632
0.924812030075188 0.554991539763113
0.924812030075188 0.55467869222097
0.925751879699248 0.554929577464789
0.925751879699248 0.554617117117117
0.926691729323308 0.554867754642656
0.926691729323308 0.554555680539933
0.926691729323308 0.55424395727937
0.926691729323308 0.553932584269663
0.926691729323308 0.553621560920831
0.926691729323308 0.55331088664422
0.927631578947368 0.553561413348289
0.928571428571429 0.553811659192825
0.928571428571429 0.553501400560224
0.929511278195489 0.553751399776036
0.930451127819549 0.55400111919418
0.931390977443609 0.554250559284116
0.931390977443609 0.5539407490218
0.931390977443609 0.553631284916201
0.931390977443609 0.553322166387493
0.932330827067669 0.553571428571429
0.932330827067669 0.553262688232013
0.932330827067669 0.552954292084727
0.932330827067669 0.552646239554318
0.932330827067669 0.552338530066815
0.932330827067669 0.552031163049527
0.933270676691729 0.551973318510284
0.934210526315789 0.552222222222222
0.934210526315789 0.551915602443087
0.934210526315789 0.551303383250139
0.93515037593985 0.551552106430155
0.93515037593985 0.551246537396122
0.93515037593985 0.55094130675526
0.93515037593985 0.550636413945766
0.93515037593985 0.55033185840708
0.93515037593985 0.550027639579878
0.93515037593985 0.549723756906077
0.93609022556391 0.54997239094423
0.93609022556391 0.549668874172185
0.93703007518797 0.549917264202978
0.93796992481203 0.550165380374862
0.93890977443609 0.550413223140496
0.93890977443609 0.55011013215859
0.93984962406015 0.550357732526142
0.93984962406015 0.55005500550055
0.940789473684211 0.550302363936229
0.940789473684211 0.55
0.940789473684211 0.549697968149368
0.940789473684211 0.549396267837541
0.941729323308271 0.549643444871092
0.941729323308271 0.549342105263158
0.941729323308271 0.549041095890411
0.942669172932331 0.549288061336254
0.942669172932331 0.548987411056377
0.942669172932331 0.548687089715536
0.943609022556391 0.548933843630399
0.943609022556391 0.548633879781421
0.943609022556391 0.548334243582742
0.943609022556391 0.548034934497817
0.944548872180451 0.548281505728314
0.944548872180451 0.547982551799346
0.945488721804511 0.548228882833787
0.945488721804511 0.547930283224401
0.945488721804511 0.547632008709853
0.945488721804511 0.547334058759521
0.945488721804511 0.547036432843937
0.946428571428571 0.547282608695652
0.947368421052632 0.547528517110266
0.948308270676692 0.547774158523344
0.948308270676692 0.547476939772111
0.948308270676692 0.547180043383948
0.948308270676692 0.546883468834688
0.949248120300752 0.547128927410618
0.950187969924812 0.547374120194911
0.951127819548872 0.547619047619048
0.951127819548872 0.547322877230936
0.952067669172932 0.547567567567568
0.952067669172932 0.547271745002701
0.952067669172932 0.546976241900648
0.952067669172932 0.546681057744199
0.953007518796993 0.546925566343042
0.953007518796993 0.546630727762803
0.953007518796993 0.546336206896552
0.953007518796993 0.546042003231018
0.953007518796993 0.545748116254037
0.953007518796993 0.545454545454545
0.953007518796993 0.545161290322581
0.953947368421053 0.54540569586244
0.953947368421053 0.545112781954887
0.953947368421053 0.544820182501342
0.953947368421053 0.544527896995708
0.953947368421053 0.544235924932976
0.953947368421053 0.543944265809218
0.953947368421053 0.543652919121585
0.953947368421053 0.543361884368308
0.953947368421053 0.543071161048689
0.954887218045113 0.54331550802139
0.954887218045113 0.543025120256547
0.954887218045113 0.542735042735043
0.954887218045113 0.542445274959957
0.954887218045113 0.542155816435432
0.954887218045113 0.541866666666667
0.954887218045113 0.541577825159915
0.955827067669173 0.541822056473095
0.956766917293233 0.542066027689031
0.956766917293233 0.541777541245343
0.956766917293233 0.541489361702128
0.956766917293233 0.54120148856991
0.957706766917293 0.54144527098831
0.957706766917293 0.541157727031333
0.958646616541353 0.54140127388535
0.959586466165414 0.541644562334218
0.959586466165414 0.54135737009544
0.959586466165414 0.541070482246953
0.959586466165414 0.540783898305085
0.960526315789474 0.541026998411858
0.960526315789474 0.540740740740741
0.961466165413534 0.540983606557377
0.961466165413534 0.540697674418605
0.961466165413534 0.540412044374009
0.961466165413534 0.54012671594509
0.961466165413534 0.539556962025316
0.962406015037594 0.539799683711123
0.962406015037594 0.539515279241307
0.962406015037594 0.539231174302264
0.963345864661654 0.539473684210526
0.963345864661654 0.539189900052604
0.963345864661654 0.538906414300736
0.963345864661654 0.538623226484498
0.963345864661654 0.538340336134454
0.964285714285714 0.538582677165354
0.964285714285714 0.538300104931794
0.964285714285714 0.538017829050865
0.964285714285714 0.537735849056604
0.965225563909774 0.537977998952331
0.965225563909774 0.537696335078534
0.965225563909774 0.537414965986395
0.965225563909774 0.537133891213389
0.965225563909774 0.536853110297961
0.965225563909774 0.536572622779519
0.966165413533835 0.536814621409922
0.966165413533835 0.536534446764092
0.967105263157895 0.536776212832551
0.968045112781955 0.537017726798749
0.968045112781955 0.536737884314747
0.968045112781955 0.536458333333333
0.968984962406015 0.536699635606455
0.968984962406015 0.536420395421436
0.968984962406015 0.536141445657826
0.968984962406015 0.535862785862786
0.968984962406015 0.535584415584416
0.968984962406015 0.535306334371755
0.968984962406015 0.535028541774779
0.968984962406015 0.534751037344398
0.968984962406015 0.534473820632452
0.968984962406015 0.53419689119171
0.968984962406015 0.533920248575867
0.968984962406015 0.533643892339545
0.968984962406015 0.533367822038282
0.968984962406015 0.533092037228542
0.968984962406015 0.5328165374677
0.969924812030075 0.533057851239669
0.969924812030075 0.532782653588023
0.969924812030075 0.532507739938081
0.969924812030075 0.532233109850438
0.970864661654135 0.532474226804124
0.971804511278195 0.532715095311695
0.971804511278195 0.532440782698249
0.972744360902256 0.532681420483788
0.973684210526316 0.532921810699588
0.974624060150376 0.533161953727506
0.974624060150376 0.532887975334019
0.974624060150376 0.53261427837699
0.974624060150376 0.532340862422998
0.974624060150376 0.532067727039507
0.974624060150376 0.531794871794872
0.974624060150376 0.531522296258329
0.975563909774436 0.531762295081967
0.975563909774436 0.531490015360983
0.975563909774436 0.53121801432958
0.975563909774436 0.530946291560102
0.975563909774436 0.530674846625767
0.975563909774436 0.530403679100664
0.975563909774436 0.530132788559755
0.975563909774436 0.529591836734694
0.975563909774436 0.529321774604793
0.975563909774436 0.529051987767584
0.975563909774436 0.528782475802343
0.975563909774436 0.528513238289206
0.975563909774436 0.52824427480916
0.975563909774436 0.527975584944049
0.975563909774436 0.527707168276563
0.975563909774436 0.527439024390244
0.975563909774436 0.527171152869477
0.975563909774436 0.526903553299492
0.975563909774436 0.526636225266362
0.976503759398496 0.526876267748479
0.976503759398496 0.526609224531171
0.976503759398496 0.526342451874367
0.976503759398496 0.526075949367089
0.976503759398496 0.52580971659919
0.976503759398496 0.525543753161356
0.977443609022556 0.525783619817998
0.978383458646617 0.526023244062658
0.979323308270677 0.526262626262626
0.979323308270677 0.525996971226653
0.980263157894737 0.526236125126135
0.980263157894737 0.525970751386788
0.980263157894737 0.52570564516129
0.980263157894737 0.52544080604534
0.981203007518797 0.525679758308157
0.981203007518797 0.525415198792149
0.981203007518797 0.525150905432596
0.982142857142857 0.525389643036702
0.982142857142857 0.525125628140704
0.982142857142857 0.524861878453039
0.982142857142857 0.524598393574297
0.982142857142857 0.524335173105871
0.982142857142857 0.52407221664995
0.982142857142857 0.523809523809524
0.982142857142857 0.523547094188377
0.982142857142857 0.523284927391087
0.982142857142857 0.523023023023023
0.982142857142857 0.522761380690345
0.982142857142857 0.5225
0.983082706766917 0.522738630684658
0.983082706766917 0.522477522477522
0.983082706766917 0.522216674987519
0.983082706766917 0.521956087824351
0.984022556390977 0.522194513715711
0.984022556390977 0.521934197407777
0.984022556390977 0.521674140508221
0.984022556390977 0.521414342629482
0.984022556390977 0.521154803384768
0.984022556390977 0.52089552238806
0.984022556390977 0.520636499254102
0.984022556390977 0.52037773359841
0.984022556390977 0.520119225037258
0.984962406015038 0.520357497517378
0.984962406015038 0.51984126984127
0.984962406015038 0.519583539910759
0.984962406015038 0.519326065411298
0.985902255639098 0.519564140663695
0.985902255639098 0.519306930693069
0.986842105263158 0.519544779811974
0.986842105263158 0.519287833827893
0.986842105263158 0.519031141868512
0.986842105263158 0.518774703557312
0.986842105263158 0.518518518518518
0.986842105263158 0.518262586377098
0.986842105263158 0.518006906758757
0.986842105263158 0.517751479289941
0.986842105263158 0.517496303597831
0.986842105263158 0.517241379310345
0.987781954887218 0.517479074347612
0.987781954887218 0.517224409448819
0.987781954887218 0.516969995081161
0.987781954887218 0.516715830875123
0.987781954887218 0.516461916461916
0.987781954887218 0.516208251473477
0.987781954887218 0.515954835542464
0.987781954887218 0.515701668302257
0.988721804511278 0.515939185875429
0.988721804511278 0.515686274509804
0.989661654135338 0.515923566878981
0.989661654135338 0.515670910871694
0.989661654135338 0.515418502202643
0.989661654135338 0.515166340508806
0.989661654135338 0.514914425427873
0.989661654135338 0.51466275659824
0.989661654135338 0.514411333659013
0.989661654135338 0.51416015625
0.989661654135338 0.513909224011713
0.989661654135338 0.513658536585366
0.990601503759398 0.51389566065334
0.990601503759398 0.51364522417154
0.990601503759398 0.513395031660984
0.990601503759398 0.513145082765336
0.990601503759398 0.512895377128954
0.990601503759398 0.512645914396887
0.990601503759398 0.512396694214876
0.990601503759398 0.512147716229349
0.990601503759398 0.511898980087421
0.990601503759398 0.511650485436893
0.990601503759398 0.511402231926249
0.990601503759398 0.511154219204656
0.990601503759398 0.510906446921958
0.990601503759398 0.510658914728682
0.990601503759398 0.510411622276029
0.990601503759398 0.510164569215876
0.990601503759398 0.509917755200774
0.990601503759398 0.509671179883946
0.991541353383459 0.509908168197197
0.991541353383459 0.509661835748792
0.992481203007519 0.509898599710285
0.992481203007519 0.509406657018813
0.992481203007519 0.509161041465767
0.992481203007519 0.508915662650602
0.992481203007519 0.508670520231214
0.992481203007519 0.508425613866153
0.992481203007519 0.508180943214629
0.992481203007519 0.507936507936508
0.992481203007519 0.507692307692308
0.992481203007519 0.5074483421432
0.992481203007519 0.507204610951009
0.992481203007519 0.506961113778205
0.993421052631579 0.507197696737044
0.993421052631579 0.506954436450839
0.993421052631579 0.506711409395973
0.993421052631579 0.506468615237183
0.993421052631579 0.506226053639847
0.993421052631579 0.505983724269986
0.993421052631579 0.505741626794258
0.993421052631579 0.505499760879962
0.993421052631579 0.505258126195029
0.993421052631579 0.505016722408027
0.993421052631579 0.504775549188157
0.993421052631579 0.504534606205251
0.994360902255639 0.504770992366412
0.994360902255639 0.504530281354316
0.994360902255639 0.504289799809342
0.994360902255639 0.504049547403525
0.994360902255639 0.503809523809524
0.995300751879699 0.504045692527368
0.995300751879699 0.503805899143673
0.995300751879699 0.503566333808845
0.995300751879699 0.503326996197719
0.995300751879699 0.503087885985748
0.995300751879699 0.502849002849003
0.995300751879699 0.502610346464167
0.996240601503759 0.502846299810247
0.996240601503759 0.502607871028924
0.996240601503759 0.502369668246445
0.996240601503759 0.502131691141639
0.99718045112782 0.502367424242424
0.99718045112782 0.502129673450071
0.99718045112782 0.501892147587512
0.99718045112782 0.501654846335697
0.99718045112782 0.501417769376181
0.99812030075188 0.501653282947567
0.99812030075188 0.501416430594901
0.99812030075188 0.501179801793299
0.99812030075188 0.500943396226415
0.99812030075188 0.500707213578501
0.99812030075188 0.500471253534401
0.99812030075188 0.500235515779557
0.99906015037594 0.500470809792844
1 0.500705882352941
1 0.500470366886171
1 0.500235072872591
1 0.5
