0 0
0 0.00103950103950104
0 0.00207900207900208
0 0.00311850311850312
0 0.00415800415800416
0 0.0051975051975052
0 0.00623700623700624
0 0.00727650727650728
0 0.00831600831600832
0.00104058272632674 0.00831600831600832
0.00104058272632674 0.00935550935550936
0.00104058272632674 0.0103950103950104
0.00104058272632674 0.0114345114345114
0.00104058272632674 0.0124740124740125
0.00104058272632674 0.0135135135135135
0.00104058272632674 0.0145530145530146
0.00104058272632674 0.0155925155925156
0.00104058272632674 0.0166320166320166
0.00104058272632674 0.0176715176715177
0.00104058272632674 0.0187110187110187
0.00104058272632674 0.0197505197505198
0.00104058272632674 0.0207900207900208
0.00104058272632674 0.0218295218295218
0.00104058272632674 0.0228690228690229
0.00104058272632674 0.0239085239085239
0.00104058272632674 0.0249480249480249
0.00104058272632674 0.025987525987526
0.00208116545265349 0.025987525987526
0.00208116545265349 0.027027027027027
0.00208116545265349 0.0280665280665281
0.00208116545265349 0.0291060291060291
0.00208116545265349 0.0301455301455301
0.00208116545265349 0.0311850311850312
0.00208116545265349 0.0322245322245322
0.00208116545265349 0.0332640332640333
0.00208116545265349 0.0343035343035343
0.00208116545265349 0.0353430353430353
0.00312174817898023 0.0353430353430353
0.00312174817898023 0.0363825363825364
0.00312174817898023 0.0374220374220374
0.00312174817898023 0.0384615384615385
0.00312174817898023 0.0395010395010395
0.00312174817898023 0.0405405405405405
0.00312174817898023 0.0415800415800416
0.00416233090530697 0.0415800415800416
0.00416233090530697 0.0426195426195426
0.00520291363163371 0.0426195426195426
0.00624349635796046 0.0426195426195426
0.00624349635796046 0.0436590436590437
0.0072840790842872 0.0436590436590437
0.00832466181061394 0.0436590436590437
0.00832466181061394 0.0446985446985447
0.00832466181061394 0.0457380457380457
0.00936524453694069 0.0457380457380457
0.00936524453694069 0.0467775467775468
0.00936524453694069 0.0478170478170478
0.00936524453694069 0.0488565488565489
0.00936524453694069 0.0498960498960499
0.00936524453694069 0.0509355509355509
0.00936524453694069 0.051975051975052
0.0104058272632674 0.051975051975052
0.0104058272632674 0.053014553014553
0.0114464099895942 0.053014553014553
0.0114464099895942 0.0540540540540541
0.0114464099895942 0.0550935550935551
0.0114464099895942 0.0561330561330561
0.0114464099895942 0.0571725571725572
0.0114464099895942 0.0582120582120582
0.0114464099895942 0.0592515592515593
0.0114464099895942 0.0602910602910603
0.0114464099895942 0.0613305613305613
0.0114464099895942 0.0623700623700624
0.0114464099895942 0.0634095634095634
0.0114464099895942 0.0644490644490645
0.0114464099895942 0.0654885654885655
0.0114464099895942 0.0665280665280665
0.0114464099895942 0.0675675675675676
0.0114464099895942 0.0686070686070686
0.0114464099895942 0.0696465696465697
0.0114464099895942 0.0706860706860707
0.0114464099895942 0.0717255717255717
0.0114464099895942 0.0727650727650728
0.0114464099895942 0.0738045738045738
0.0114464099895942 0.0748440748440748
0.0114464099895942 0.0758835758835759
0.0114464099895942 0.0769230769230769
0.0114464099895942 0.077962577962578
0.0114464099895942 0.079002079002079
0.0114464099895942 0.08004158004158
0.0114464099895942 0.0810810810810811
0.0114464099895942 0.0821205821205821
0.0114464099895942 0.0831600831600832
0.0114464099895942 0.0841995841995842
0.0124869927159209 0.0841995841995842
0.0124869927159209 0.0852390852390852
0.0124869927159209 0.0862785862785863
0.0124869927159209 0.0873180873180873
0.0135275754422477 0.0873180873180873
0.0135275754422477 0.0883575883575884
0.0135275754422477 0.0893970893970894
0.0135275754422477 0.0904365904365904
0.0135275754422477 0.0914760914760915
0.0135275754422477 0.0925155925155925
0.0135275754422477 0.0935550935550936
0.0135275754422477 0.0945945945945946
0.0135275754422477 0.0956340956340956
0.0135275754422477 0.0966735966735967
0.0135275754422477 0.0977130977130977
0.0135275754422477 0.0987525987525988
0.0145681581685744 0.0987525987525988
0.0145681581685744 0.0997920997920998
0.0145681581685744 0.100831600831601
0.0145681581685744 0.101871101871102
0.0145681581685744 0.102910602910603
0.0145681581685744 0.103950103950104
0.0145681581685744 0.104989604989605
0.0145681581685744 0.106029106029106
0.0145681581685744 0.107068607068607
0.0145681581685744 0.108108108108108
0.0145681581685744 0.109147609147609
0.0145681581685744 0.11018711018711
0.0156087408949011 0.11018711018711
0.0156087408949011 0.111226611226611
0.0156087408949011 0.112266112266112
0.0156087408949011 0.113305613305613
0.0156087408949011 0.114345114345114
0.0156087408949011 0.115384615384615
0.0166493236212279 0.115384615384615
0.0176899063475546 0.115384615384615
0.0176899063475546 0.116424116424116
0.0187304890738814 0.116424116424116
0.0187304890738814 0.117463617463617
0.0187304890738814 0.118503118503119
0.0187304890738814 0.11954261954262
0.0187304890738814 0.120582120582121
0.0197710718002081 0.120582120582121
0.0197710718002081 0.121621621621622
0.0197710718002081 0.122661122661123
0.0197710718002081 0.123700623700624
0.0197710718002081 0.124740124740125
0.0197710718002081 0.125779625779626
0.0208116545265349 0.125779625779626
0.0208116545265349 0.126819126819127
0.0208116545265349 0.127858627858628
0.0208116545265349 0.128898128898129
0.0208116545265349 0.12993762993763
0.0208116545265349 0.130977130977131
0.0208116545265349 0.132016632016632
0.0208116545265349 0.133056133056133
0.0208116545265349 0.134095634095634
0.0208116545265349 0.135135135135135
0.0208116545265349 0.136174636174636
0.0208116545265349 0.137214137214137
0.0208116545265349 0.138253638253638
0.0208116545265349 0.139293139293139
0.0218522372528616 0.139293139293139
0.0218522372528616 0.14033264033264
0.0218522372528616 0.141372141372141
0.0228928199791883 0.141372141372141
0.0239334027055151 0.141372141372141
0.0239334027055151 0.142411642411642
0.0239334027055151 0.143451143451143
0.0239334027055151 0.144490644490644
0.0249739854318418 0.144490644490644
0.0249739854318418 0.145530145530146
0.0249739854318418 0.146569646569647
0.0249739854318418 0.147609147609148
0.0249739854318418 0.148648648648649
0.0260145681581686 0.148648648648649
0.0260145681581686 0.14968814968815
0.0260145681581686 0.150727650727651
0.0260145681581686 0.151767151767152
0.0260145681581686 0.152806652806653
0.0260145681581686 0.153846153846154
0.0260145681581686 0.154885654885655
0.0260145681581686 0.155925155925156
0.0260145681581686 0.156964656964657
0.0270551508844953 0.156964656964657
0.0270551508844953 0.158004158004158
0.0280957336108221 0.158004158004158
0.0280957336108221 0.159043659043659
0.0280957336108221 0.16008316008316
0.0291363163371488 0.16008316008316
0.0291363163371488 0.161122661122661
0.0291363163371488 0.162162162162162
0.0291363163371488 0.163201663201663
0.0291363163371488 0.164241164241164
0.0291363163371488 0.165280665280665
0.0301768990634755 0.165280665280665
0.0312174817898023 0.165280665280665
0.0312174817898023 0.166320166320166
0.0312174817898023 0.167359667359667
0.032258064516129 0.167359667359667
0.032258064516129 0.168399168399168
0.0332986472424558 0.168399168399168
0.0343392299687825 0.168399168399168
0.0343392299687825 0.169438669438669
0.0343392299687825 0.17047817047817
0.0343392299687825 0.171517671517672
0.0343392299687825 0.172557172557173
0.0343392299687825 0.173596673596674
0.0343392299687825 0.174636174636175
0.0343392299687825 0.175675675675676
0.0343392299687825 0.176715176715177
0.0343392299687825 0.177754677754678
0.0343392299687825 0.178794178794179
0.0353798126951093 0.178794178794179
0.0353798126951093 0.17983367983368
0.0353798126951093 0.180873180873181
0.0353798126951093 0.181912681912682
0.0353798126951093 0.182952182952183
0.0353798126951093 0.183991683991684
0.0353798126951093 0.185031185031185
0.0353798126951093 0.186070686070686
0.0353798126951093 0.187110187110187
0.0353798126951093 0.188149688149688
0.0353798126951093 0.189189189189189
0.0353798126951093 0.19022869022869
0.0353798126951093 0.191268191268191
0.036420395421436 0.191268191268191
0.036420395421436 0.192307692307692
0.0374609781477627 0.192307692307692
0.0374609781477627 0.193347193347193
0.0385015608740895 0.193347193347193
0.0385015608740895 0.194386694386694
0.0385015608740895 0.195426195426195
0.0395421436004162 0.195426195426195
0.0395421436004162 0.196465696465696
0.040582726326743 0.196465696465696
0.040582726326743 0.197505197505198
0.040582726326743 0.198544698544699
0.040582726326743 0.1995841995842
0.040582726326743 0.200623700623701
0.040582726326743 0.201663201663202
0.040582726326743 0.202702702702703
0.040582726326743 0.203742203742204
0.040582726326743 0.204781704781705
0.040582726326743 0.205821205821206
0.040582726326743 0.206860706860707
0.040582726326743 0.207900207900208
0.0416233090530697 0.207900207900208
0.0416233090530697 0.208939708939709
0.0426638917793965 0.208939708939709
0.0426638917793965 0.20997920997921
0.0426638917793965 0.211018711018711
0.0437044745057232 0.211018711018711
0.0437044745057232 0.212058212058212
0.0437044745057232 0.213097713097713
0.0437044745057232 0.214137214137214
0.0437044745057232 0.215176715176715
0.0437044745057232 0.216216216216216
0.0447450572320499 0.216216216216216
0.0447450572320499 0.217255717255717
0.0447450572320499 0.218295218295218
0.0447450572320499 0.219334719334719
0.0457856399583767 0.219334719334719
0.0457856399583767 0.22037422037422
0.0457856399583767 0.221413721413721
0.0457856399583767 0.222453222453222
0.0457856399583767 0.223492723492724
0.0457856399583767 0.224532224532225
0.0457856399583767 0.225571725571726
0.0457856399583767 0.226611226611227
0.0457856399583767 0.227650727650728
0.0468262226847034 0.227650727650728
0.0478668054110302 0.227650727650728
0.0478668054110302 0.228690228690229
0.0478668054110302 0.22972972972973
0.0478668054110302 0.230769230769231
0.0478668054110302 0.231808731808732
0.0489073881373569 0.231808731808732
0.0489073881373569 0.232848232848233
0.0489073881373569 0.233887733887734
0.0489073881373569 0.234927234927235
0.0489073881373569 0.235966735966736
0.0499479708636837 0.235966735966736
0.0509885535900104 0.235966735966736
0.0509885535900104 0.237006237006237
0.0509885535900104 0.238045738045738
0.0520291363163371 0.238045738045738
0.0520291363163371 0.239085239085239
0.0520291363163371 0.24012474012474
0.0520291363163371 0.241164241164241
0.0520291363163371 0.242203742203742
0.0520291363163371 0.243243243243243
0.0530697190426639 0.243243243243243
0.0530697190426639 0.244282744282744
0.0541103017689906 0.244282744282744
0.0541103017689906 0.245322245322245
0.0551508844953174 0.245322245322245
0.0551508844953174 0.246361746361746
0.0551508844953174 0.247401247401247
0.0551508844953174 0.248440748440748
0.0551508844953174 0.249480249480249
0.0561914672216441 0.249480249480249
0.0561914672216441 0.250519750519751
0.0561914672216441 0.251559251559252
0.0561914672216441 0.252598752598753
0.0561914672216441 0.253638253638254
0.0572320499479709 0.253638253638254
0.0572320499479709 0.254677754677755
0.0572320499479709 0.255717255717256
0.0572320499479709 0.256756756756757
0.0572320499479709 0.257796257796258
0.0572320499479709 0.258835758835759
0.0572320499479709 0.25987525987526
0.0572320499479709 0.260914760914761
0.0572320499479709 0.261954261954262
0.0582726326742976 0.261954261954262
0.0582726326742976 0.262993762993763
0.0582726326742976 0.264033264033264
0.0582726326742976 0.265072765072765
0.0593132154006243 0.265072765072765
0.0593132154006243 0.266112266112266
0.0593132154006243 0.267151767151767
0.0593132154006243 0.268191268191268
0.0593132154006243 0.269230769230769
0.0603537981269511 0.269230769230769
0.0613943808532778 0.269230769230769
0.0613943808532778 0.27027027027027
0.0613943808532778 0.271309771309771
0.0624349635796046 0.271309771309771
0.0624349635796046 0.272349272349272
0.0624349635796046 0.273388773388773
0.0624349635796046 0.274428274428274
0.0624349635796046 0.275467775467775
0.0624349635796046 0.276507276507277
0.0624349635796046 0.277546777546778
0.0624349635796046 0.278586278586279
0.0634755463059313 0.278586278586279
0.0645161290322581 0.278586278586279
0.0645161290322581 0.27962577962578
0.0655567117585848 0.27962577962578
0.0655567117585848 0.280665280665281
0.0655567117585848 0.281704781704782
0.0655567117585848 0.282744282744283
0.0655567117585848 0.283783783783784
0.0655567117585848 0.284823284823285
0.0665972944849116 0.284823284823285
0.0665972944849116 0.285862785862786
0.0665972944849116 0.286902286902287
0.0676378772112383 0.286902286902287
0.0676378772112383 0.287941787941788
0.0676378772112383 0.288981288981289
0.0676378772112383 0.29002079002079
0.0676378772112383 0.291060291060291
0.068678459937565 0.291060291060291
0.068678459937565 0.292099792099792
0.068678459937565 0.293139293139293
0.068678459937565 0.294178794178794
0.068678459937565 0.295218295218295
0.0697190426638918 0.295218295218295
0.0697190426638918 0.296257796257796
0.0697190426638918 0.297297297297297
0.0697190426638918 0.298336798336798
0.0707596253902185 0.298336798336798
0.0707596253902185 0.299376299376299
0.0718002081165453 0.299376299376299
0.0718002081165453 0.3004158004158
0.0718002081165453 0.301455301455301
0.0718002081165453 0.302494802494802
0.0718002081165453 0.303534303534304
0.072840790842872 0.303534303534304
0.072840790842872 0.304573804573805
0.072840790842872 0.305613305613306
0.0738813735691988 0.305613305613306
0.0738813735691988 0.306652806652807
0.0738813735691988 0.307692307692308
0.0738813735691988 0.308731808731809
0.0749219562955255 0.308731808731809
0.0749219562955255 0.30977130977131
0.0749219562955255 0.310810810810811
0.0749219562955255 0.311850311850312
0.0749219562955255 0.312889812889813
0.0749219562955255 0.313929313929314
0.0759625390218522 0.313929313929314
0.0759625390218522 0.314968814968815
0.077003121748179 0.314968814968815
0.0780437044745057 0.314968814968815
0.0790842872008325 0.314968814968815
0.0790842872008325 0.316008316008316
0.0790842872008325 0.317047817047817
0.0790842872008325 0.318087318087318
0.0790842872008325 0.319126819126819
0.0790842872008325 0.32016632016632
0.0790842872008325 0.321205821205821
0.0790842872008325 0.322245322245322
0.0790842872008325 0.323284823284823
0.0790842872008325 0.324324324324324
0.0790842872008325 0.325363825363825
0.0790842872008325 0.326403326403326
0.0790842872008325 0.327442827442827
0.0801248699271592 0.327442827442827
0.081165452653486 0.327442827442827
0.081165452653486 0.328482328482329
0.081165452653486 0.32952182952183
0.0822060353798127 0.32952182952183
0.0822060353798127 0.330561330561331
0.0832466181061394 0.330561330561331
0.0832466181061394 0.331600831600832
0.0832466181061394 0.332640332640333
0.0832466181061394 0.333679833679834
0.0832466181061394 0.334719334719335
0.0832466181061394 0.335758835758836
0.0832466181061394 0.336798336798337
0.0832466181061394 0.337837837837838
0.0842872008324662 0.337837837837838
0.0853277835587929 0.337837837837838
0.0863683662851197 0.337837837837838
0.0874089490114464 0.337837837837838
0.0874089490114464 0.338877338877339
0.0874089490114464 0.33991683991684
0.0874089490114464 0.340956340956341
0.0874089490114464 0.341995841995842
0.0884495317377731 0.341995841995842
0.0894901144640999 0.341995841995842
0.0905306971904266 0.341995841995842
0.0915712799167534 0.341995841995842
0.0915712799167534 0.343035343035343
0.0915712799167534 0.344074844074844
0.0915712799167534 0.345114345114345
0.0915712799167534 0.346153846153846
0.0926118626430801 0.346153846153846
0.0926118626430801 0.347193347193347
0.0926118626430801 0.348232848232848
0.0926118626430801 0.349272349272349
0.0936524453694069 0.349272349272349
0.0946930280957336 0.349272349272349
0.0946930280957336 0.35031185031185
0.0957336108220603 0.35031185031185
0.0957336108220603 0.351351351351351
0.0957336108220603 0.352390852390852
0.0957336108220603 0.353430353430353
0.0957336108220603 0.354469854469854
0.0957336108220603 0.355509355509356
0.0967741935483871 0.355509355509356
0.0978147762747138 0.355509355509356
0.0978147762747138 0.356548856548857
0.0978147762747138 0.357588357588358
0.0988553590010406 0.357588357588358
0.0988553590010406 0.358627858627859
0.0988553590010406 0.35966735966736
0.0988553590010406 0.360706860706861
0.0988553590010406 0.361746361746362
0.0998959417273673 0.361746361746362
0.0998959417273673 0.362785862785863
0.0998959417273673 0.363825363825364
0.0998959417273673 0.364864864864865
0.100936524453694 0.364864864864865
0.100936524453694 0.365904365904366
0.100936524453694 0.366943866943867
0.100936524453694 0.367983367983368
0.101977107180021 0.367983367983368
0.101977107180021 0.369022869022869
0.101977107180021 0.37006237006237
0.101977107180021 0.371101871101871
0.103017689906348 0.371101871101871
0.104058272632674 0.371101871101871
0.104058272632674 0.372141372141372
0.104058272632674 0.373180873180873
0.104058272632674 0.374220374220374
0.104058272632674 0.375259875259875
0.104058272632674 0.376299376299376
0.104058272632674 0.377338877338877
0.104058272632674 0.378378378378378
0.105098855359001 0.378378378378378
0.106139438085328 0.378378378378378
0.106139438085328 0.379417879417879
0.106139438085328 0.38045738045738
0.106139438085328 0.381496881496881
0.107180020811655 0.381496881496881
0.107180020811655 0.382536382536383
0.108220603537981 0.382536382536383
0.108220603537981 0.383575883575884
0.108220603537981 0.384615384615385
0.108220603537981 0.385654885654886
0.108220603537981 0.386694386694387
0.109261186264308 0.386694386694387
0.109261186264308 0.387733887733888
0.109261186264308 0.388773388773389
0.109261186264308 0.38981288981289
0.109261186264308 0.390852390852391
0.109261186264308 0.391891891891892
0.109261186264308 0.392931392931393
0.110301768990635 0.392931392931393
0.110301768990635 0.393970893970894
0.110301768990635 0.395010395010395
0.110301768990635 0.396049896049896
0.111342351716961 0.396049896049896
0.112382934443288 0.396049896049896
0.113423517169615 0.396049896049896
0.113423517169615 0.397089397089397
0.113423517169615 0.398128898128898
0.114464099895942 0.398128898128898
0.115504682622268 0.398128898128898
0.115504682622268 0.399168399168399
0.115504682622268 0.4002079002079
0.116545265348595 0.4002079002079
0.116545265348595 0.401247401247401
0.116545265348595 0.402286902286902
0.116545265348595 0.403326403326403
0.117585848074922 0.403326403326403
0.117585848074922 0.404365904365904
0.117585848074922 0.405405405405405
0.118626430801249 0.405405405405405
0.119667013527575 0.405405405405405
0.119667013527575 0.406444906444906
0.119667013527575 0.407484407484408
0.119667013527575 0.408523908523909
0.119667013527575 0.40956340956341
0.120707596253902 0.40956340956341
0.120707596253902 0.410602910602911
0.120707596253902 0.411642411642412
0.120707596253902 0.412681912681913
0.120707596253902 0.413721413721414
0.121748178980229 0.413721413721414
0.121748178980229 0.414760914760915
0.122788761706556 0.414760914760915
0.122788761706556 0.415800415800416
0.122788761706556 0.416839916839917
0.122788761706556 0.417879417879418
0.122788761706556 0.418918918918919
0.123829344432882 0.418918918918919
0.124869927159209 0.418918918918919
0.124869927159209 0.41995841995842
0.125910509885536 0.41995841995842
0.126951092611863 0.41995841995842
0.126951092611863 0.420997920997921
0.126951092611863 0.422037422037422
0.126951092611863 0.423076923076923
0.127991675338189 0.423076923076923
0.127991675338189 0.424116424116424
0.127991675338189 0.425155925155925
0.129032258064516 0.425155925155925
0.129032258064516 0.426195426195426
0.129032258064516 0.427234927234927
0.129032258064516 0.428274428274428
0.129032258064516 0.429313929313929
0.130072840790843 0.429313929313929
0.13111342351717 0.429313929313929
0.132154006243496 0.429313929313929
0.132154006243496 0.43035343035343
0.132154006243496 0.431392931392931
0.132154006243496 0.432432432432432
0.132154006243496 0.433471933471933
0.132154006243496 0.434511434511435
0.132154006243496 0.435550935550936
0.133194588969823 0.435550935550936
0.13423517169615 0.435550935550936
0.13423517169615 0.436590436590437
0.13423517169615 0.437629937629938
0.13423517169615 0.438669438669439
0.135275754422477 0.438669438669439
0.136316337148803 0.438669438669439
0.136316337148803 0.43970893970894
0.136316337148803 0.440748440748441
0.136316337148803 0.441787941787942
0.136316337148803 0.442827442827443
0.136316337148803 0.443866943866944
0.13735691987513 0.443866943866944
0.138397502601457 0.443866943866944
0.138397502601457 0.444906444906445
0.138397502601457 0.445945945945946
0.139438085327784 0.445945945945946
0.14047866805411 0.445945945945946
0.14047866805411 0.446985446985447
0.14047866805411 0.448024948024948
0.141519250780437 0.448024948024948
0.141519250780437 0.449064449064449
0.142559833506764 0.449064449064449
0.142559833506764 0.45010395010395
0.142559833506764 0.451143451143451
0.143600416233091 0.451143451143451
0.143600416233091 0.452182952182952
0.143600416233091 0.453222453222453
0.143600416233091 0.454261954261954
0.143600416233091 0.455301455301455
0.143600416233091 0.456340956340956
0.143600416233091 0.457380457380457
0.143600416233091 0.458419958419958
0.143600416233091 0.459459459459459
0.144640998959417 0.459459459459459
0.145681581685744 0.459459459459459
0.145681581685744 0.46049896049896
0.146722164412071 0.46049896049896
0.146722164412071 0.461538461538462
0.146722164412071 0.462577962577963
0.146722164412071 0.463617463617464
0.146722164412071 0.464656964656965
0.146722164412071 0.465696465696466
0.146722164412071 0.466735966735967
0.146722164412071 0.467775467775468
0.146722164412071 0.468814968814969
0.146722164412071 0.46985446985447
0.146722164412071 0.470893970893971
0.146722164412071 0.471933471933472
0.146722164412071 0.472972972972973
0.146722164412071 0.474012474012474
0.146722164412071 0.475051975051975
0.146722164412071 0.476091476091476
0.146722164412071 0.477130977130977
0.147762747138398 0.477130977130977
0.148803329864724 0.477130977130977
0.148803329864724 0.478170478170478
0.148803329864724 0.479209979209979
0.149843912591051 0.479209979209979
0.149843912591051 0.48024948024948
0.150884495317378 0.48024948024948
0.150884495317378 0.481288981288981
0.151925078043704 0.481288981288981
0.151925078043704 0.482328482328482
0.151925078043704 0.483367983367983
0.152965660770031 0.483367983367983
0.152965660770031 0.484407484407484
0.152965660770031 0.485446985446985
0.154006243496358 0.485446985446985
0.154006243496358 0.486486486486487
0.154006243496358 0.487525987525988
0.155046826222685 0.487525987525988
0.155046826222685 0.488565488565489
0.155046826222685 0.48960498960499
0.156087408949011 0.48960498960499
0.156087408949011 0.490644490644491
0.156087408949011 0.491683991683992
0.157127991675338 0.491683991683992
0.157127991675338 0.492723492723493
0.158168574401665 0.492723492723493
0.158168574401665 0.493762993762994
0.158168574401665 0.494802494802495
0.159209157127992 0.494802494802495
0.159209157127992 0.495841995841996
0.159209157127992 0.496881496881497
0.160249739854318 0.496881496881497
0.160249739854318 0.497920997920998
0.160249739854318 0.498960498960499
0.161290322580645 0.498960498960499
0.162330905306972 0.498960498960499
0.162330905306972 0.5
0.162330905306972 0.501039501039501
0.162330905306972 0.502079002079002
0.162330905306972 0.503118503118503
0.162330905306972 0.504158004158004
0.162330905306972 0.505197505197505
0.162330905306972 0.506237006237006
0.162330905306972 0.507276507276507
0.162330905306972 0.508316008316008
0.162330905306972 0.509355509355509
0.163371488033299 0.509355509355509
0.164412070759625 0.509355509355509
0.165452653485952 0.509355509355509
0.165452653485952 0.51039501039501
0.166493236212279 0.51039501039501
0.166493236212279 0.511434511434511
0.166493236212279 0.512474012474012
0.167533818938606 0.512474012474012
0.167533818938606 0.513513513513513
0.168574401664932 0.513513513513513
0.169614984391259 0.513513513513513
0.169614984391259 0.514553014553014
0.169614984391259 0.515592515592516
0.169614984391259 0.516632016632017
0.170655567117586 0.516632016632017
0.170655567117586 0.517671517671518
0.170655567117586 0.518711018711019
0.171696149843913 0.518711018711019
0.172736732570239 0.518711018711019
0.172736732570239 0.51975051975052
0.172736732570239 0.520790020790021
0.172736732570239 0.521829521829522
0.172736732570239 0.522869022869023
0.172736732570239 0.523908523908524
0.173777315296566 0.523908523908524
0.174817898022893 0.523908523908524
0.17585848074922 0.523908523908524
0.17585848074922 0.524948024948025
0.17585848074922 0.525987525987526
0.17585848074922 0.527027027027027
0.17585848074922 0.528066528066528
0.17585848074922 0.529106029106029
0.17585848074922 0.53014553014553
0.17585848074922 0.531185031185031
0.176899063475546 0.531185031185031
0.176899063475546 0.532224532224532
0.177939646201873 0.532224532224532
0.177939646201873 0.533264033264033
0.177939646201873 0.534303534303534
0.1789802289282 0.534303534303534
0.1789802289282 0.535343035343035
0.180020811654527 0.535343035343035
0.180020811654527 0.536382536382536
0.181061394380853 0.536382536382536
0.181061394380853 0.537422037422037
0.18210197710718 0.537422037422037
0.18210197710718 0.538461538461538
0.183142559833507 0.538461538461538
0.183142559833507 0.539501039501039
0.183142559833507 0.540540540540541
0.184183142559834 0.540540540540541
0.18522372528616 0.540540540540541
0.186264308012487 0.540540540540541
0.186264308012487 0.541580041580042
0.186264308012487 0.542619542619543
0.186264308012487 0.543659043659044
0.187304890738814 0.543659043659044
0.187304890738814 0.544698544698545
0.187304890738814 0.545738045738046
0.18834547346514 0.545738045738046
0.189386056191467 0.545738045738046
0.189386056191467 0.546777546777547
0.189386056191467 0.547817047817048
0.190426638917794 0.547817047817048
0.190426638917794 0.548856548856549
0.190426638917794 0.54989604989605
0.190426638917794 0.550935550935551
0.191467221644121 0.550935550935551
0.191467221644121 0.551975051975052
0.192507804370447 0.551975051975052
0.192507804370447 0.553014553014553
0.192507804370447 0.554054054054054
0.192507804370447 0.555093555093555
0.193548387096774 0.555093555093555
0.194588969823101 0.555093555093555
0.195629552549428 0.555093555093555
0.195629552549428 0.556133056133056
0.196670135275754 0.556133056133056
0.196670135275754 0.557172557172557
0.196670135275754 0.558212058212058
0.196670135275754 0.559251559251559
0.196670135275754 0.56029106029106
0.196670135275754 0.561330561330561
0.196670135275754 0.562370062370062
0.197710718002081 0.562370062370062
0.197710718002081 0.563409563409563
0.197710718002081 0.564449064449064
0.198751300728408 0.564449064449064
0.199791883454735 0.564449064449064
0.199791883454735 0.565488565488566
0.199791883454735 0.566528066528067
0.199791883454735 0.567567567567568
0.200832466181061 0.567567567567568
0.200832466181061 0.568607068607069
0.200832466181061 0.56964656964657
0.201873048907388 0.56964656964657
0.201873048907388 0.570686070686071
0.201873048907388 0.571725571725572
0.201873048907388 0.572765072765073
0.201873048907388 0.573804573804574
0.201873048907388 0.574844074844075
0.201873048907388 0.575883575883576
0.201873048907388 0.576923076923077
0.202913631633715 0.576923076923077
0.202913631633715 0.577962577962578
0.202913631633715 0.579002079002079
0.203954214360042 0.579002079002079
0.203954214360042 0.58004158004158
0.203954214360042 0.581081081081081
0.204994797086368 0.581081081081081
0.204994797086368 0.582120582120582
0.204994797086368 0.583160083160083
0.206035379812695 0.583160083160083
0.207075962539022 0.583160083160083
0.208116545265349 0.583160083160083
0.209157127991675 0.583160083160083
0.210197710718002 0.583160083160083
0.210197710718002 0.584199584199584
0.211238293444329 0.584199584199584
0.211238293444329 0.585239085239085
0.212278876170656 0.585239085239085
0.213319458896982 0.585239085239085
0.214360041623309 0.585239085239085
0.215400624349636 0.585239085239085
0.215400624349636 0.586278586278586
0.215400624349636 0.587318087318087
0.215400624349636 0.588357588357588
0.216441207075963 0.588357588357588
0.216441207075963 0.589397089397089
0.216441207075963 0.59043659043659
0.217481789802289 0.59043659043659
0.218522372528616 0.59043659043659
0.219562955254943 0.59043659043659
0.219562955254943 0.591476091476091
0.219562955254943 0.592515592515592
0.220603537981269 0.592515592515592
0.220603537981269 0.593555093555094
0.220603537981269 0.594594594594595
0.221644120707596 0.594594594594595
0.222684703433923 0.594594594594595
0.22372528616025 0.594594594594595
0.22372528616025 0.595634095634096
0.22372528616025 0.596673596673597
0.22372528616025 0.597713097713098
0.22372528616025 0.598752598752599
0.22372528616025 0.5997920997921
0.224765868886576 0.5997920997921
0.224765868886576 0.600831600831601
0.225806451612903 0.600831600831601
0.225806451612903 0.601871101871102
0.22684703433923 0.601871101871102
0.22684703433923 0.602910602910603
0.227887617065557 0.602910602910603
0.227887617065557 0.603950103950104
0.228928199791883 0.603950103950104
0.228928199791883 0.604989604989605
0.228928199791883 0.606029106029106
0.22996878251821 0.607068607068607
0.231009365244537 0.607068607068607
0.232049947970864 0.607068607068607
0.23309053069719 0.607068607068607
0.234131113423517 0.607068607068607
0.234131113423517 0.608108108108108
0.234131113423517 0.609147609147609
0.235171696149844 0.609147609147609
0.235171696149844 0.61018711018711
0.235171696149844 0.611226611226611
0.236212278876171 0.611226611226611
0.236212278876171 0.612266112266112
0.237252861602497 0.612266112266112
0.237252861602497 0.613305613305613
0.237252861602497 0.614345114345114
0.237252861602497 0.615384615384615
0.238293444328824 0.615384615384615
0.238293444328824 0.616424116424116
0.239334027055151 0.616424116424116
0.239334027055151 0.617463617463617
0.240374609781478 0.617463617463617
0.240374609781478 0.618503118503118
0.240374609781478 0.61954261954262
0.241415192507804 0.61954261954262
0.242455775234131 0.61954261954262
0.243496357960458 0.61954261954262
0.244536940686785 0.61954261954262
0.244536940686785 0.620582120582121
0.244536940686785 0.621621621621622
0.245577523413111 0.621621621621622
0.245577523413111 0.622661122661123
0.245577523413111 0.623700623700624
0.245577523413111 0.624740124740125
0.245577523413111 0.625779625779626
0.246618106139438 0.625779625779626
0.247658688865765 0.625779625779626
0.247658688865765 0.626819126819127
0.248699271592092 0.626819126819127
0.248699271592092 0.627858627858628
0.248699271592092 0.628898128898129
0.249739854318418 0.628898128898129
0.249739854318418 0.62993762993763
0.249739854318418 0.630977130977131
0.249739854318418 0.632016632016632
0.250780437044745 0.632016632016632
0.250780437044745 0.633056133056133
0.251821019771072 0.633056133056133
0.251821019771072 0.634095634095634
0.251821019771072 0.635135135135135
0.251821019771072 0.636174636174636
0.251821019771072 0.637214137214137
0.252861602497399 0.637214137214137
0.253902185223725 0.637214137214137
0.253902185223725 0.638253638253638
0.253902185223725 0.639293139293139
0.253902185223725 0.64033264033264
0.254942767950052 0.64033264033264
0.255983350676379 0.64033264033264
0.257023933402706 0.64033264033264
0.258064516129032 0.64033264033264
0.258064516129032 0.641372141372141
0.259105098855359 0.641372141372141
0.260145681581686 0.641372141372141
0.260145681581686 0.642411642411642
0.260145681581686 0.643451143451143
0.260145681581686 0.644490644490645
0.260145681581686 0.645530145530146
0.260145681581686 0.646569646569647
0.261186264308013 0.646569646569647
0.261186264308013 0.647609147609148
0.262226847034339 0.647609147609148
0.262226847034339 0.648648648648649
0.262226847034339 0.64968814968815
0.262226847034339 0.650727650727651
0.262226847034339 0.651767151767152
0.262226847034339 0.652806652806653
0.263267429760666 0.652806652806653
0.264308012486993 0.652806652806653
0.265348595213319 0.652806652806653
0.266389177939646 0.652806652806653
0.267429760665973 0.652806652806653
0.267429760665973 0.653846153846154
0.267429760665973 0.654885654885655
0.267429760665973 0.655925155925156
0.2684703433923 0.655925155925156
0.269510926118626 0.655925155925156
0.270551508844953 0.655925155925156
0.27159209157128 0.655925155925156
0.27159209157128 0.656964656964657
0.27159209157128 0.658004158004158
0.27159209157128 0.659043659043659
0.27159209157128 0.66008316008316
0.27159209157128 0.661122661122661
0.272632674297607 0.661122661122661
0.273673257023933 0.661122661122661
0.27471383975026 0.661122661122661
0.275754422476587 0.661122661122661
0.276795005202914 0.661122661122661
0.27783558792924 0.661122661122661
0.27783558792924 0.662162162162162
0.278876170655567 0.662162162162162
0.278876170655567 0.663201663201663
0.279916753381894 0.663201663201663
0.279916753381894 0.664241164241164
0.280957336108221 0.664241164241164
0.280957336108221 0.665280665280665
0.280957336108221 0.666320166320166
0.280957336108221 0.667359667359667
0.281997918834547 0.667359667359667
0.283038501560874 0.667359667359667
0.283038501560874 0.668399168399168
0.283038501560874 0.669438669438669
0.283038501560874 0.67047817047817
0.283038501560874 0.671517671517671
0.283038501560874 0.672557172557173
0.283038501560874 0.673596673596674
0.283038501560874 0.674636174636175
0.284079084287201 0.674636174636175
0.284079084287201 0.675675675675676
0.286160249739854 0.675675675675676
0.286160249739854 0.676715176715177
0.286160249739854 0.677754677754678
0.286160249739854 0.678794178794179
0.287200832466181 0.678794178794179
0.288241415192508 0.678794178794179
0.289281997918835 0.678794178794179
0.290322580645161 0.678794178794179
0.291363163371488 0.678794178794179
0.291363163371488 0.67983367983368
0.292403746097815 0.67983367983368
0.292403746097815 0.680873180873181
0.293444328824142 0.680873180873181
0.293444328824142 0.681912681912682
0.293444328824142 0.682952182952183
0.293444328824142 0.683991683991684
0.294484911550468 0.683991683991684
0.295525494276795 0.683991683991684
0.295525494276795 0.685031185031185
0.295525494276795 0.686070686070686
0.296566077003122 0.686070686070686
0.297606659729448 0.686070686070686
0.297606659729448 0.687110187110187
0.297606659729448 0.688149688149688
0.297606659729448 0.689189189189189
0.298647242455775 0.689189189189189
0.298647242455775 0.69022869022869
0.298647242455775 0.691268191268191
0.298647242455775 0.692307692307692
0.299687825182102 0.692307692307692
0.300728407908429 0.692307692307692
0.300728407908429 0.693347193347193
0.300728407908429 0.694386694386694
0.301768990634755 0.694386694386694
0.302809573361082 0.694386694386694
0.302809573361082 0.695426195426195
0.302809573361082 0.696465696465696
0.302809573361082 0.697505197505197
0.303850156087409 0.697505197505197
0.303850156087409 0.698544698544699
0.303850156087409 0.6995841995842
0.304890738813736 0.6995841995842
0.304890738813736 0.700623700623701
0.304890738813736 0.701663201663202
0.304890738813736 0.702702702702703
0.305931321540062 0.702702702702703
0.305931321540062 0.703742203742204
0.305931321540062 0.704781704781705
0.305931321540062 0.705821205821206
0.306971904266389 0.705821205821206
0.306971904266389 0.706860706860707
0.308012486992716 0.706860706860707
0.308012486992716 0.707900207900208
0.308012486992716 0.708939708939709
0.309053069719043 0.708939708939709
0.309053069719043 0.70997920997921
0.309053069719043 0.711018711018711
0.309053069719043 0.712058212058212
0.309053069719043 0.713097713097713
0.309053069719043 0.714137214137214
0.309053069719043 0.715176715176715
0.309053069719043 0.716216216216216
0.310093652445369 0.716216216216216
0.310093652445369 0.717255717255717
0.310093652445369 0.718295218295218
0.311134235171696 0.718295218295218
0.311134235171696 0.719334719334719
0.312174817898023 0.719334719334719
0.31321540062435 0.719334719334719
0.314255983350676 0.719334719334719
0.315296566077003 0.719334719334719
0.315296566077003 0.72037422037422
0.315296566077003 0.721413721413721
0.31633714880333 0.721413721413721
0.31633714880333 0.722453222453222
0.317377731529657 0.722453222453222
0.317377731529657 0.723492723492724
0.318418314255983 0.723492723492724
0.31945889698231 0.723492723492724
0.31945889698231 0.724532224532225
0.320499479708637 0.724532224532225
0.321540062434964 0.724532224532225
0.32258064516129 0.724532224532225
0.323621227887617 0.724532224532225
0.323621227887617 0.725571725571726
0.324661810613944 0.725571725571726
0.324661810613944 0.726611226611227
0.325702393340271 0.726611226611227
0.326742976066597 0.726611226611227
0.327783558792924 0.726611226611227
0.328824141519251 0.726611226611227
0.328824141519251 0.727650727650728
0.329864724245578 0.727650727650728
0.330905306971904 0.727650727650728
0.330905306971904 0.728690228690229
0.331945889698231 0.728690228690229
0.331945889698231 0.72972972972973
0.331945889698231 0.730769230769231
0.331945889698231 0.731808731808732
0.332986472424558 0.731808731808732
0.334027055150884 0.731808731808732
0.334027055150884 0.732848232848233
0.334027055150884 0.733887733887734
0.334027055150884 0.734927234927235
0.334027055150884 0.735966735966736
0.335067637877211 0.735966735966736
0.336108220603538 0.735966735966736
0.337148803329865 0.735966735966736
0.337148803329865 0.737006237006237
0.338189386056191 0.737006237006237
0.338189386056191 0.738045738045738
0.339229968782518 0.738045738045738
0.340270551508845 0.738045738045738
0.341311134235172 0.738045738045738
0.341311134235172 0.739085239085239
0.342351716961498 0.739085239085239
0.342351716961498 0.74012474012474
0.342351716961498 0.741164241164241
0.342351716961498 0.742203742203742
0.343392299687825 0.742203742203742
0.343392299687825 0.743243243243243
0.344432882414152 0.743243243243243
0.344432882414152 0.744282744282744
0.344432882414152 0.745322245322245
0.344432882414152 0.746361746361746
0.345473465140479 0.746361746361746
0.346514047866805 0.746361746361746
0.347554630593132 0.746361746361746
0.348595213319459 0.746361746361746
0.349635796045786 0.746361746361746
0.350676378772112 0.746361746361746
0.350676378772112 0.747401247401247
0.351716961498439 0.747401247401247
0.352757544224766 0.747401247401247
0.352757544224766 0.748440748440748
0.353798126951093 0.748440748440748
0.354838709677419 0.748440748440748
0.354838709677419 0.749480249480249
0.355879292403746 0.749480249480249
0.356919875130073 0.749480249480249
0.3579604578564 0.749480249480249
0.3579604578564 0.750519750519751
0.359001040582726 0.750519750519751
0.359001040582726 0.751559251559252
0.360041623309053 0.751559251559252
0.360041623309053 0.752598752598753
0.36108220603538 0.752598752598753
0.362122788761707 0.752598752598753
0.362122788761707 0.753638253638254
0.362122788761707 0.754677754677755
0.362122788761707 0.755717255717256
0.362122788761707 0.756756756756757
0.363163371488033 0.756756756756757
0.36420395421436 0.756756756756757
0.36420395421436 0.757796257796258
0.36420395421436 0.758835758835759
0.365244536940687 0.758835758835759
0.365244536940687 0.75987525987526
0.365244536940687 0.760914760914761
0.365244536940687 0.761954261954262
0.365244536940687 0.762993762993763
0.365244536940687 0.764033264033264
0.366285119667014 0.764033264033264
0.36732570239334 0.764033264033264
0.368366285119667 0.764033264033264
0.369406867845994 0.764033264033264
0.37044745057232 0.764033264033264
0.37044745057232 0.765072765072765
0.371488033298647 0.765072765072765
0.371488033298647 0.766112266112266
0.371488033298647 0.767151767151767
0.371488033298647 0.768191268191268
0.372528616024974 0.768191268191268
0.372528616024974 0.769230769230769
0.372528616024974 0.77027027027027
0.373569198751301 0.77027027027027
0.374609781477627 0.77027027027027
0.374609781477627 0.771309771309771
0.375650364203954 0.771309771309771
0.375650364203954 0.772349272349272
0.376690946930281 0.772349272349272
0.376690946930281 0.773388773388773
0.377731529656608 0.773388773388773
0.377731529656608 0.774428274428274
0.377731529656608 0.775467775467775
0.377731529656608 0.776507276507276
0.378772112382934 0.776507276507276
0.378772112382934 0.777546777546778
0.378772112382934 0.778586278586279
0.379812695109261 0.778586278586279
0.380853277835588 0.778586278586279
0.381893860561915 0.778586278586279
0.382934443288241 0.778586278586279
0.382934443288241 0.77962577962578
0.383975026014568 0.77962577962578
0.385015608740895 0.77962577962578
0.386056191467222 0.77962577962578
0.387096774193548 0.77962577962578
0.388137356919875 0.77962577962578
0.388137356919875 0.780665280665281
0.389177939646202 0.780665280665281
0.389177939646202 0.781704781704782
0.390218522372529 0.781704781704782
0.391259105098855 0.781704781704782
0.392299687825182 0.781704781704782
0.392299687825182 0.782744282744283
0.392299687825182 0.783783783783784
0.393340270551509 0.783783783783784
0.394380853277836 0.783783783783784
0.395421436004162 0.783783783783784
0.395421436004162 0.784823284823285
0.395421436004162 0.785862785862786
0.395421436004162 0.786902286902287
0.396462018730489 0.786902286902287
0.397502601456816 0.786902286902287
0.398543184183143 0.786902286902287
0.399583766909469 0.786902286902287
0.400624349635796 0.786902286902287
0.400624349635796 0.787941787941788
0.401664932362123 0.787941787941788
0.401664932362123 0.788981288981289
0.40270551508845 0.788981288981289
0.403746097814776 0.788981288981289
0.404786680541103 0.788981288981289
0.40582726326743 0.788981288981289
0.40582726326743 0.79002079002079
0.40582726326743 0.791060291060291
0.406867845993757 0.791060291060291
0.406867845993757 0.792099792099792
0.406867845993757 0.793139293139293
0.406867845993757 0.794178794178794
0.406867845993757 0.795218295218295
0.407908428720083 0.795218295218295
0.407908428720083 0.796257796257796
0.40894901144641 0.796257796257796
0.409989594172737 0.796257796257796
0.409989594172737 0.797297297297297
0.409989594172737 0.798336798336798
0.411030176899063 0.798336798336798
0.411030176899063 0.799376299376299
0.41207075962539 0.799376299376299
0.41207075962539 0.8004158004158
0.413111342351717 0.8004158004158
0.413111342351717 0.801455301455301
0.413111342351717 0.802494802494803
0.414151925078044 0.802494802494803
0.41519250780437 0.802494802494803
0.416233090530697 0.802494802494803
0.417273673257024 0.802494802494803
0.418314255983351 0.802494802494803
0.419354838709677 0.802494802494803
0.419354838709677 0.803534303534304
0.420395421436004 0.803534303534304
0.420395421436004 0.804573804573805
0.421436004162331 0.804573804573805
0.421436004162331 0.805613305613306
0.422476586888658 0.805613305613306
0.422476586888658 0.806652806652807
0.423517169614984 0.806652806652807
0.424557752341311 0.806652806652807
0.424557752341311 0.807692307692308
0.424557752341311 0.808731808731809
0.424557752341311 0.80977130977131
0.424557752341311 0.810810810810811
0.424557752341311 0.811850311850312
0.424557752341311 0.812889812889813
0.424557752341311 0.813929313929314
0.425598335067638 0.813929313929314
0.425598335067638 0.814968814968815
0.426638917793965 0.814968814968815
0.427679500520291 0.814968814968815
0.427679500520291 0.816008316008316
0.428720083246618 0.816008316008316
0.428720083246618 0.817047817047817
0.429760665972945 0.817047817047817
0.429760665972945 0.818087318087318
0.429760665972945 0.819126819126819
0.430801248699272 0.819126819126819
0.431841831425598 0.819126819126819
0.432882414151925 0.819126819126819
0.432882414151925 0.82016632016632
0.432882414151925 0.821205821205821
0.433922996878252 0.821205821205821
0.433922996878252 0.822245322245322
0.433922996878252 0.823284823284823
0.434963579604579 0.823284823284823
0.434963579604579 0.824324324324324
0.436004162330905 0.824324324324324
0.437044745057232 0.824324324324324
0.437044745057232 0.825363825363825
0.438085327783559 0.825363825363825
0.439125910509886 0.825363825363825
0.440166493236212 0.825363825363825
0.441207075962539 0.825363825363825
0.441207075962539 0.826403326403326
0.441207075962539 0.827442827442827
0.442247658688866 0.827442827442827
0.442247658688866 0.828482328482329
0.442247658688866 0.82952182952183
0.443288241415193 0.82952182952183
0.444328824141519 0.82952182952183
0.445369406867846 0.82952182952183
0.446409989594173 0.82952182952183
0.446409989594173 0.830561330561331
0.4474505723205 0.830561330561331
0.448491155046826 0.830561330561331
0.449531737773153 0.830561330561331
0.45057232049948 0.830561330561331
0.45057232049948 0.831600831600832
0.451612903225806 0.831600831600832
0.452653485952133 0.831600831600832
0.45369406867846 0.831600831600832
0.45369406867846 0.832640332640333
0.454734651404787 0.832640332640333
0.454734651404787 0.833679833679834
0.455775234131113 0.833679833679834
0.45681581685744 0.833679833679834
0.457856399583767 0.833679833679834
0.458896982310094 0.833679833679834
0.45993756503642 0.833679833679834
0.460978147762747 0.833679833679834
0.460978147762747 0.834719334719335
0.460978147762747 0.835758835758836
0.462018730489074 0.835758835758836
0.463059313215401 0.835758835758836
0.463059313215401 0.836798336798337
0.463059313215401 0.837837837837838
0.464099895941727 0.837837837837838
0.464099895941727 0.838877338877339
0.464099895941727 0.83991683991684
0.465140478668054 0.83991683991684
0.466181061394381 0.83991683991684
0.466181061394381 0.840956340956341
0.467221644120708 0.840956340956341
0.468262226847034 0.840956340956341
0.468262226847034 0.841995841995842
0.469302809573361 0.841995841995842
0.469302809573361 0.843035343035343
0.470343392299688 0.843035343035343
0.470343392299688 0.844074844074844
0.471383975026015 0.844074844074844
0.472424557752341 0.844074844074844
0.473465140478668 0.844074844074844
0.473465140478668 0.845114345114345
0.473465140478668 0.846153846153846
0.473465140478668 0.847193347193347
0.473465140478668 0.848232848232848
0.473465140478668 0.849272349272349
0.473465140478668 0.85031185031185
0.474505723204995 0.85031185031185
0.475546305931322 0.85031185031185
0.476586888657648 0.85031185031185
0.477627471383975 0.85031185031185
0.478668054110302 0.85031185031185
0.478668054110302 0.851351351351351
0.478668054110302 0.852390852390852
0.479708636836629 0.852390852390852
0.479708636836629 0.853430353430353
0.480749219562955 0.853430353430353
0.481789802289282 0.854469854469854
0.482830385015609 0.854469854469854
0.482830385015609 0.855509355509355
0.483870967741935 0.855509355509355
0.483870967741935 0.856548856548857
0.483870967741935 0.857588357588358
0.483870967741935 0.858627858627859
0.483870967741935 0.85966735966736
0.484911550468262 0.85966735966736
0.485952133194589 0.85966735966736
0.486992715920916 0.85966735966736
0.486992715920916 0.860706860706861
0.488033298647242 0.860706860706861
0.489073881373569 0.860706860706861
0.490114464099896 0.860706860706861
0.490114464099896 0.861746361746362
0.490114464099896 0.862785862785863
0.491155046826223 0.862785862785863
0.492195629552549 0.862785862785863
0.493236212278876 0.862785862785863
0.494276795005203 0.862785862785863
0.494276795005203 0.863825363825364
0.494276795005203 0.864864864864865
0.49531737773153 0.864864864864865
0.496357960457856 0.864864864864865
0.496357960457856 0.865904365904366
0.497398543184183 0.865904365904366
0.49843912591051 0.865904365904366
0.49843912591051 0.866943866943867
0.499479708636837 0.866943866943867
0.500520291363163 0.866943866943867
0.500520291363163 0.867983367983368
0.50156087408949 0.867983367983368
0.502601456815817 0.867983367983368
0.502601456815817 0.869022869022869
0.502601456815817 0.87006237006237
0.502601456815817 0.871101871101871
0.503642039542144 0.871101871101871
0.503642039542144 0.872141372141372
0.50468262226847 0.872141372141372
0.50468262226847 0.873180873180873
0.505723204994797 0.873180873180873
0.506763787721124 0.873180873180873
0.507804370447451 0.873180873180873
0.508844953173777 0.873180873180873
0.508844953173777 0.874220374220374
0.508844953173777 0.875259875259875
0.509885535900104 0.875259875259875
0.510926118626431 0.875259875259875
0.510926118626431 0.876299376299376
0.511966701352758 0.876299376299376
0.513007284079084 0.876299376299376
0.514047866805411 0.876299376299376
0.515088449531738 0.876299376299376
0.515088449531738 0.877338877338877
0.515088449531738 0.878378378378378
0.515088449531738 0.879417879417879
0.515088449531738 0.88045738045738
0.516129032258065 0.88045738045738
0.517169614984391 0.88045738045738
0.518210197710718 0.88045738045738
0.519250780437045 0.88045738045738
0.520291363163371 0.88045738045738
0.521331945889698 0.88045738045738
0.522372528616025 0.88045738045738
0.54006243496358 0.884615384615385
0.541103017689906 0.884615384615385
0.542143600416233 0.884615384615385
0.54318418314256 0.884615384615385
0.54318418314256 0.885654885654886
0.544224765868887 0.885654885654886
0.544224765868887 0.886694386694387
0.545265348595213 0.886694386694387
0.545265348595213 0.887733887733888
0.54630593132154 0.887733887733888
0.547346514047867 0.887733887733888
0.548387096774194 0.887733887733888
0.54942767950052 0.887733887733888
0.550468262226847 0.887733887733888
0.551508844953174 0.887733887733888
0.552549427679501 0.887733887733888
0.553590010405827 0.887733887733888
0.554630593132154 0.887733887733888
0.555671175858481 0.887733887733888
0.556711758584807 0.887733887733888
0.557752341311134 0.887733887733888
0.558792924037461 0.887733887733888
0.559833506763788 0.887733887733888
0.559833506763788 0.888773388773389
0.560874089490114 0.888773388773389
0.561914672216441 0.888773388773389
0.562955254942768 0.888773388773389
0.563995837669095 0.888773388773389
0.565036420395421 0.888773388773389
0.566077003121748 0.888773388773389
0.567117585848075 0.888773388773389
0.567117585848075 0.88981288981289
0.568158168574402 0.88981288981289
0.569198751300728 0.88981288981289
0.570239334027055 0.88981288981289
0.571279916753382 0.88981288981289
0.572320499479709 0.88981288981289
0.572320499479709 0.890852390852391
0.573361082206035 0.890852390852391
0.574401664932362 0.890852390852391
0.575442247658689 0.890852390852391
0.576482830385016 0.890852390852391
0.576482830385016 0.891891891891892
0.577523413111342 0.891891891891892
0.578563995837669 0.891891891891892
0.579604578563996 0.891891891891892
0.580645161290323 0.891891891891892
0.581685744016649 0.891891891891892
0.582726326742976 0.891891891891892
0.583766909469303 0.891891891891892
0.58480749219563 0.891891891891892
0.585848074921956 0.891891891891892
0.586888657648283 0.891891891891892
0.586888657648283 0.892931392931393
0.586888657648283 0.893970893970894
0.586888657648283 0.895010395010395
0.58792924037461 0.895010395010395
0.588969823100936 0.895010395010395
0.588969823100936 0.896049896049896
0.588969823100936 0.897089397089397
0.588969823100936 0.898128898128898
0.590010405827263 0.898128898128898
0.590010405827263 0.899168399168399
0.59105098855359 0.899168399168399
0.592091571279917 0.899168399168399
0.593132154006244 0.899168399168399
0.59417273673257 0.899168399168399
0.595213319458897 0.899168399168399
0.595213319458897 0.9002079002079
0.596253902185224 0.9002079002079
0.596253902185224 0.901247401247401
0.59729448491155 0.901247401247401
0.598335067637877 0.901247401247401
0.599375650364204 0.901247401247401
0.600416233090531 0.901247401247401
0.600416233090531 0.902286902286902
0.601456815816857 0.902286902286902
0.602497398543184 0.902286902286902
0.602497398543184 0.903326403326403
0.602497398543184 0.904365904365904
0.603537981269511 0.904365904365904
0.604578563995838 0.904365904365904
0.605619146722164 0.904365904365904
0.605619146722164 0.905405405405405
0.606659729448491 0.905405405405405
0.607700312174818 0.905405405405405
0.608740894901145 0.905405405405405
0.608740894901145 0.906444906444906
0.609781477627471 0.906444906444906
0.609781477627471 0.907484407484408
0.610822060353798 0.907484407484408
0.611862643080125 0.907484407484408
0.612903225806452 0.907484407484408
0.612903225806452 0.908523908523909
0.613943808532778 0.908523908523909
0.613943808532778 0.90956340956341
0.613943808532778 0.910602910602911
0.614984391259105 0.910602910602911
0.616024973985432 0.910602910602911
0.617065556711759 0.910602910602911
0.618106139438085 0.910602910602911
0.619146722164412 0.910602910602911
0.620187304890739 0.911642411642412
0.621227887617066 0.911642411642412
0.622268470343392 0.911642411642412
0.623309053069719 0.911642411642412
0.624349635796046 0.911642411642412
0.625390218522373 0.911642411642412
0.625390218522373 0.912681912681913
0.626430801248699 0.912681912681913
0.627471383975026 0.912681912681913
0.627471383975026 0.913721413721414
0.628511966701353 0.913721413721414
0.629552549427679 0.913721413721414
0.629552549427679 0.914760914760915
0.629552549427679 0.915800415800416
0.630593132154006 0.915800415800416
0.631633714880333 0.915800415800416
0.631633714880333 0.916839916839917
0.63267429760666 0.916839916839917
0.633714880332987 0.916839916839917
0.634755463059313 0.916839916839917
0.63579604578564 0.916839916839917
0.63579604578564 0.917879417879418
0.636836628511967 0.917879417879418
0.636836628511967 0.918918918918919
0.637877211238293 0.918918918918919
0.63891779396462 0.918918918918919
0.639958376690947 0.918918918918919
0.640998959417274 0.918918918918919
0.6420395421436 0.918918918918919
0.6420395421436 0.91995841995842
0.643080124869927 0.91995841995842
0.644120707596254 0.91995841995842
0.645161290322581 0.91995841995842
0.646201873048907 0.91995841995842
0.647242455775234 0.91995841995842
0.647242455775234 0.920997920997921
0.648283038501561 0.920997920997921
0.649323621227888 0.920997920997921
0.650364203954214 0.920997920997921
0.650364203954214 0.922037422037422
0.651404786680541 0.922037422037422
0.652445369406868 0.922037422037422
0.652445369406868 0.923076923076923
0.652445369406868 0.924116424116424
0.653485952133195 0.924116424116424
0.654526534859521 0.924116424116424
0.654526534859521 0.925155925155925
0.655567117585848 0.925155925155925
0.656607700312175 0.925155925155925
0.657648283038502 0.925155925155925
0.658688865764828 0.925155925155925
0.659729448491155 0.925155925155925
0.660770031217482 0.925155925155925
0.661810613943809 0.925155925155925
0.662851196670135 0.925155925155925
0.663891779396462 0.925155925155925
0.664932362122789 0.925155925155925
0.664932362122789 0.926195426195426
0.665972944849116 0.926195426195426
0.667013527575442 0.926195426195426
0.667013527575442 0.927234927234927
0.667013527575442 0.928274428274428
0.668054110301769 0.928274428274428
0.669094693028096 0.928274428274428
0.670135275754422 0.928274428274428
0.671175858480749 0.928274428274428
0.672216441207076 0.928274428274428
0.673257023933403 0.928274428274428
0.673257023933403 0.929313929313929
0.674297606659729 0.929313929313929
0.675338189386056 0.929313929313929
0.675338189386056 0.93035343035343
0.675338189386056 0.931392931392931
0.676378772112383 0.931392931392931
0.67741935483871 0.931392931392931
0.678459937565036 0.931392931392931
0.679500520291363 0.931392931392931
0.68054110301769 0.931392931392931
0.681581685744017 0.931392931392931
0.682622268470343 0.931392931392931
0.68366285119667 0.931392931392931
0.68366285119667 0.932432432432432
0.68366285119667 0.933471933471933
0.684703433922997 0.933471933471933
0.685744016649324 0.933471933471933
0.68678459937565 0.933471933471933
0.687825182101977 0.933471933471933
0.688865764828304 0.933471933471933
0.689906347554631 0.933471933471933
0.690946930280957 0.933471933471933
0.690946930280957 0.934511434511434
0.691987513007284 0.934511434511434
0.693028095733611 0.934511434511434
0.693028095733611 0.935550935550936
0.694068678459938 0.935550935550936
0.695109261186264 0.935550935550936
0.695109261186264 0.936590436590437
0.696149843912591 0.936590436590437
0.697190426638918 0.936590436590437
0.698231009365245 0.936590436590437
0.699271592091571 0.936590436590437
0.700312174817898 0.936590436590437
0.701352757544225 0.936590436590437
0.701352757544225 0.937629937629938
0.702393340270552 0.937629937629938
0.703433922996878 0.937629937629938
0.704474505723205 0.937629937629938
0.705515088449532 0.937629937629938
0.706555671175858 0.937629937629938
0.706555671175858 0.938669438669439
0.707596253902185 0.938669438669439
0.708636836628512 0.938669438669439
0.709677419354839 0.938669438669439
0.710718002081165 0.938669438669439
0.710718002081165 0.93970893970894
0.710718002081165 0.940748440748441
0.711758584807492 0.940748440748441
0.712799167533819 0.940748440748441
0.713839750260146 0.940748440748441
0.714880332986472 0.940748440748441
0.715920915712799 0.940748440748441
0.716961498439126 0.940748440748441
0.718002081165453 0.940748440748441
0.718002081165453 0.941787941787942
0.718002081165453 0.942827442827443
0.719042663891779 0.942827442827443
0.720083246618106 0.942827442827443
0.721123829344433 0.942827442827443
0.72216441207076 0.942827442827443
0.723204994797086 0.942827442827443
0.724245577523413 0.942827442827443
0.724245577523413 0.943866943866944
0.724245577523413 0.944906444906445
0.72528616024974 0.944906444906445
0.726326742976067 0.944906444906445
0.727367325702393 0.944906444906445
0.727367325702393 0.945945945945946
0.72840790842872 0.945945945945946
0.729448491155047 0.945945945945946
0.730489073881374 0.945945945945946
0.7315296566077 0.945945945945946
0.7315296566077 0.946985446985447
0.732570239334027 0.946985446985447
0.732570239334027 0.948024948024948
0.733610822060354 0.948024948024948
0.733610822060354 0.949064449064449
0.734651404786681 0.949064449064449
0.735691987513007 0.949064449064449
0.736732570239334 0.949064449064449
0.737773152965661 0.949064449064449
0.738813735691987 0.949064449064449
0.739854318418314 0.949064449064449
0.740894901144641 0.949064449064449
0.741935483870968 0.949064449064449
0.742976066597295 0.949064449064449
0.744016649323621 0.949064449064449
0.745057232049948 0.949064449064449
0.746097814776275 0.949064449064449
0.747138397502601 0.949064449064449
0.748178980228928 0.949064449064449
0.749219562955255 0.949064449064449
0.750260145681582 0.949064449064449
0.750260145681582 0.95010395010395
0.751300728407908 0.95010395010395
0.751300728407908 0.951143451143451
0.752341311134235 0.951143451143451
0.753381893860562 0.951143451143451
0.754422476586889 0.951143451143451
0.755463059313215 0.951143451143451
0.755463059313215 0.952182952182952
0.756503642039542 0.952182952182952
0.757544224765869 0.952182952182952
0.757544224765869 0.953222453222453
0.758584807492196 0.953222453222453
0.759625390218522 0.953222453222453
0.760665972944849 0.953222453222453
0.761706555671176 0.953222453222453
0.761706555671176 0.954261954261954
0.762747138397503 0.954261954261954
0.763787721123829 0.954261954261954
0.764828303850156 0.954261954261954
0.765868886576483 0.954261954261954
0.76690946930281 0.954261954261954
0.76690946930281 0.955301455301455
0.76690946930281 0.956340956340956
0.767950052029136 0.956340956340956
0.768990634755463 0.956340956340956
0.77003121748179 0.956340956340956
0.771071800208116 0.956340956340956
0.771071800208116 0.957380457380457
0.772112382934443 0.957380457380457
0.772112382934443 0.958419958419958
0.77315296566077 0.958419958419958
0.774193548387097 0.958419958419958
0.775234131113424 0.958419958419958
0.77627471383975 0.958419958419958
0.777315296566077 0.958419958419958
0.778355879292404 0.958419958419958
0.77939646201873 0.958419958419958
0.77939646201873 0.959459459459459
0.780437044745057 0.959459459459459
0.781477627471384 0.959459459459459
0.782518210197711 0.959459459459459
0.783558792924037 0.959459459459459
0.784599375650364 0.959459459459459
0.784599375650364 0.960498960498961
0.785639958376691 0.960498960498961
0.785639958376691 0.961538461538462
0.786680541103018 0.961538461538462
0.787721123829344 0.961538461538462
0.788761706555671 0.961538461538462
0.789802289281998 0.961538461538462
0.790842872008325 0.961538461538462
0.791883454734651 0.961538461538462
0.792924037460978 0.961538461538462
0.793964620187305 0.961538461538462
0.793964620187305 0.962577962577963
0.795005202913632 0.962577962577963
0.796045785639958 0.962577962577963
0.797086368366285 0.962577962577963
0.798126951092612 0.962577962577963
0.799167533818939 0.962577962577963
0.799167533818939 0.963617463617464
0.800208116545265 0.963617463617464
0.801248699271592 0.963617463617464
0.801248699271592 0.964656964656965
0.802289281997919 0.964656964656965
0.803329864724246 0.964656964656965
0.803329864724246 0.965696465696466
0.804370447450572 0.965696465696466
0.805411030176899 0.965696465696466
0.805411030176899 0.966735966735967
0.806451612903226 0.966735966735967
0.807492195629553 0.966735966735967
0.808532778355879 0.966735966735967
0.809573361082206 0.966735966735967
0.810613943808533 0.966735966735967
0.811654526534859 0.966735966735967
0.812695109261186 0.966735966735967
0.813735691987513 0.966735966735967
0.81477627471384 0.966735966735967
0.81477627471384 0.967775467775468
0.815816857440167 0.967775467775468
0.815816857440167 0.968814968814969
0.816857440166493 0.968814968814969
0.81789802289282 0.968814968814969
0.818938605619147 0.968814968814969
0.818938605619147 0.96985446985447
0.819979188345473 0.96985446985447
0.8210197710718 0.96985446985447
0.822060353798127 0.96985446985447
0.822060353798127 0.970893970893971
0.822060353798127 0.971933471933472
0.823100936524454 0.971933471933472
0.823100936524454 0.972972972972973
0.82414151925078 0.972972972972973
0.825182101977107 0.972972972972973
0.825182101977107 0.974012474012474
0.825182101977107 0.975051975051975
0.826222684703434 0.975051975051975
0.826222684703434 0.976091476091476
0.826222684703434 0.977130977130977
0.827263267429761 0.977130977130977
0.827263267429761 0.978170478170478
0.828303850156087 0.978170478170478
0.829344432882414 0.978170478170478
0.830385015608741 0.978170478170478
0.830385015608741 0.979209979209979
0.831425598335068 0.979209979209979
0.832466181061394 0.979209979209979
0.833506763787721 0.979209979209979
0.834547346514048 0.979209979209979
0.835587929240375 0.979209979209979
0.836628511966701 0.979209979209979
0.837669094693028 0.979209979209979
0.838709677419355 0.979209979209979
0.839750260145682 0.979209979209979
0.839750260145682 0.98024948024948
0.840790842872008 0.98024948024948
0.841831425598335 0.98024948024948
0.842872008324662 0.98024948024948
0.843912591050989 0.98024948024948
0.843912591050989 0.981288981288981
0.844953173777315 0.981288981288981
0.845993756503642 0.981288981288981
0.847034339229969 0.981288981288981
0.847034339229969 0.982328482328482
0.848074921956296 0.982328482328482
0.849115504682622 0.982328482328482
0.850156087408949 0.982328482328482
0.851196670135276 0.982328482328482
0.852237252861602 0.982328482328482
0.853277835587929 0.982328482328482
0.854318418314256 0.982328482328482
0.855359001040583 0.982328482328482
0.85639958376691 0.982328482328482
0.857440166493236 0.982328482328482
0.858480749219563 0.982328482328482
0.85952133194589 0.982328482328482
0.860561914672216 0.982328482328482
0.860561914672216 0.983367983367983
0.861602497398543 0.983367983367983
0.86264308012487 0.983367983367983
0.86264308012487 0.984407484407484
0.863683662851197 0.984407484407484
0.863683662851197 0.985446985446986
0.864724245577523 0.985446985446986
0.86576482830385 0.985446985446986
0.866805411030177 0.985446985446986
0.866805411030177 0.986486486486487
0.867845993756504 0.986486486486487
0.86888657648283 0.986486486486487
0.869927159209157 0.986486486486487
0.869927159209157 0.987525987525988
0.870967741935484 0.987525987525988
0.870967741935484 0.988565488565489
0.872008324661811 0.988565488565489
0.873048907388137 0.988565488565489
0.874089490114464 0.988565488565489
0.875130072840791 0.988565488565489
0.876170655567118 0.988565488565489
0.876170655567118 0.98960498960499
0.877211238293444 0.98960498960499
0.878251821019771 0.98960498960499
0.879292403746098 0.98960498960499
0.880332986472425 0.98960498960499
0.881373569198751 0.98960498960499
0.882414151925078 0.98960498960499
0.883454734651405 0.98960498960499
0.884495317377732 0.98960498960499
0.885535900104058 0.98960498960499
0.885535900104058 0.990644490644491
0.885535900104058 0.991683991683992
0.885535900104058 0.992723492723493
0.886576482830385 0.992723492723493
0.887617065556712 0.992723492723493
0.888657648283039 0.992723492723493
0.889698231009365 0.992723492723493
0.890738813735692 0.992723492723493
0.891779396462019 0.992723492723493
0.892819979188345 0.992723492723493
0.893860561914672 0.992723492723493
0.894901144640999 0.992723492723493
0.895941727367326 0.992723492723493
0.896982310093652 0.992723492723493
0.898022892819979 0.992723492723493
0.899063475546306 0.992723492723493
0.900104058272633 0.992723492723493
0.901144640998959 0.992723492723493
0.902185223725286 0.992723492723493
0.902185223725286 0.993762993762994
0.903225806451613 0.993762993762994
0.90426638917794 0.993762993762994
0.905306971904266 0.993762993762994
0.906347554630593 0.993762993762994
0.906347554630593 0.994802494802495
0.90738813735692 0.994802494802495
0.908428720083247 0.994802494802495
0.909469302809573 0.994802494802495
0.9105098855359 0.994802494802495
0.911550468262227 0.994802494802495
0.912591050988554 0.994802494802495
0.91363163371488 0.994802494802495
0.91363163371488 0.995841995841996
0.914672216441207 0.995841995841996
0.915712799167534 0.995841995841996
0.916753381893861 0.995841995841996
0.917793964620187 0.995841995841996
0.918834547346514 0.995841995841996
0.919875130072841 0.995841995841996
0.920915712799168 0.995841995841996
0.921956295525494 0.995841995841996
0.922996878251821 0.995841995841996
0.924037460978148 0.995841995841996
0.925078043704475 0.995841995841996
0.926118626430801 0.995841995841996
0.927159209157128 0.995841995841996
0.928199791883455 0.995841995841996
0.929240374609781 0.995841995841996
0.930280957336108 0.995841995841996
0.930280957336108 0.996881496881497
0.931321540062435 0.996881496881497
0.932362122788762 0.996881496881497
0.933402705515088 0.996881496881497
0.934443288241415 0.996881496881497
0.935483870967742 0.996881496881497
0.936524453694069 0.996881496881497
0.937565036420395 0.996881496881497
0.937565036420395 0.997920997920998
0.938605619146722 0.997920997920998
0.939646201873049 0.997920997920998
0.940686784599376 0.997920997920998
0.941727367325702 0.997920997920998
0.942767950052029 0.997920997920998
0.943808532778356 0.997920997920998
0.944849115504683 0.997920997920998
0.945889698231009 0.997920997920998
0.946930280957336 0.997920997920998
0.947970863683663 0.997920997920998
0.94901144640999 0.997920997920998
0.950052029136316 0.997920997920998
0.951092611862643 0.997920997920998
0.95213319458897 0.997920997920998
0.953173777315297 0.997920997920998
0.954214360041623 0.997920997920998
0.95525494276795 0.997920997920998
0.956295525494277 0.997920997920998
0.957336108220604 0.997920997920998
0.95837669094693 0.997920997920998
0.959417273673257 0.997920997920998
0.960457856399584 0.997920997920998
0.96149843912591 0.997920997920998
0.962539021852237 0.997920997920998
0.963579604578564 0.997920997920998
0.964620187304891 0.997920997920998
0.965660770031218 0.997920997920998
0.966701352757544 0.997920997920998
0.967741935483871 0.997920997920998
0.967741935483871 0.998960498960499
0.968782518210198 0.998960498960499
0.969823100936524 0.998960498960499
0.970863683662851 0.998960498960499
0.971904266389178 0.998960498960499
0.972944849115505 0.998960498960499
0.973985431841831 0.998960498960499
0.975026014568158 0.998960498960499
0.976066597294485 0.998960498960499
0.977107180020812 0.998960498960499
0.978147762747138 0.998960498960499
0.979188345473465 0.998960498960499
0.980228928199792 0.998960498960499
0.981269510926119 0.998960498960499
0.982310093652445 0.998960498960499
0.983350676378772 0.998960498960499
0.984391259105099 0.998960498960499
0.985431841831426 0.998960498960499
0.986472424557752 0.998960498960499
0.987513007284079 0.998960498960499
0.988553590010406 0.998960498960499
0.989594172736733 0.998960498960499
0.990634755463059 0.998960498960499
0.991675338189386 0.998960498960499
0.992715920915713 0.998960498960499
0.992715920915713 1
0.993756503642039 1
0.994797086368366 1
0.995837669094693 1
0.99687825182102 1
0.997918834547347 1
0.998959417273673 1
1 1
