0 NA
0.000931098696461825 1
0.000931098696461825 0.5
0.00186219739292365 0.666666666666667
0.00279329608938547 0.75
0.0037243947858473 0.8
0.00465549348230913 0.833333333333333
0.00558659217877095 0.857142857142857
0.00651769087523277 0.875
0.0074487895716946 0.888888888888889
0.00837988826815642 0.9
0.00931098696461825 0.909090909090909
0.0102420856610801 0.916666666666667
0.0111731843575419 0.923076923076923
0.0121042830540037 0.928571428571429
0.0130353817504655 0.933333333333333
0.0139664804469274 0.9375
0.0148975791433892 0.941176470588235
0.015828677839851 0.944444444444444
0.0167597765363128 0.947368421052632
0.0176908752327747 0.95
0.0176908752327747 0.904761904761905
0.0186219739292365 0.909090909090909
0.0195530726256983 0.91304347826087
0.0204841713221601 0.916666666666667
0.021415270018622 0.92
0.0223463687150838 0.923076923076923
0.0232774674115456 0.925925925925926
0.0242085661080074 0.928571428571429
0.0251396648044693 0.931034482758621
0.0260707635009311 0.933333333333333
0.0270018621973929 0.935483870967742
0.0279329608938547 0.9375
0.0288640595903166 0.939393939393939
0.0297951582867784 0.941176470588235
0.0307262569832402 0.942857142857143
0.031657355679702 0.944444444444444
0.0325884543761639 0.945945945945946
0.0335195530726257 0.947368421052632
0.0344506517690875 0.948717948717949
0.0344506517690875 0.925
0.0353817504655493 0.926829268292683
0.0363128491620112 0.928571428571429
0.037243947858473 0.930232558139535
0.037243947858473 0.909090909090909
0.0381750465549348 0.911111111111111
0.0391061452513966 0.91304347826087
0.0400372439478585 0.914893617021277
0.0409683426443203 0.916666666666667
0.0418994413407821 0.918367346938776
0.042830540037244 0.92
0.042830540037244 0.901960784313726
0.0437616387337058 0.903846153846154
0.0437616387337058 0.886792452830189
0.0437616387337058 0.87037037037037
0.0446927374301676 0.872727272727273
0.0456238361266294 0.875
0.0465549348230912 0.87719298245614
0.0465549348230912 0.862068965517241
0.0465549348230912 0.847457627118644
0.0474860335195531 0.85
0.0484171322160149 0.852459016393443
0.0493482309124767 0.854838709677419
0.0502793296089385 0.857142857142857
0.0512104283054004 0.859375
0.0521415270018622 0.861538461538462
0.053072625698324 0.863636363636364
0.053072625698324 0.850746268656716
0.0540037243947858 0.852941176470588
0.0549348230912477 0.855072463768116
0.0549348230912477 0.842857142857143
0.0558659217877095 0.845070422535211
0.0567970204841713 0.847222222222222
0.0567970204841713 0.835616438356164
0.0577281191806331 0.837837837837838
0.0577281191806331 0.826666666666667
0.058659217877095 0.828947368421053
0.0595903165735568 0.831168831168831
0.0605214152700186 0.833333333333333
0.0614525139664804 0.835443037974684
0.0623836126629423 0.8375
0.0633147113594041 0.839506172839506
0.0642458100558659 0.841463414634146
0.0651769087523277 0.843373493975904
0.0661080074487896 0.845238095238095
0.0670391061452514 0.847058823529412
0.0679702048417132 0.848837209302326
0.068901303538175 0.850574712643678
0.0698324022346369 0.852272727272727
0.0698324022346369 0.842696629213483
0.0707635009310987 0.844444444444444
0.0707635009310987 0.835164835164835
0.0716945996275605 0.83695652173913
0.0716945996275605 0.827956989247312
0.0726256983240224 0.829787234042553
0.0735567970204842 0.831578947368421
0.074487895716946 0.833333333333333
0.0754189944134078 0.835051546391753
0.0754189944134078 0.826530612244898
0.0763500931098696 0.828282828282828
0.0772811918063315 0.83
0.0782122905027933 0.831683168316832
0.0791433891992551 0.833333333333333
0.0800744878957169 0.83495145631068
0.0810055865921788 0.836538461538462
0.0819366852886406 0.838095238095238
0.0828677839851024 0.839622641509434
0.0837988826815642 0.841121495327103
0.0847299813780261 0.842592592592593
0.0856610800744879 0.844036697247706
0.0865921787709497 0.845454545454545
0.0865921787709497 0.837837837837838
0.0875232774674116 0.839285714285714
0.0884543761638734 0.84070796460177
0.0893854748603352 0.842105263157895
0.090316573556797 0.843478260869565
0.0912476722532588 0.844827586206897
0.0921787709497207 0.846153846153846
0.0931098696461825 0.847457627118644
0.0940409683426443 0.848739495798319
0.0949720670391061 0.85
0.0949720670391061 0.84297520661157
0.095903165735568 0.844262295081967
0.0968342644320298 0.845528455284553
0.0977653631284916 0.846774193548387
0.0977653631284916 0.84
0.0977653631284916 0.833333333333333
0.0986964618249535 0.834645669291339
0.0986964618249535 0.828125
0.0986964618249535 0.821705426356589
0.0996275605214153 0.823076923076923
0.0996275605214153 0.816793893129771
0.0996275605214153 0.810606060606061
0.100558659217877 0.81203007518797
0.100558659217877 0.805970149253731
0.101489757914339 0.807407407407407
0.102420856610801 0.808823529411765
0.103351955307263 0.81021897810219
0.104283054003724 0.811594202898551
0.105214152700186 0.81294964028777
0.105214152700186 0.807142857142857
0.106145251396648 0.808510638297872
0.10707635009311 0.809859154929577
0.108007448789572 0.811188811188811
0.108007448789572 0.805555555555556
0.108938547486034 0.806896551724138
0.109869646182495 0.808219178082192
0.110800744878957 0.80952380952381
0.111731843575419 0.810810810810811
0.112662942271881 0.812080536912752
0.113594040968343 0.813333333333333
0.113594040968343 0.80794701986755
0.113594040968343 0.802631578947368
0.114525139664804 0.803921568627451
0.114525139664804 0.798701298701299
0.115456238361266 0.8
0.116387337057728 0.801282051282051
0.116387337057728 0.796178343949045
0.11731843575419 0.79746835443038
0.118249534450652 0.79874213836478
0.119180633147114 0.8
0.120111731843575 0.801242236024845
0.121042830540037 0.802469135802469
0.121973929236499 0.803680981595092
0.122905027932961 0.804878048780488
0.123836126629423 0.806060606060606
0.124767225325885 0.807228915662651
0.124767225325885 0.802395209580838
0.125698324022346 0.803571428571429
0.126629422718808 0.804733727810651
0.12756052141527 0.805882352941176
0.128491620111732 0.807017543859649
0.128491620111732 0.802325581395349
0.129422718808194 0.803468208092486
0.130353817504655 0.804597701149425
0.131284916201117 0.805714285714286
0.132216014897579 0.806818181818182
0.133147113594041 0.807909604519774
0.133147113594041 0.803370786516854
0.134078212290503 0.804469273743017
0.134078212290503 0.8
0.135009310986965 0.801104972375691
0.135940409683426 0.802197802197802
0.136871508379888 0.80327868852459
0.13780260707635 0.804347826086957
0.138733705772812 0.805405405405405
0.139664804469274 0.806451612903226
0.140595903165736 0.807486631016043
0.141527001862197 0.808510638297872
0.142458100558659 0.80952380952381
0.143389199255121 0.810526315789474
0.144320297951583 0.81151832460733
0.144320297951583 0.807291666666667
0.144320297951583 0.803108808290155
0.145251396648045 0.804123711340206
0.146182495344507 0.805128205128205
0.147113594040968 0.806122448979592
0.14804469273743 0.807106598984772
0.14804469273743 0.803030303030303
0.148975791433892 0.804020100502513
0.149906890130354 0.805
0.150837988826816 0.805970149253731
0.151769087523277 0.806930693069307
0.151769087523277 0.802955665024631
0.152700186219739 0.803921568627451
0.153631284916201 0.804878048780488
0.153631284916201 0.800970873786408
0.153631284916201 0.797101449275362
0.154562383612663 0.798076923076923
0.155493482309125 0.799043062200957
0.156424581005587 0.8
0.157355679702048 0.800947867298578
0.15828677839851 0.80188679245283
0.159217877094972 0.802816901408451
0.160148975791434 0.803738317757009
0.161080074487896 0.804651162790698
0.162011173184358 0.805555555555556
0.162942271880819 0.806451612903226
0.162942271880819 0.802752293577982
0.162942271880819 0.799086757990868
0.163873370577281 0.8
0.164804469273743 0.800904977375566
0.165735567970205 0.801801801801802
0.166666666666667 0.802690582959641
0.167597765363128 0.803571428571429
0.16852886405959 0.804444444444444
0.169459962756052 0.805309734513274
0.169459962756052 0.801762114537445
0.170391061452514 0.802631578947368
0.171322160148976 0.803493449781659
0.172253258845438 0.804347826086957
0.172253258845438 0.800865800865801
0.173184357541899 0.801724137931034
0.173184357541899 0.798283261802575
0.174115456238361 0.799145299145299
0.174115456238361 0.795744680851064
0.175046554934823 0.796610169491525
0.175977653631285 0.79746835443038
0.176908752327747 0.798319327731092
0.177839851024209 0.799163179916318
0.17877094972067 0.8
0.179702048417132 0.800829875518672
0.180633147113594 0.801652892561983
0.180633147113594 0.798353909465021
0.180633147113594 0.795081967213115
0.181564245810056 0.795918367346939
0.181564245810056 0.792682926829268
0.182495344506518 0.793522267206478
0.18342644320298 0.794354838709677
0.18342644320298 0.791164658634538
0.184357541899441 0.792
0.185288640595903 0.792828685258964
0.186219739292365 0.793650793650794
0.186219739292365 0.790513833992095
0.186219739292365 0.78740157480315
0.187150837988827 0.788235294117647
0.188081936685289 0.7890625
0.18901303538175 0.78988326848249
0.189944134078212 0.790697674418605
0.190875232774674 0.791505791505791
0.191806331471136 0.792307692307692
0.192737430167598 0.793103448275862
0.19366852886406 0.793893129770992
0.194599627560521 0.79467680608365
0.195530726256983 0.795454545454545
0.196461824953445 0.79622641509434
0.197392923649907 0.796992481203007
0.198324022346369 0.797752808988764
0.199255121042831 0.798507462686567
0.199255121042831 0.795539033457249
0.200186219739292 0.796296296296296
0.200186219739292 0.793357933579336
0.201117318435754 0.794117647058823
0.202048417132216 0.794871794871795
0.202048417132216 0.791970802919708
0.202979515828678 0.792727272727273
0.202979515828678 0.789855072463768
0.20391061452514 0.790613718411552
0.204841713221601 0.79136690647482
0.204841713221601 0.788530465949821
0.204841713221601 0.785714285714286
0.205772811918063 0.786476868327402
0.206703910614525 0.787234042553192
0.206703910614525 0.784452296819788
0.207635009310987 0.785211267605634
0.208566108007449 0.785964912280702
0.209497206703911 0.786713286713287
0.209497206703911 0.78397212543554
0.210428305400372 0.784722222222222
0.211359404096834 0.785467128027682
0.212290502793296 0.786206896551724
0.213221601489758 0.786941580756014
0.21415270018622 0.787671232876712
0.215083798882682 0.78839590443686
0.215083798882682 0.785714285714286
0.216014897579143 0.786440677966102
0.216945996275605 0.787162162162162
0.217877094972067 0.787878787878788
0.217877094972067 0.785234899328859
0.217877094972067 0.782608695652174
0.218808193668529 0.783333333333333
0.219739292364991 0.784053156146179
0.220670391061453 0.78476821192053
0.221601489757914 0.785478547854785
0.222532588454376 0.786184210526316
0.223463687150838 0.786885245901639
0.2243947858473 0.787581699346405
0.225325884543762 0.788273615635179
0.226256983240223 0.788961038961039
0.226256983240223 0.786407766990291
0.226256983240223 0.783870967741935
0.227188081936685 0.784565916398714
0.228119180633147 0.78525641025641
0.228119180633147 0.782747603833866
0.229050279329609 0.78343949044586
0.229981378026071 0.784126984126984
0.230912476722533 0.784810126582278
0.230912476722533 0.782334384858044
0.230912476722533 0.779874213836478
0.231843575418994 0.780564263322884
0.232774674115456 0.78125
0.233705772811918 0.781931464174455
0.23463687150838 0.782608695652174
0.23463687150838 0.780185758513932
0.235567970204842 0.780864197530864
0.236499068901304 0.781538461538462
0.237430167597765 0.782208588957055
0.238361266294227 0.782874617737003
0.239292364990689 0.783536585365854
0.240223463687151 0.78419452887538
0.241154562383613 0.784848484848485
0.241154562383613 0.782477341389728
0.242085661080074 0.783132530120482
0.243016759776536 0.783783783783784
0.243947858472998 0.784431137724551
0.24487895716946 0.785074626865672
0.245810055865922 0.785714285714286
0.246741154562384 0.786350148367952
0.247672253258845 0.78698224852071
0.248603351955307 0.787610619469027
0.249534450651769 0.788235294117647
0.250465549348231 0.788856304985337
0.251396648044693 0.789473684210526
0.252327746741155 0.790087463556851
0.252327746741155 0.787790697674419
0.253258845437616 0.788405797101449
0.253258845437616 0.786127167630058
0.253258845437616 0.783861671469741
0.254189944134078 0.78448275862069
0.25512104283054 0.785100286532951
0.256052141527002 0.785714285714286
0.256983240223464 0.786324786324786
0.256983240223464 0.784090909090909
0.256983240223464 0.781869688385269
0.256983240223464 0.779661016949153
0.257914338919925 0.780281690140845
0.257914338919925 0.778089887640449
0.257914338919925 0.775910364145658
0.258845437616387 0.776536312849162
0.259776536312849 0.777158774373259
0.260707635009311 0.777777777777778
0.261638733705773 0.778393351800554
0.262569832402235 0.779005524861878
0.262569832402235 0.776859504132231
0.263500931098696 0.777472527472527
0.263500931098696 0.775342465753425
0.264432029795158 0.775956284153005
0.26536312849162 0.776566757493188
0.266294227188082 0.777173913043478
0.266294227188082 0.775067750677507
0.267225325884544 0.775675675675676
0.268156424581006 0.776280323450135
0.269087523277467 0.776881720430108
0.270018621973929 0.777479892761394
0.270018621973929 0.775401069518717
0.270949720670391 0.776
0.271880819366853 0.776595744680851
0.272811918063315 0.777188328912467
0.273743016759777 0.777777777777778
0.274674115456238 0.778364116094987
0.2756052141527 0.778947368421053
0.276536312849162 0.779527559055118
0.277467411545624 0.780104712041885
0.277467411545624 0.778067885117493
0.278398510242086 0.778645833333333
0.279329608938547 0.779220779220779
0.280260707635009 0.77979274611399
0.281191806331471 0.780361757105943
0.282122905027933 0.780927835051546
0.283054003724395 0.781491002570694
0.283985102420857 0.782051282051282
0.284916201117318 0.782608695652174
0.284916201117318 0.780612244897959
0.28584729981378 0.78117048346056
0.286778398510242 0.781725888324873
0.287709497206704 0.782278481012658
0.288640595903166 0.782828282828283
0.289571694599628 0.783375314861461
0.290502793296089 0.78391959798995
0.290502793296089 0.781954887218045
0.291433891992551 0.7825
0.292364990689013 0.783042394014963
0.293296089385475 0.783582089552239
0.293296089385475 0.781637717121588
0.293296089385475 0.77970297029703
0.294227188081937 0.780246913580247
0.294227188081937 0.778325123152709
0.294227188081937 0.776412776412776
0.295158286778399 0.776960784313726
0.295158286778399 0.775061124694376
0.29608938547486 0.775609756097561
0.297020484171322 0.776155717761557
0.297020484171322 0.774271844660194
0.297951582867784 0.774818401937046
0.298882681564246 0.77536231884058
0.299813780260708 0.775903614457831
0.300744878957169 0.776442307692308
0.301675977653631 0.776978417266187
0.302607076350093 0.777511961722488
0.303538175046555 0.778042959427208
0.304469273743017 0.778571428571429
0.305400372439479 0.779097387173397
0.305400372439479 0.777251184834123
0.305400372439479 0.775413711583924
0.30633147113594 0.775943396226415
0.30633147113594 0.774117647058824
0.307262569832402 0.774647887323944
0.308193668528864 0.775175644028103
0.309124767225326 0.775700934579439
0.309124767225326 0.773892773892774
0.310055865921788 0.774418604651163
0.310055865921788 0.77262180974478
0.31098696461825 0.773148148148148
0.311918063314711 0.773672055427252
0.312849162011173 0.774193548387097
0.312849162011173 0.772413793103448
0.313780260707635 0.772935779816514
0.314711359404097 0.773455377574371
0.315642458100559 0.773972602739726
0.315642458100559 0.772209567198178
0.315642458100559 0.770454545454546
0.31657355679702 0.770975056689342
0.31657355679702 0.769230769230769
0.31657355679702 0.767494356659142
0.31657355679702 0.765765765765766
0.317504655493482 0.766292134831461
0.318435754189944 0.766816143497758
0.319366852886406 0.767337807606264
0.320297951582868 0.767857142857143
0.320297951582868 0.766146993318486
0.32122905027933 0.766666666666667
0.322160148975791 0.767184035476718
0.323091247672253 0.767699115044248
0.324022346368715 0.768211920529801
0.324953445065177 0.768722466960352
0.324953445065177 0.767032967032967
0.325884543761639 0.767543859649123
0.326815642458101 0.768052516411379
0.326815642458101 0.766375545851528
0.327746741154562 0.766884531590414
0.328677839851024 0.767391304347826
0.329608938547486 0.767895878524946
0.330540037243948 0.768398268398268
0.33147113594041 0.76889848812095
0.332402234636872 0.769396551724138
0.333333333333333 0.76989247311828
0.333333333333333 0.768240343347639
0.334264432029795 0.768736616702355
0.334264432029795 0.767094017094017
0.335195530726257 0.767590618336887
0.336126629422719 0.768085106382979
0.337057728119181 0.768577494692144
0.337057728119181 0.766949152542373
0.337988826815642 0.767441860465116
0.338919925512104 0.767932489451477
0.338919925512104 0.766315789473684
0.338919925512104 0.764705882352941
0.339851024208566 0.765199161425577
0.339851024208566 0.763598326359833
0.340782122905028 0.764091858037578
0.34171322160149 0.764583333333333
0.342644320297952 0.765072765072765
0.343575418994413 0.765560165975104
0.343575418994413 0.763975155279503
0.344506517690875 0.764462809917355
0.345437616387337 0.764948453608247
0.346368715083799 0.765432098765432
0.346368715083799 0.763860369609856
0.347299813780261 0.764344262295082
0.348230912476723 0.764826175869121
0.348230912476723 0.763265306122449
0.349162011173184 0.763747454175153
0.349162011173184 0.76219512195122
0.350093109869646 0.762677484787018
0.351024208566108 0.763157894736842
0.351024208566108 0.761616161616162
0.351024208566108 0.76008064516129
0.351024208566108 0.758551307847082
0.351024208566108 0.757028112449799
0.35195530726257 0.75751503006012
0.35195530726257 0.756
0.352886405959032 0.756487025948104
0.352886405959032 0.754980079681275
0.352886405959032 0.753479125248509
0.353817504655493 0.753968253968254
0.354748603351955 0.754455445544554
0.355679702048417 0.754940711462451
0.355679702048417 0.7534516765286
0.355679702048417 0.751968503937008
0.356610800744879 0.7524557956778
0.357541899441341 0.752941176470588
0.358472998137803 0.753424657534247
0.359404096834264 0.75390625
0.360335195530726 0.754385964912281
0.361266294227188 0.754863813229572
0.36219739292365 0.755339805825243
0.363128491620112 0.755813953488372
0.364059590316574 0.756286266924565
0.364990689013035 0.756756756756757
0.365921787709497 0.757225433526012
0.366852886405959 0.757692307692308
0.366852886405959 0.756238003838772
0.367783985102421 0.756704980842912
0.368715083798883 0.75717017208413
0.368715083798883 0.755725190839695
0.369646182495345 0.756190476190476
0.370577281191806 0.756653992395437
0.370577281191806 0.755218216318786
0.371508379888268 0.755681818181818
0.37243947858473 0.756143667296786
0.373370577281192 0.756603773584906
0.373370577281192 0.755178907721281
0.374301675977654 0.755639097744361
0.375232774674115 0.75609756097561
0.375232774674115 0.754681647940075
0.376163873370577 0.755140186915888
0.376163873370577 0.753731343283582
0.376163873370577 0.752327746741155
0.377094972067039 0.752788104089219
0.377094972067039 0.75139146567718
0.377094972067039 0.75
0.378026070763501 0.750462107208872
0.378957169459963 0.750922509225092
0.379888268156425 0.751381215469613
0.379888268156425 0.75
0.380819366852886 0.75045871559633
0.381750465549348 0.750915750915751
0.381750465549348 0.749542961608775
0.381750465549348 0.748175182481752
0.38268156424581 0.748633879781421
0.383612662942272 0.749090909090909
0.384543761638734 0.749546279491833
0.385474860335196 0.75
0.386405959031657 0.750452079566004
0.387337057728119 0.750902527075812
0.388268156424581 0.751351351351351
0.389199255121043 0.751798561151079
0.390130353817505 0.752244165170557
0.391061452513966 0.752688172043011
0.391992551210428 0.753130590339893
0.39292364990689 0.753571428571429
0.39292364990689 0.75222816399287
0.393854748603352 0.752669039145907
0.395716945996276 0.75354609929078
0.396648044692737 0.753982300884956
0.396648044692737 0.752650176678445
0.396648044692737 0.751322751322751
0.396648044692737 0.75
0.397579143389199 0.750439367311072
0.398510242085661 0.750877192982456
0.398510242085661 0.749562171628722
0.399441340782123 0.75
0.400372439478585 0.75043630017452
0.400372439478585 0.749128919860627
0.401303538175047 0.749565217391304
0.402234636871508 0.75
0.40316573556797 0.750433275563258
0.404096834264432 0.750865051903114
0.405027932960894 0.751295336787565
0.405027932960894 0.75
0.405027932960894 0.748709122203098
0.405027932960894 0.747422680412371
0.405959031657356 0.747855917667238
0.405959031657356 0.746575342465753
0.405959031657356 0.745299145299145
0.406890130353817 0.745733788395904
0.407821229050279 0.746166950596252
0.407821229050279 0.744897959183674
0.408752327746741 0.745331069609508
0.409683426443203 0.745762711864407
0.410614525139665 0.746192893401015
0.411545623836127 0.746621621621622
0.412476722532588 0.747048903878583
0.41340782122905 0.747474747474748
0.414338919925512 0.747899159663866
0.415270018621974 0.748322147651007
0.416201117318436 0.748743718592965
0.417132216014898 0.749163879598662
0.418063314711359 0.749582637729549
0.418994413407821 0.75
0.419925512104283 0.750415973377704
0.419925512104283 0.749169435215947
0.420856610800745 0.749585406301824
0.421787709497207 0.75
0.421787709497207 0.748760330578512
0.422718808193669 0.749174917491749
0.422718808193669 0.747940691927512
0.42364990689013 0.748355263157895
0.424581005586592 0.748768472906404
0.424581005586592 0.747540983606557
0.424581005586592 0.746317512274959
0.425512104283054 0.746732026143791
0.426443202979516 0.747145187601958
0.427374301675978 0.747557003257329
0.428305400372439 0.747967479674797
0.428305400372439 0.746753246753247
0.429236499068901 0.747163695299838
0.430167597765363 0.747572815533981
0.431098696461825 0.747980613893376
0.432029795158287 0.748387096774194
0.432029795158287 0.747181964573269
0.432960893854749 0.747588424437299
0.432960893854749 0.746388443017656
0.43389199255121 0.746794871794872
0.43389199255121 0.7456
0.434823091247672 0.746006389776358
0.435754189944134 0.746411483253589
0.436685288640596 0.746815286624204
0.437616387337058 0.747217806041335
0.437616387337058 0.746031746031746
0.437616387337058 0.744849445324881
0.437616387337058 0.743670886075949
0.43854748603352 0.744075829383886
0.43854748603352 0.742902208201893
0.43854748603352 0.741732283464567
0.43854748603352 0.740566037735849
0.439478584729981 0.740973312401884
0.439478584729981 0.739811912225705
0.440409683426443 0.740219092331768
0.441340782122905 0.740625
0.442271880819367 0.741029641185647
0.443202979515829 0.741433021806854
0.443202979515829 0.740279937791602
0.444134078212291 0.740683229813665
0.444134078212291 0.73953488372093
0.445065176908752 0.739938080495356
0.445996275605214 0.740340030911901
0.446927374301676 0.740740740740741
0.447858472998138 0.741140215716487
0.4487895716946 0.741538461538462
0.449720670391061 0.741935483870968
0.449720670391061 0.74079754601227
0.450651769087523 0.741194486983155
0.451582867783985 0.741590214067278
0.452513966480447 0.741984732824427
0.452513966480447 0.740853658536585
0.453445065176909 0.741248097412481
0.453445065176909 0.740121580547112
0.454376163873371 0.74051593323217
0.455307262569832 0.740909090909091
0.455307262569832 0.739788199697428
0.455307262569832 0.738670694864048
0.456238361266294 0.739064856711916
0.457169459962756 0.739457831325301
0.457169459962756 0.738345864661654
0.457169459962756 0.737237237237237
0.457169459962756 0.736131934032983
0.457169459962756 0.735029940119761
0.457169459962756 0.733931240657698
0.457169459962756 0.732835820895522
0.458100558659218 0.733233979135618
0.458100558659218 0.732142857142857
0.45903165735568 0.732540861812779
0.459962756052142 0.732937685459941
0.459962756052142 0.731851851851852
0.459962756052142 0.730769230769231
0.460893854748603 0.731166912850812
0.460893854748603 0.730088495575221
0.460893854748603 0.729013254786451
0.461824953445065 0.729411764705882
0.462756052141527 0.728739002932551
0.463687150837989 0.72913616398243
0.463687150837989 0.728070175438597
0.464618249534451 0.728467153284671
0.464618249534451 0.727405247813411
0.465549348230912 0.727802037845706
0.465549348230912 0.726744186046512
0.465549348230912 0.725689404934688
0.466480446927374 0.726086956521739
0.466480446927374 0.725036179450072
0.466480446927374 0.723988439306358
0.467411545623836 0.724386724386724
0.468342644320298 0.72478386167147
0.468342644320298 0.723741007194245
0.468342644320298 0.722701149425287
0.46927374301676 0.723098995695839
0.470204841713222 0.723495702005731
0.470204841713222 0.722460658082976
0.471135940409683 0.722857142857143
0.472067039106145 0.723252496433666
0.472067039106145 0.722222222222222
0.472998137802607 0.722617354196302
0.472998137802607 0.721590909090909
0.473929236499069 0.721985815602837
0.474860335195531 0.722379603399433
0.475791433891993 0.722772277227723
0.476722532588454 0.72316384180791
0.476722532588454 0.722143864598025
0.476722532588454 0.72112676056338
0.477653631284916 0.721518987341772
0.478584729981378 0.721910112359551
0.47951582867784 0.722300140252454
0.480446927374302 0.722689075630252
0.481378026070764 0.723076923076923
0.482309124767225 0.723463687150838
0.483240223463687 0.723849372384937
0.483240223463687 0.722841225626741
0.484171322160149 0.723226703755216
0.485102420856611 0.723611111111111
0.486033519553073 0.723994452149792
0.486964618249534 0.724376731301939
0.487895716945996 0.724757952973721
0.488826815642458 0.725138121546961
0.48975791433892 0.72551724137931
0.48975791433892 0.724517906336088
0.48975791433892 0.723521320495186
0.48975791433892 0.722527472527473
0.48975791433892 0.721536351165981
0.48975791433892 0.720547945205479
0.490689013035382 0.720930232558139
0.491620111731844 0.721311475409836
0.492551210428305 0.721691678035471
0.492551210428305 0.720708446866485
0.492551210428305 0.719727891156463
0.493482309124767 0.720108695652174
0.494413407821229 0.720488466757124
0.494413407821229 0.719512195121951
0.495344506517691 0.719891745602165
0.495344506517691 0.718918918918919
0.496275605214153 0.719298245614035
0.496275605214153 0.71832884097035
0.496275605214153 0.717362045760431
0.497206703910615 0.717741935483871
0.498137802607076 0.718120805369127
0.498137802607076 0.7171581769437
0.498137802607076 0.71619812583668
0.499068901303538 0.716577540106952
0.5 0.716955941255007
0.500931098696462 0.717333333333333
0.501862197392924 0.717709720372836
0.502793296089385 0.718085106382979
0.502793296089385 0.717131474103586
0.502793296089385 0.716180371352785
0.502793296089385 0.71523178807947
0.503724394785847 0.715608465608466
0.504655493482309 0.715984147952444
0.505586592178771 0.716358839050132
0.505586592178771 0.715415019762846
0.506517690875233 0.715789473684211
0.506517690875233 0.71484888304862
0.507448789571695 0.715223097112861
0.507448789571695 0.714285714285714
0.507448789571695 0.713350785340314
0.508379888268156 0.713725490196078
0.508379888268156 0.712793733681462
0.508379888268156 0.711864406779661
0.508379888268156 0.7109375
0.508379888268156 0.71001300390117
0.509310986964618 0.71038961038961
0.509310986964618 0.7094682230869
0.51024208566108 0.709844559585492
0.511173184357542 0.710219922380336
0.512104283054004 0.710594315245478
0.512104283054004 0.709677419354839
0.513035381750466 0.710051546391753
0.513966480446927 0.71042471042471
0.514897579143389 0.710796915167095
0.515828677839851 0.711168164313222
0.516759776536313 0.711538461538462
0.517690875232775 0.71190781049936
0.518621973929236 0.71227621483376
0.518621973929236 0.711366538952746
0.518621973929236 0.710459183673469
0.519553072625698 0.710828025477707
0.52048417132216 0.711195928753181
0.52048417132216 0.710292249047014
0.521415270018622 0.710659898477157
0.522346368715084 0.711026615969582
0.523277467411546 0.711392405063291
0.524208566108007 0.711757269279393
0.524208566108007 0.710858585858586
0.525139664804469 0.711223203026482
0.526070763500931 0.711586901763224
0.527001862197393 0.711949685534591
0.527932960893855 0.712311557788945
0.527932960893855 0.711417816813049
0.528864059590317 0.711779448621554
0.529795158286778 0.712140175219024
0.53072625698324 0.7125
0.531657355679702 0.712858926342072
0.532588454376164 0.713216957605985
0.533519553072626 0.713574097135741
0.534450651769088 0.713930348258706
0.535381750465549 0.714285714285714
0.535381750465549 0.713399503722084
0.536312849162011 0.713754646840149
0.537243947858473 0.714108910891089
0.537243947858473 0.713226205191595
0.537243947858473 0.712345679012346
0.538175046554935 0.712700369913687
0.539106145251397 0.713054187192118
0.540037243947858 0.713407134071341
0.54096834264432 0.713759213759214
0.541899441340782 0.714110429447853
0.542830540037244 0.714460784313726
0.543761638733706 0.714810281517748
0.544692737430168 0.715158924205379
0.544692737430168 0.714285714285714
0.545623836126629 0.714634146341463
0.545623836126629 0.713763702801462
0.546554934823091 0.714111922141119
0.547486033519553 0.714459295261239
0.547486033519553 0.713592233009709
0.547486033519553 0.712727272727273
0.547486033519553 0.711864406779661
0.548417132216015 0.712212817412334
0.548417132216015 0.711352657004831
0.548417132216015 0.710494571773221
0.549348230912477 0.710843373493976
0.550279329608939 0.711191335740072
0.550279329608939 0.710336538461538
0.5512104283054 0.710684273709484
0.552141527001862 0.711031175059952
0.553072625698324 0.711377245508982
0.553072625698324 0.710526315789474
0.553072625698324 0.709677419354839
0.554003724394786 0.710023866348449
0.554934823091248 0.710369487485101
0.55586592178771 0.710714285714286
0.556797020484171 0.711058263971463
0.557728119180633 0.711401425178147
0.557728119180633 0.71055753262159
0.558659217877095 0.710900473933649
0.558659217877095 0.710059171597633
0.558659217877095 0.709219858156028
0.559590316573557 0.709563164108619
0.559590316573557 0.70872641509434
0.559590316573557 0.707891637220259
0.560521415270019 0.708235294117647
0.56145251396648 0.708578143360752
0.56145251396648 0.707746478873239
0.56145251396648 0.706916764361079
0.562383612662942 0.707259953161593
0.563314711359404 0.707602339181287
0.563314711359404 0.706775700934579
0.564245810055866 0.707117852975496
0.564245810055866 0.706293706293706
0.564245810055866 0.705471478463329
0.564245810055866 0.704651162790698
0.564245810055866 0.70383275261324
0.564245810055866 0.703016241299304
0.565176908752328 0.703360370799537
0.56610800744879 0.703703703703704
0.567039106145251 0.704046242774567
0.567039106145251 0.703233256351039
0.567970204841713 0.703575547866205
0.568901303538175 0.703917050691244
0.569832402234637 0.704257767548907
0.570763500931099 0.704597701149425
0.571694599627561 0.704936854190585
0.571694599627561 0.704128440366973
0.571694599627561 0.703321878579611
0.571694599627561 0.702517162471396
0.572625698324022 0.702857142857143
0.573556797020484 0.703196347031963
0.573556797020484 0.702394526795895
0.574487895716946 0.702733485193622
0.574487895716946 0.70193401592719
0.575418994413408 0.702272727272727
0.575418994413408 0.701475595913734
0.575418994413408 0.700680272108844
0.57635009310987 0.701019252548131
0.577281191806331 0.701357466063348
0.578212290502793 0.701694915254237
0.579143389199255 0.702031602708804
0.579143389199255 0.701240135287486
0.580074487895717 0.701576576576577
0.580074487895717 0.700787401574803
0.581005586592179 0.701123595505618
0.581005586592179 0.7003367003367
0.581936685288641 0.70067264573991
0.582867783985102 0.701007838745801
0.583798882681564 0.701342281879195
0.583798882681564 0.700558659217877
0.583798882681564 0.699776785714286
0.584729981378026 0.700111482720178
0.584729981378026 0.699331848552339
0.585661080074488 0.699666295884316
0.58659217877095 0.7
0.587523277467412 0.700332963374029
0.587523277467412 0.699556541019956
0.587523277467412 0.698781838316722
0.588454376163873 0.699115044247788
0.588454376163873 0.698342541436464
0.589385474860335 0.698675496688742
0.590316573556797 0.699007717750827
0.591247672253259 0.699339207048458
0.592178770949721 0.6996699669967
0.593109869646183 0.7
0.594040968342644 0.70032930845225
0.594972067039106 0.700657894736842
0.594972067039106 0.699890470974808
0.594972067039106 0.699124726477024
0.595903165735568 0.699453551912568
0.595903165735568 0.698689956331878
0.595903165735568 0.697928026172301
0.59683426443203 0.698257080610022
0.59683426443203 0.697497279651795
0.597765363128492 0.697826086956522
0.598696461824953 0.698154180238871
0.599627560521415 0.698481561822126
0.599627560521415 0.697724810400867
0.599627560521415 0.696969696969697
0.599627560521415 0.696216216216216
0.599627560521415 0.695464362850972
0.599627560521415 0.694714131607336
0.600558659217877 0.695043103448276
0.601489757914339 0.695371367061356
0.601489757914339 0.694623655913978
0.602420856610801 0.694951664876477
0.602420856610801 0.694206008583691
0.603351955307263 0.694533762057878
0.603351955307263 0.693790149892934
0.603351955307263 0.693048128342246
0.603351955307263 0.692307692307692
0.604283054003724 0.692636072572038
0.604283054003724 0.691897654584222
0.605214152700186 0.692225772097977
0.606145251396648 0.692553191489362
0.60707635009311 0.69287991498406
0.60707635009311 0.692144373673036
0.608007448789572 0.692470837751856
0.608007448789572 0.691737288135593
0.608938547486033 0.692063492063492
0.609869646182495 0.692389006342495
0.610800744878957 0.692713833157339
0.610800744878957 0.691983122362869
0.611731843575419 0.692307692307692
0.612662942271881 0.692631578947368
0.612662942271881 0.691903259726604
0.613594040968343 0.692226890756303
0.614525139664804 0.692549842602308
0.615456238361266 0.692872117400419
0.615456238361266 0.692146596858639
0.616387337057728 0.692468619246862
0.61731843575419 0.692789968652038
0.61731843575419 0.692066805845512
0.618249534450652 0.692387904066736
0.618249534450652 0.691666666666667
0.619180633147114 0.691987513007284
0.619180633147114 0.691268191268191
0.620111731843575 0.691588785046729
0.621042830540037 0.691908713692946
0.621973929236499 0.692227979274611
0.622905027932961 0.692546583850932
0.622905027932961 0.691830403309204
0.622905027932961 0.691115702479339
0.623836126629423 0.691434468524252
0.624767225325885 0.691752577319588
0.625698324022346 0.692070030895984
0.626629422718808 0.69238683127572
0.62756052141527 0.692702980472765
0.628491620111732 0.693018480492813
0.628491620111732 0.692307692307692
0.629422718808194 0.692622950819672
0.629422718808194 0.691914022517912
0.629422718808194 0.69120654396728
0.630353817504655 0.691521961184883
0.631284916201117 0.691836734693878
0.631284916201117 0.691131498470948
0.632216014897579 0.691446028513238
0.633147113594041 0.69175991861648
0.634078212290503 0.692073170731707
0.635009310986965 0.69238578680203
0.635940409683426 0.692697768762678
0.636871508379888 0.693009118541033
0.636871508379888 0.692307692307692
0.63780260707635 0.692618806875632
0.638733705772812 0.692929292929293
0.638733705772812 0.692230070635722
0.638733705772812 0.691532258064516
0.639664804469274 0.691842900302115
0.640595903165736 0.69215291750503
0.640595903165736 0.691457286432161
0.641527001862197 0.691767068273092
0.642458100558659 0.692076228686058
0.642458100558659 0.691382765531062
0.642458100558659 0.690690690690691
0.643389199255121 0.691
0.643389199255121 0.69030969030969
0.643389199255121 0.689620758483034
0.644320297951583 0.689930209371884
0.644320297951583 0.689243027888446
0.644320297951583 0.688557213930348
0.645251396648045 0.688866799204771
0.645251396648045 0.688182720953327
0.646182495344507 0.688492063492063
0.646182495344507 0.68780971258672
0.646182495344507 0.687128712871287
0.647113594040968 0.687438180019782
0.64804469273743 0.687747035573123
0.648975791433892 0.688055281342547
0.649906890130354 0.68836291913215
0.649906890130354 0.687684729064039
0.650837988826816 0.687992125984252
0.651769087523277 0.688298918387414
0.652700186219739 0.68860510805501
0.652700186219739 0.68792934249264
0.653631284916201 0.688235294117647
0.653631284916201 0.687561214495593
0.654562383612663 0.687866927592955
0.655493482309125 0.688172043010753
0.655493482309125 0.6875
0.656424581005587 0.68780487804878
0.657355679702048 0.688109161793372
0.65828677839851 0.688412852969815
0.659217877094972 0.688715953307393
0.660148975791434 0.689018464528669
0.660148975791434 0.688349514563107
0.661080074487896 0.688651794374394
0.662011173184358 0.688953488372093
0.662011173184358 0.688286544046467
0.662942271880819 0.688588007736944
0.663873370577281 0.688888888888889
0.663873370577281 0.688223938223938
0.664804469273743 0.688524590163934
0.664804469273743 0.687861271676301
0.665735567970205 0.688161693936477
0.666666666666667 0.688461538461538
0.667597765363129 0.688760806916426
0.667597765363129 0.68809980806142
0.66852886405959 0.688398849472675
0.66852886405959 0.687739463601533
0.669459962756052 0.688038277511962
0.669459962756052 0.687380497131931
0.669459962756052 0.686723973256925
0.670391061452514 0.687022900763359
0.671322160148976 0.687321258341277
0.672253258845438 0.687619047619048
0.672253258845438 0.686964795432921
0.672253258845438 0.686311787072243
0.672253258845438 0.685660018993352
0.672253258845438 0.685009487666034
0.673184357541899 0.685308056872038
0.673184357541899 0.684659090909091
0.673184357541899 0.684011352885525
0.674115456238361 0.684310018903592
0.675046554934823 0.684608120868744
0.675046554934823 0.683962264150943
0.675977653631285 0.68426013195099
0.676908752327747 0.684557438794727
0.677839851024209 0.684854186265287
0.67877094972067 0.68515037593985
0.67877094972067 0.684507042253521
0.679702048417132 0.684803001876173
0.680633147113594 0.685098406747891
0.680633147113594 0.684456928838951
0.680633147113594 0.683816651075772
0.680633147113594 0.683177570093458
0.681564245810056 0.683473389355742
0.682495344506518 0.683768656716418
0.68342644320298 0.684063373718546
0.684357541899441 0.684357541899441
0.684357541899441 0.683720930232558
0.685288640595903 0.684014869888476
0.685288640595903 0.683379758588672
0.685288640595903 0.682745825602968
0.686219739292365 0.683039851714551
0.687150837988827 0.683333333333333
0.688081936685289 0.683626271970398
0.688081936685289 0.682994454713494
0.688081936685289 0.682363804247461
0.688081936685289 0.681734317343173
0.688081936685289 0.68110599078341
0.689013035381751 0.681399631675875
0.689013035381751 0.680772769089236
0.689944134078212 0.681066176470588
0.690875232774674 0.681359044995409
0.690875232774674 0.680733944954128
0.691806331471136 0.68102658111824
0.691806331471136 0.68040293040293
0.692737430167598 0.680695333943275
0.69366852886406 0.680987202925046
0.69366852886406 0.680365296803653
0.694599627560521 0.680656934306569
0.694599627560521 0.68003646308113
0.695530726256983 0.680327868852459
0.695530726256983 0.679708826205642
0.696461824953445 0.68
0.696461824953445 0.679382379654859
0.697392923649907 0.67967332123412
0.697392923649907 0.679057116953762
0.698324022346369 0.679347826086957
0.698324022346369 0.678733031674208
0.698324022346369 0.678119349005425
0.69925512104283 0.678410117434508
0.69925512104283 0.677797833935018
0.700186219739292 0.678088367899008
0.701117318435754 0.678378378378378
0.701117318435754 0.677767776777678
0.701117318435754 0.677158273381295
0.701117318435754 0.676549865229111
0.702048417132216 0.676840215439856
0.702048417132216 0.676233183856502
0.702048417132216 0.675627240143369
0.702979515828678 0.67591763652641
0.70391061452514 0.676207513416816
0.704841713221601 0.676496872207328
0.705772811918063 0.676785714285714
0.706703910614525 0.67707404103479
0.706703910614525 0.676470588235294
0.706703910614525 0.67586821015138
0.706703910614525 0.675266903914591
0.706703910614525 0.674666666666667
0.707635009310987 0.674955595026643
0.707635009310987 0.67435669920142
0.708566108007449 0.674645390070922
0.708566108007449 0.674047829937998
0.708566108007449 0.673451327433628
0.708566108007449 0.672855879752431
0.708566108007449 0.67226148409894
0.708566108007449 0.671668137687555
0.709497206703911 0.671957671957672
0.709497206703911 0.67136563876652
0.710428305400372 0.671654929577465
0.710428305400372 0.671064204045734
0.710428305400372 0.670474516695958
0.710428305400372 0.669885864793679
0.710428305400372 0.669298245614035
0.710428305400372 0.668711656441718
0.710428305400372 0.668126094570928
0.710428305400372 0.667541557305337
0.710428305400372 0.666958041958042
0.711359404096834 0.667248908296943
0.712290502793296 0.667539267015707
0.713221601489758 0.667829119442023
0.71415270018622 0.668118466898955
0.71415270018622 0.667536988685814
0.71415270018622 0.66695652173913
0.715083798882682 0.667245873153779
0.716014897579143 0.667534722222222
0.716945996275605 0.667823070251518
0.717877094972067 0.668110918544194
0.717877094972067 0.667532467532468
0.718808193668529 0.667820069204152
0.718808193668529 0.667242869490061
0.718808193668529 0.666666666666667
0.719739292364991 0.66695427092321
0.719739292364991 0.666379310344828
0.719739292364991 0.665805340223945
0.720670391061452 0.666092943201377
0.721601489757914 0.666380051590714
0.721601489757914 0.665807560137457
0.721601489757914 0.665236051502146
0.722532588454376 0.665523156089194
0.722532588454376 0.664952870608398
0.722532588454376 0.664383561643836
0.723463687150838 0.664670658682635
0.7243947858473 0.664957264957265
0.725325884543762 0.665243381725021
0.726256983240223 0.665529010238908
0.727188081936685 0.665814151747656
0.728119180633147 0.666098807495741
0.728119180633147 0.665531914893617
0.729050279329609 0.665816326530612
0.729050279329609 0.665250637213254
0.729981378026071 0.66553480475382
0.730912476722533 0.665818490245971
0.731843575418994 0.666101694915254
0.731843575418994 0.665537679932261
0.732774674115456 0.665820642978003
0.733705772811918 0.666103127641589
0.733705772811918 0.665540540540541
0.73463687150838 0.665822784810127
0.73463687150838 0.665261382799325
0.735567970204842 0.665543386689132
0.735567970204842 0.664983164983165
0.736499068901304 0.665264928511354
0.737430167597765 0.665546218487395
0.737430167597765 0.664987405541562
0.737430167597765 0.664429530201342
0.738361266294227 0.664710813076278
0.738361266294227 0.664154103852596
0.738361266294227 0.663598326359833
0.739292364990689 0.663879598662207
0.740223463687151 0.664160401002506
0.740223463687151 0.663606010016695
0.741154562383613 0.663886572143453
0.742085661080074 0.664166666666667
0.743016759776536 0.664446294754371
0.743016759776536 0.663893510815308
0.743016759776536 0.663341645885287
0.743947858472998 0.663621262458472
0.74487895716946 0.663900414937759
0.745810055865922 0.664179104477612
0.746741154562384 0.664457332228666
0.746741154562384 0.663907284768212
0.746741154562384 0.663358147229115
0.746741154562384 0.662809917355372
0.747672253258845 0.663088356729975
0.748603351955307 0.663366336633663
0.748603351955307 0.662819455894477
0.748603351955307 0.662273476112026
0.749534450651769 0.662551440329218
0.749534450651769 0.662006578947368
0.750465549348231 0.66228430566968
0.751396648044693 0.66256157635468
0.752327746741155 0.662838392124692
0.753258845437616 0.663114754098361
0.753258845437616 0.662571662571663
0.753258845437616 0.6620294599018
0.754189944134078 0.662305805396566
0.754189944134078 0.661764705882353
0.75512104283054 0.662040816326531
0.75512104283054 0.661500815660685
0.756052141527002 0.661776691116544
0.756052141527002 0.661237785016287
0.756052141527002 0.660699755899105
0.756052141527002 0.660162601626016
0.756983240223464 0.660438667749797
0.756983240223464 0.659902597402597
0.756983240223464 0.659367396593674
0.756983240223464 0.658833063209076
0.757914338919926 0.659109311740891
0.758845437616387 0.659385113268608
0.758845437616387 0.658852061438965
0.758845437616387 0.658319870759289
0.759776536312849 0.658595641646489
0.760707635009311 0.658870967741935
0.761638733705773 0.65914585012087
0.761638733705773 0.658615136876006
0.762569832402235 0.658889782783588
0.763500931098696 0.659163987138264
0.763500931098696 0.65863453815261
0.764432029795158 0.658908507223114
0.764432029795158 0.658380112269447
0.764432029795158 0.657852564102564
0.76536312849162 0.658126501200961
0.76536312849162 0.6576
0.76536312849162 0.657074340527578
0.76536312849162 0.656549520766773
0.76536312849162 0.656025538707103
0.766294227188082 0.656299840510367
0.767225325884544 0.656573705179283
0.767225325884544 0.656050955414013
0.767225325884544 0.655529037390613
0.767225325884544 0.655007949125596
0.768156424581006 0.655281969817315
0.769087523277467 0.655555555555556
0.769087523277467 0.655035685963521
0.769087523277467 0.654516640253566
0.770018621973929 0.654790182106097
0.770949720670391 0.655063291139241
0.771880819366853 0.655335968379447
0.771880819366853 0.654818325434439
0.771880819366853 0.654301499605367
0.771880819366853 0.653785488958991
0.772811918063315 0.654058313632782
0.772811918063315 0.653543307086614
0.772811918063315 0.653029110936271
0.772811918063315 0.65251572327044
0.773743016759777 0.652788688138256
0.774674115456238 0.653061224489796
0.7756052141527 0.653333333333333
0.7756052141527 0.65282131661442
0.7756052141527 0.652310101801096
0.776536312849162 0.652582159624413
0.777467411545624 0.65285379202502
0.777467411545624 0.65234375
0.778398510242086 0.652615144418423
0.778398510242086 0.65210608424337
0.779329608938548 0.652377240841777
0.779329608938548 0.651869158878505
0.780260707635009 0.652140077821012
0.780260707635009 0.651632970451011
0.781191806331471 0.651903651903652
0.782122905027933 0.652173913043478
0.782122905027933 0.65166795965865
0.782122905027933 0.651162790697674
0.782122905027933 0.650658404337723
0.783054003724395 0.650928792569659
0.783985102420857 0.651198762567672
0.783985102420857 0.650695517774343
0.784916201117318 0.650965250965251
0.784916201117318 0.650462962962963
0.78584729981378 0.650732459521974
0.78584729981378 0.650231124807396
0.78584729981378 0.649730561970747
0.786778398510242 0.65
0.787709497206704 0.650269023827825
0.787709497206704 0.649769585253456
0.788640595903166 0.650038372985418
0.789571694599628 0.650306748466258
0.789571694599628 0.649808429118774
0.789571694599628 0.649310872894334
0.790502793296089 0.649579188982402
0.790502793296089 0.649082568807339
0.790502793296089 0.648586707410237
0.790502793296089 0.648091603053435
0.790502793296089 0.647597254004577
0.790502793296089 0.647103658536585
0.790502793296089 0.646610814927647
0.790502793296089 0.646118721461187
0.790502793296089 0.645627376425856
0.791433891992551 0.645896656534954
0.791433891992551 0.64540622627183
0.792364990689013 0.645675265553869
0.792364990689013 0.645185746777862
0.792364990689013 0.64469696969697
0.792364990689013 0.644208932626798
0.792364990689013 0.643721633888048
0.793296089385475 0.643990929705215
0.793296089385475 0.643504531722054
0.794227188081937 0.64377358490566
0.794227188081937 0.643288084464555
0.795158286778399 0.643556895252449
0.79608938547486 0.643825301204819
0.797020484171322 0.644093303235515
0.797951582867784 0.644360902255639
0.797951582867784 0.643876784372652
0.797951582867784 0.643393393393393
0.798882681564246 0.643660915228807
0.799813780260708 0.643928035982009
0.799813780260708 0.643445692883895
0.80074487895717 0.643712574850299
0.801675977653631 0.643979057591623
0.802607076350093 0.64424514200299
0.803538175046555 0.644510828976848
0.804469273743017 0.644776119402985
0.805400372439479 0.645041014168531
0.80633147113594 0.645305514157973
0.807262569832402 0.645569620253165
0.808193668528864 0.645833333333333
0.808193668528864 0.645353159851301
0.808193668528864 0.644873699851412
0.808193668528864 0.644394951744618
0.809124767225326 0.644658753709199
0.810055865921788 0.644922164566345
0.810055865921788 0.644444444444444
0.810986964618249 0.644707623982235
0.810986964618249 0.644230769230769
0.811918063314711 0.644493717664449
0.812849162011173 0.644756277695716
0.812849162011173 0.644280442804428
0.812849162011173 0.643805309734513
0.812849162011173 0.643330876934414
0.812849162011173 0.642857142857143
0.812849162011173 0.642384105960265
0.813780260707635 0.642647058823529
0.813780260707635 0.642174871418075
0.814711359404097 0.642437591776799
0.814711359404097 0.641966250917095
0.814711359404097 0.641495601173021
0.815642458100559 0.641758241758242
0.815642458100559 0.641288433382138
0.81657355679702 0.64155084125823
0.817504655493482 0.641812865497076
0.818435754189944 0.642074506939372
0.818435754189944 0.641605839416058
0.818435754189944 0.641137855579869
0.818435754189944 0.64067055393586
0.818435754189944 0.640203932993445
0.818435754189944 0.639737991266376
0.818435754189944 0.639272727272727
0.818435754189944 0.638808139534884
0.819366852886406 0.639070442992012
0.820297951582868 0.63933236574746
0.82122905027933 0.639593908629442
0.82122905027933 0.639130434782609
0.822160148975791 0.639391745112238
0.822160148975791 0.638929088277858
0.823091247672253 0.639190166305134
0.824022346368715 0.639450867052023
0.824953445065177 0.63971119133574
0.824953445065177 0.639249639249639
0.825884543761639 0.639509733237203
0.825884543761639 0.639048991354467
0.825884543761639 0.638588912886969
0.825884543761639 0.638129496402878
0.825884543761639 0.637670740474479
0.825884543761639 0.637212643678161
0.826815642458101 0.637473079684135
0.826815642458101 0.637015781922525
0.826815642458101 0.636559139784946
0.826815642458101 0.636103151862464
0.826815642458101 0.635647816750179
0.826815642458101 0.63519313304721
0.827746741154562 0.635453895639743
0.828677839851024 0.635714285714286
0.829608938547486 0.635974304068523
0.829608938547486 0.635520684736091
0.830540037243948 0.635780470420527
0.83147113594041 0.636039886039886
0.832402234636871 0.636298932384342
0.832402234636871 0.635846372688478
0.833333333333333 0.636105188343994
0.833333333333333 0.635653409090909
0.834264432029795 0.635911994322214
0.835195530726257 0.636170212765957
0.835195530726257 0.635719347980156
0.835195530726257 0.635269121813031
0.836126629422719 0.635527246992215
0.836126629422719 0.635077793493635
0.837057728119181 0.635335689045936
0.837988826815642 0.635593220338983
0.837988826815642 0.63514467184192
0.838919925512104 0.63540197461213
0.838919925512104 0.634954193093728
0.838919925512104 0.634507042253521
0.838919925512104 0.634060520760028
0.838919925512104 0.633614627285513
0.839851024208566 0.633872101194659
0.840782122905028 0.634129213483146
0.840782122905028 0.633684210526316
0.84171322160149 0.633941093969144
0.842644320297952 0.634197617379117
0.843575418994413 0.634453781512605
0.844506517690875 0.634709587123863
0.844506517690875 0.634265734265734
0.844506517690875 0.63382250174703
0.844506517690875 0.633379888268156
0.845437616387337 0.633635729239358
0.846368715083799 0.633891213389121
0.847299813780261 0.634146341463415
0.847299813780261 0.633704735376045
0.847299813780261 0.633263743910926
0.847299813780261 0.632823365785814
0.848230912476723 0.633078526754691
0.848230912476723 0.632638888888889
0.849162011173184 0.632893823733518
0.849162011173184 0.63245492371706
0.850093109869646 0.632709632709633
0.851024208566108 0.632963988919668
0.851024208566108 0.632525951557093
0.85195530726257 0.632780082987552
0.85195530726257 0.632342778161714
0.85195530726257 0.631906077348066
0.85195530726257 0.631469979296066
0.85195530726257 0.631034482758621
0.85195530726257 0.630599586492074
0.85195530726257 0.630165289256198
0.852886405959032 0.630419821059876
0.852886405959032 0.629986244841816
0.852886405959032 0.629553264604811
0.852886405959032 0.629120879120879
0.852886405959032 0.628689087165408
0.853817504655493 0.628943758573388
0.854748603351955 0.629198080877313
0.855679702048417 0.629452054794521
0.856610800744879 0.629705681040383
0.856610800744879 0.629274965800274
0.856610800744879 0.628844839371155
0.857541899441341 0.629098360655738
0.857541899441341 0.628668941979522
0.858472998137803 0.628922237380628
0.859404096834264 0.629175187457396
0.859404096834264 0.62874659400545
0.860335195530726 0.628999319264806
0.861266294227188 0.629251700680272
0.861266294227188 0.628823929299796
0.86219739292365 0.629076086956522
0.86219739292365 0.628649015614392
0.86219739292365 0.628222523744912
0.86219739292365 0.627796610169492
0.863128491620112 0.628048780487805
0.863128491620112 0.62762356127285
0.864059590316574 0.62787550744249
0.864990689013035 0.628127112914131
0.864990689013035 0.627702702702703
0.865921787709497 0.62795408507765
0.866852886405959 0.628205128205128
0.866852886405959 0.627781523937964
0.866852886405959 0.627358490566038
0.866852886405959 0.626936026936027
0.866852886405959 0.626514131897712
0.866852886405959 0.626092804303968
0.867783985102421 0.626344086021505
0.867783985102421 0.625923438549362
0.868715083798883 0.626174496644295
0.868715083798883 0.625754527162978
0.868715083798883 0.625335120643432
0.868715083798883 0.624916275954454
0.868715083798883 0.624497991967871
0.869646182495345 0.624749163879599
0.869646182495345 0.624331550802139
0.870577281191806 0.624582498329993
0.871508379888268 0.624833110814419
0.871508379888268 0.624416277518346
0.87243947858473 0.624666666666667
0.873370577281192 0.62491672218521
0.874301675977654 0.625166444740346
0.874301675977654 0.624750499001996
0.875232774674115 0.625
0.875232774674115 0.624584717607973
0.876163873370577 0.624833997343958
0.876163873370577 0.624419376244194
0.877094972067039 0.624668435013263
0.877094972067039 0.624254473161034
0.877094972067039 0.623841059602649
0.878026070763501 0.624090006618134
0.878957169459963 0.624338624338624
0.879888268156425 0.624586913417052
0.880819366852886 0.624834874504623
0.881750465549348 0.625082508250825
0.88268156424581 0.62532981530343
0.883612662942272 0.625576796308504
0.883612662942272 0.625164690382082
0.883612662942272 0.624753127057274
0.883612662942272 0.624342105263158
0.883612662942272 0.623931623931624
0.883612662942272 0.623521681997372
0.884543761638734 0.623768877216021
0.885474860335196 0.624015748031496
0.885474860335196 0.623606557377049
0.886405959031657 0.623853211009174
0.886405959031657 0.623444662737394
0.886405959031657 0.62303664921466
0.886405959031657 0.622629169391759
0.887337057728119 0.622875816993464
0.888268156424581 0.623122142390594
0.888268156424581 0.622715404699739
0.888268156424581 0.622309197651663
0.888268156424581 0.621903520208605
0.888268156424581 0.621498371335505
0.888268156424581 0.62109375
0.888268156424581 0.620689655172414
0.889199255121043 0.620936280884265
0.890130353817505 0.621182586094867
0.891061452513967 0.621428571428571
0.891061452513967 0.621025308241402
0.891061452513967 0.620622568093385
0.891992551210428 0.620868438107583
0.89292364990689 0.621113989637306
0.893854748603352 0.621359223300971
0.894785847299814 0.621604139715395
0.894785847299814 0.62120232708468
0.894785847299814 0.620801033591731
0.894785847299814 0.620400258231117
0.894785847299814 0.62
0.894785847299814 0.61960025789813
0.894785847299814 0.619201030927835
0.895716945996276 0.619446233097231
0.896648044692737 0.61969111969112
0.896648044692737 0.619292604501608
0.896648044692737 0.618894601542416
0.896648044692737 0.61849710982659
0.897579143389199 0.618741976893453
0.897579143389199 0.618345093008339
0.897579143389199 0.617948717948718
0.898510242085661 0.618193465727098
0.898510242085661 0.617797695262484
0.898510242085661 0.617402431222009
0.898510242085661 0.617007672634271
0.898510242085661 0.616613418530351
0.898510242085661 0.616219667943806
0.898510242085661 0.615826419910657
0.899441340782123 0.616071428571429
0.899441340782123 0.615678776290631
0.899441340782123 0.615286624203822
0.899441340782123 0.614894971355824
0.900372439478585 0.615139949109415
0.900372439478585 0.61474888747616
0.901303538175047 0.614993646759847
0.901303538175047 0.614603174603175
0.902234636871508 0.614847715736041
0.909683426443203 0.609862671660425
0.909683426443203 0.609482220835933
0.909683426443203 0.609102244389027
0.909683426443203 0.608722741433022
0.909683426443203 0.608343711083437
0.909683426443203 0.607965152457996
0.910614525139665 0.608208955223881
0.910614525139665 0.607830950901181
0.910614525139665 0.607453416149068
0.911545623836127 0.607697082557418
0.912476722532588 0.607940446650124
0.91340782122905 0.608183508989461
0.914338919925512 0.608426270136307
0.914338919925512 0.608049535603715
0.914338919925512 0.607673267326733
0.915270018621974 0.607915893630179
0.915270018621974 0.607540173053152
0.915270018621974 0.607164916615195
0.915270018621974 0.60679012345679
0.915270018621974 0.606415792720543
0.915270018621974 0.606041923551171
0.915270018621974 0.605668515095502
0.915270018621974 0.605295566502463
0.916201117318436 0.605538461538462
0.916201117318436 0.605166051660517
0.916201117318436 0.60479409956976
0.916201117318436 0.604422604422604
0.916201117318436 0.604051565377532
0.916201117318436 0.603680981595092
0.916201117318436 0.603310852237891
0.916201117318436 0.602941176470588
0.916201117318436 0.60257195345989
0.916201117318436 0.602203182374541
0.916201117318436 0.601834862385321
0.916201117318436 0.601466992665037
0.916201117318436 0.601099572388516
0.916201117318436 0.600732600732601
0.916201117318436 0.600366076876144
0.916201117318436 0.6
0.917132216014898 0.600243753808653
0.918063314711359 0.600487210718636
0.918994413407821 0.600730371272063
0.918994413407821 0.60036496350365
0.918994413407821 0.6
0.918994413407821 0.599635479951397
0.918994413407821 0.599271402550091
0.918994413407821 0.598907766990291
0.919925512104283 0.599151000606428
0.920856610800745 0.599393939393939
0.920856610800745 0.599030890369473
0.921787709497207 0.599273607748184
0.921787709497207 0.598911070780399
0.921787709497207 0.598548972188634
0.921787709497207 0.598187311178248
0.921787709497207 0.597826086956522
0.922718808193669 0.598068799034399
0.92364990689013 0.598311218335344
0.92364990689013 0.597950572634117
0.92364990689013 0.597590361445783
0.92364990689013 0.597230583985551
0.924581005586592 0.597472924187726
0.925512104283054 0.597714972940469
0.925512104283054 0.597355769230769
0.925512104283054 0.596996996996997
0.926443202979516 0.597238895558223
0.926443202979516 0.596880623875225
0.926443202979516 0.59652278177458
0.926443202979516 0.596165368484122
0.926443202979516 0.595808383233533
0.927374301675978 0.59605026929982
0.927374301675978 0.595693779904306
0.927374301675978 0.595337716676629
0.927374301675978 0.594982078853047
0.927374301675978 0.594626865671642
0.927374301675978 0.594272076372315
0.927374301675978 0.59391771019678
0.927374301675978 0.593563766388558
0.927374301675978 0.593210244192972
0.928305400372439 0.593452380952381
0.928305400372439 0.593099345627603
0.928305400372439 0.592746730083234
0.928305400372439 0.592394533571004
0.929236499068901 0.592636579572447
0.930167597765363 0.592878338278932
0.930167597765363 0.592526690391459
0.930167597765363 0.592175459395376
0.930167597765363 0.591824644549763
0.931098696461825 0.59206631142688
0.931098696461825 0.591715976331361
0.931098696461825 0.591366055588409
0.931098696461825 0.591016548463357
0.931098696461825 0.590667454223272
0.931098696461825 0.590318772136954
0.931098696461825 0.589970501474926
0.931098696461825 0.589622641509434
0.931098696461825 0.589275191514437
0.932029795158287 0.589517078916372
0.932960893854749 0.589758681577399
0.93389199255121 0.59
0.93389199255121 0.589653145208701
0.93389199255121 0.58930669800235
0.93389199255121 0.588960657662948
0.93389199255121 0.588615023474178
0.93389199255121 0.588269794721408
0.934823091247672 0.588511137162954
0.935754189944134 0.588752196836555
0.935754189944134 0.588407494145199
0.936685288640596 0.588648332358104
0.936685288640596 0.588304093567251
0.936685288640596 0.587960257159556
0.937616387337058 0.588200934579439
0.937616387337058 0.587857559836544
0.937616387337058 0.587514585764294
0.937616387337058 0.587172011661808
0.937616387337058 0.586829836829837
0.937616387337058 0.586488060570763
0.937616387337058 0.586146682188591
0.937616387337058 0.585805700988947
0.937616387337058 0.58546511627907
0.937616387337058 0.585124927367809
0.937616387337058 0.584785133565621
0.93854748603352 0.585026117237377
0.93854748603352 0.584686774941995
0.939478584729981 0.584927536231884
0.939478584729981 0.584588644264195
0.939478584729981 0.584250144759699
0.940409683426443 0.584490740740741
0.940409683426443 0.584152689415847
0.940409683426443 0.583815028901734
0.940409683426443 0.583477758521086
0.940409683426443 0.583140877598152
0.941340782122905 0.583381419503751
0.941340782122905 0.583044982698962
0.942271880819367 0.58328530259366
0.942271880819367 0.58294930875576
0.942271880819367 0.582613701784686
0.942271880819367 0.582278481012658
0.942271880819367 0.581943645773433
0.942271880819367 0.581609195402299
0.942271880819367 0.581275129236071
0.942271880819367 0.580941446613088
0.942271880819367 0.580608146873207
0.942271880819367 0.580275229357798
0.942271880819367 0.579942693409742
0.942271880819367 0.579610538373425
0.943202979515829 0.579851173440183
0.94413407821229 0.580091533180778
0.94413407821229 0.579759862778731
0.94413407821229 0.579428571428571
0.94413407821229 0.579097658480868
0.945065176908752 0.579337899543379
0.945065176908752 0.579007415858528
0.945996275605214 0.579247434435576
0.945996275605214 0.578917378917379
0.946927374301676 0.579157175398633
0.946927374301676 0.578827546955037
0.946927374301676 0.578498293515358
0.946927374301676 0.578169414440023
0.946927374301676 0.577840909090909
0.946927374301676 0.577512776831346
0.946927374301676 0.577185017026107
0.946927374301676 0.576857629041407
0.946927374301676 0.576530612244898
0.946927374301676 0.576203966005666
0.946927374301676 0.575877689694224
0.947858472998138 0.576117713638936
0.947858472998138 0.57579185520362
0.947858472998138 0.575466365178067
0.947858472998138 0.575141242937853
0.947858472998138 0.574816487859966
0.947858472998138 0.574492099322799
0.947858472998138 0.574168076706148
0.947858472998138 0.573844419391206
0.9487895716946 0.574084507042254
0.9487895716946 0.573761261261261
0.949720670391061 0.574001125492403
0.949720670391061 0.573678290213723
0.950651769087523 0.573917931422147
0.950651769087523 0.573595505617978
0.950651769087523 0.573273441886581
0.951582867783985 0.57351290684624
0.951582867783985 0.573191250701066
0.951582867783985 0.572869955156951
0.951582867783985 0.572549019607843
0.951582867783985 0.572228443449048
0.951582867783985 0.571908226077224
0.951582867783985 0.57158836689038
0.951582867783985 0.57126886528787
0.951582867783985 0.570949720670391
0.951582867783985 0.570630932439978
0.951582867783985 0.5703125
0.951582867783985 0.569994422755159
0.951582867783985 0.569676700111483
0.951582867783985 0.569359331476323
0.952513966480447 0.569599109131403
0.953445065176909 0.569838619922092
0.953445065176909 0.569521690767519
0.953445065176909 0.569205113952196
0.953445065176909 0.568888888888889
0.953445065176909 0.568573014991671
0.953445065176909 0.568257491675916
0.953445065176909 0.567942318358292
0.954376163873371 0.568181818181818
0.954376163873371 0.56786703601108
0.954376163873371 0.567552602436323
0.955307262569832 0.567791920309906
0.955307262569832 0.567477876106195
0.956238361266294 0.567716970702045
0.956238361266294 0.567403314917127
0.957169459962756 0.567642186637217
0.957169459962756 0.567328918322296
0.957169459962756 0.567015995587424
0.957169459962756 0.56670341786108
0.957169459962756 0.566391184573003
0.957169459962756 0.566079295154185
0.957169459962756 0.565767749036874
0.957169459962756 0.565456545654565
0.957169459962756 0.565145684442001
0.957169459962756 0.564835164835165
0.957169459962756 0.56452498627128
0.957169459962756 0.564215148188803
0.958100558659218 0.564454196379594
0.958100558659218 0.564144736842105
0.95903165735568 0.564383561643836
0.95903165735568 0.56407447973713
0.95903165735568 0.563765736179529
0.95903165735568 0.563457330415755
0.95903165735568 0.563149261891744
0.95903165735568 0.562841530054645
0.95903165735568 0.562534134352813
0.95903165735568 0.562227074235808
0.95903165735568 0.561920349154392
0.95903165735568 0.561613958560523
0.95903165735568 0.561307901907357
0.95903165735568 0.561002178649238
0.95903165735568 0.560696788241698
0.959962756052142 0.560935799782372
0.959962756052142 0.56063077759652
0.960893854748603 0.560869565217391
0.961824953445065 0.561108093427485
0.961824953445065 0.560803474484256
0.961824953445065 0.560499186109604
0.961824953445065 0.560195227765727
0.961824953445065 0.559891598915989
0.961824953445065 0.559588299024919
0.961824953445065 0.559285327558202
0.961824953445065 0.558982683982684
0.961824953445065 0.55868036776636
0.961824953445065 0.558378378378378
0.961824953445065 0.558076715289033
0.961824953445065 0.557775377969762
0.962756052141527 0.558014031300594
0.962756052141527 0.557713052858684
0.963687150837989 0.557951482479784
0.963687150837989 0.557650862068966
0.963687150837989 0.55735056542811
0.964618249534451 0.557588805166846
0.964618249534451 0.557288864981173
0.965549348230912 0.55752688172043
0.965549348230912 0.557227297152069
0.965549348230912 0.556928034371643
0.965549348230912 0.556629092860977
0.966480446927374 0.5568669527897
0.966480446927374 0.55656836461126
0.967411545623836 0.556806002143623
0.967411545623836 0.556507766470273
0.967411545623836 0.556209850107066
0.967411545623836 0.555912252541466
0.967411545623836 0.555614973262032
0.967411545623836 0.555318011758418
0.967411545623836 0.555021367521368
0.968342644320298 0.555258942872397
0.96927374301676 0.555496264674493
0.96927374301676 0.5552
0.96927374301676 0.554904051172708
0.96927374301676 0.5546084176878
0.96927374301676 0.554313099041534
0.96927374301676 0.55401809473124
0.96927374301676 0.553723404255319
0.96927374301676 0.553429027113238
0.96927374301676 0.553134962805526
0.96927374301676 0.552841210833776
0.970204841713222 0.55307855626327
0.971135940409683 0.553315649867374
0.971135940409683 0.553022269353128
0.971135940409683 0.552729199788023
0.971135940409683 0.552436440677966
0.972067039106145 0.552673372154579
0.972067039106145 0.552380952380952
0.972998137802607 0.552617662612374
0.973929236499069 0.552854122621565
0.974860335195531 0.553090332805071
0.974860335195531 0.552798310454065
0.974860335195531 0.552506596306069
0.974860335195531 0.552215189873418
0.974860335195531 0.551924090669478
0.974860335195531 0.551633298208641
0.974860335195531 0.551342812006319
0.974860335195531 0.551052631578947
0.974860335195531 0.550762756443977
0.974860335195531 0.550473186119874
0.974860335195531 0.550183920126117
0.975791433891993 0.550420168067227
0.975791433891993 0.550131233595801
0.975791433891993 0.549842602308499
0.975791433891993 0.549554273728369
0.975791433891993 0.549266247379455
0.975791433891993 0.548978522786799
0.975791433891993 0.54869109947644
0.975791433891993 0.548403976975406
0.975791433891993 0.548117154811716
0.975791433891993 0.547830632514375
0.975791433891993 0.547544409613375
0.975791433891993 0.547258485639687
0.975791433891993 0.546972860125261
0.975791433891993 0.546687532603026
0.975791433891993 0.546402502606882
0.975791433891993 0.546117769671704
0.975791433891993 0.545833333333333
0.976722532588454 0.546069755335763
0.976722532588454 0.545785639958377
0.977653631284916 0.546021840873635
0.977653631284916 0.545738045738046
0.977653631284916 0.545454545454545
0.977653631284916 0.545171339563863
0.977653631284916 0.54488842760768
0.977653631284916 0.544605809128631
0.977653631284916 0.544323483670295
0.977653631284916 0.544041450777202
0.977653631284916 0.543759709994821
0.977653631284916 0.543478260869565
0.977653631284916 0.543197102948784
0.977653631284916 0.542916235780765
0.978584729981378 0.543152454780362
0.978584729981378 0.542871900826446
0.978584729981378 0.542591636551368
0.978584729981378 0.542311661506708
0.978584729981378 0.542031975244972
0.978584729981378 0.541752577319588
0.978584729981378 0.541473467284905
0.978584729981378 0.541194644696189
0.978584729981378 0.540916109109624
0.978584729981378 0.540637860082305
0.978584729981378 0.540359897172237
0.978584729981378 0.540082219938335
0.978584729981378 0.539804827940421
0.978584729981378 0.53952772073922
0.978584729981378 0.539250897896357
0.978584729981378 0.538974358974359
0.978584729981378 0.538698103536648
0.978584729981378 0.538422131147541
0.978584729981378 0.538146441372248
0.978584729981378 0.537871033776868
0.97951582867784 0.538107416879795
0.97951582867784 0.537832310838446
0.97951582867784 0.537557485947879
0.97951582867784 0.537282941777324
0.97951582867784 0.537008677896886
0.97951582867784 0.536734693877551
0.980446927374302 0.536970933197348
0.980446927374302 0.536697247706422
0.980446927374302 0.536423841059603
0.981378026070764 0.536659877800407
0.981378026070764 0.536386768447837
0.981378026070764 0.536113936927772
0.982309124767225 0.536349771225216
0.982309124767225 0.536077235772358
0.982309124767225 0.535804977145759
0.982309124767225 0.535532994923858
0.982309124767225 0.535261288685946
0.982309124767225 0.53498985801217
0.982309124767225 0.534718702483528
0.983240223463687 0.534954407294833
0.983240223463687 0.534683544303797
0.983240223463687 0.534412955465587
0.983240223463687 0.534142640364188
0.984171322160149 0.534378159757331
0.984171322160149 0.53410813542193
0.984171322160149 0.533838383838384
0.985102420856611 0.534073700151439
0.985102420856611 0.53380423814329
0.985102420856611 0.533535047907211
0.985102420856611 0.533266129032258
0.985102420856611 0.532997481108312
0.985102420856611 0.532729103726083
0.985102420856611 0.532460996477101
0.985102420856611 0.532193158953722
0.985102420856611 0.53192559074912
0.985102420856611 0.531658291457286
0.986033519553073 0.531893520843797
0.986033519553073 0.531626506024096
0.986033519553073 0.53135975915705
0.986033519553073 0.531093279839519
0.986033519553073 0.530827067669173
0.986033519553073 0.530561122244489
0.986033519553073 0.530295443164747
0.986033519553073 0.53003003003003
0.986033519553073 0.529764882441221
0.986033519553073 0.5295
0.986033519553073 0.529235382308846
0.986033519553073 0.528971028971029
0.986033519553073 0.528706939590614
0.986033519553073 0.528443113772455
0.986033519553073 0.528179551122195
0.986964618249534 0.528414755732802
0.986964618249534 0.528151469855506
0.986964618249534 0.527888446215139
0.986964618249534 0.527625684420109
0.986964618249534 0.527363184079602
0.986964618249534 0.52710094480358
0.986964618249534 0.526838966202783
0.986964618249534 0.526577247888723
0.986964618249534 0.526315789473684
0.986964618249534 0.52605459057072
0.986964618249534 0.525793650793651
0.986964618249534 0.525532969757065
0.986964618249534 0.525272547076313
0.986964618249534 0.525012382367509
0.986964618249534 0.524752475247525
0.986964618249534 0.524492825333993
0.986964618249534 0.524233432245302
0.986964618249534 0.523974295600593
0.986964618249534 0.523715415019763
0.987895716945996 0.523950617283951
0.987895716945996 0.523692003948667
0.987895716945996 0.523433645781944
0.987895716945996 0.523175542406312
0.987895716945996 0.522917693445047
0.987895716945996 0.522660098522167
0.988826815642458 0.522895125553914
0.988826815642458 0.522637795275591
0.988826815642458 0.522380718150516
0.988826815642458 0.52212389380531
0.98975791433892 0.522358722358722
0.98975791433892 0.522102161100196
0.98975791433892 0.521845851742759
0.98975791433892 0.521589793915604
0.98975791433892 0.521333987248651
0.98975791433892 0.521078431372549
0.98975791433892 0.520823125918667
0.98975791433892 0.520568070519099
0.98975791433892 0.520313264806657
0.98975791433892 0.520058708414873
0.98975791433892 0.519804400977995
0.98975791433892 0.519550342130987
0.990689013035382 0.519785051294577
0.991620111731844 0.52001953125
0.991620111731844 0.519765739385066
0.991620111731844 0.519512195121951
0.991620111731844 0.519258898098489
0.991620111731844 0.519005847953216
0.991620111731844 0.518753044325377
0.991620111731844 0.518500486854917
0.991620111731844 0.518248175182482
0.991620111731844 0.517996108949416
0.991620111731844 0.517744287797764
0.991620111731844 0.517492711370262
0.991620111731844 0.517241379310345
0.992551210428305 0.51747572815534
0.992551210428305 0.517224648229015
0.992551210428305 0.516973811833172
0.993482309124767 0.517207949587979
0.993482309124767 0.516957364341085
0.993482309124767 0.516707021791768
0.993482309124767 0.516456921587609
0.993482309124767 0.516207063376875
0.993482309124767 0.515957446808511
0.993482309124767 0.515708071532141
0.993482309124767 0.515458937198068
0.993482309124767 0.515210043457267
0.993482309124767 0.51496138996139
0.993482309124767 0.514712976362759
0.993482309124767 0.514464802314368
0.993482309124767 0.514216867469879
0.993482309124767 0.513969171483622
0.993482309124767 0.513721714010592
0.993482309124767 0.513474494706448
0.993482309124767 0.513227513227513
0.993482309124767 0.512980769230769
0.993482309124767 0.512734262373859
0.993482309124767 0.512487992315082
0.993482309124767 0.512241958713394
0.994413407821229 0.512476007677543
0.994413407821229 0.512230215827338
0.994413407821229 0.511984659635666
0.994413407821229 0.511739338763776
0.994413407821229 0.511494252873563
0.995344506517691 0.511728099569172
0.995344506517691 0.511483253588517
0.995344506517691 0.511238641798183
0.995344506517691 0.510994263862333
0.995344506517691 0.510750119445772
0.995344506517691 0.510506208213945
0.995344506517691 0.510262529832936
0.996275605214153 0.510496183206107
0.996275605214153 0.510252742012399
0.996275605214153 0.510009532888465
0.996275605214153 0.50976655550262
0.996275605214153 0.509523809523809
0.996275605214153 0.509281294621609
0.996275605214153 0.509039010466223
0.996275605214153 0.508796956728483
0.996275605214153 0.508555133079848
0.996275605214153 0.508313539192399
0.997206703910615 0.508547008547009
0.997206703910615 0.508305647840532
0.998137802607076 0.50853889943074
0.998137802607076 0.508297771455666
0.998137802607076 0.508056872037915
0.998137802607076 0.507816200852676
0.998137802607076 0.507575757575758
0.998137802607076 0.507335541883578
0.999068901303538 0.507568590350047
0.999068901303538 0.507328605200946
0.999068901303538 0.507088846880907
0.999068901303538 0.506849315068493
0.999068901303538 0.506610009442871
0.999068901303538 0.506370929683813
0.999068901303538 0.506132075471698
0.999068901303538 0.505893446487506
0.999068901303538 0.505655042412818
0.999068901303538 0.505416862929816
0.999068901303538 0.505178907721281
0.999068901303538 0.504941176470588
0.999068901303538 0.504703668861712
0.999068901303538 0.50446638457922
0.999068901303538 0.504229323308271
0.999068901303538 0.503992484734617
0.999068901303538 0.503755868544601
0.999068901303538 0.503519474425153
0.999068901303538 0.50328330206379
0.999068901303538 0.503047351148617
0.999068901303538 0.502811621368322
0.999068901303538 0.502576112412178
0.999068901303538 0.502340823970037
0.999068901303538 0.502105755732335
0.999068901303538 0.501870907390084
0.999068901303538 0.501636278634876
0.999068901303538 0.501401869158879
1 0.501634750116768
1 0.50140056022409
1 0.501166588894074
1 0.500932835820896
1 0.500699300699301
1 0.500465983224604
1 0.500232883092687
