0 NA
0.00093984962406015 1
0.0018796992481203 1
0.00281954887218045 1
0.0037593984962406 1
0.00469924812030075 1
0.0056390977443609 1
0.00657894736842105 1
0.0075187969924812 1
0.00845864661654135 1
0.0093984962406015 1
0.0103383458646617 1
0.0112781954887218 1
0.012218045112782 1
0.0131578947368421 1
0.0140977443609023 1
0.0150375939849624 1
0.0159774436090226 1
0.0169172932330827 1
0.0178571428571429 1
0.018796992481203 1
0.0197368421052632 1
0.0197368421052632 0.954545454545455
0.0206766917293233 0.956521739130435
0.0216165413533835 0.958333333333333
0.0225563909774436 0.96
0.0225563909774436 0.923076923076923
0.0234962406015038 0.925925925925926
0.0244360902255639 0.928571428571429
0.0253759398496241 0.931034482758621
0.0263157894736842 0.933333333333333
0.0272556390977444 0.935483870967742
0.0281954887218045 0.9375
0.0281954887218045 0.909090909090909
0.0281954887218045 0.882352941176471
0.0291353383458647 0.885714285714286
0.0300751879699248 0.888888888888889
0.031015037593985 0.891891891891892
0.0319548872180451 0.894736842105263
0.0328947368421053 0.897435897435897
0.0338345864661654 0.9
0.0347744360902256 0.902439024390244
0.0347744360902256 0.880952380952381
0.0357142857142857 0.883720930232558
0.0366541353383459 0.886363636363636
0.037593984962406 0.888888888888889
0.0385338345864662 0.891304347826087
0.0394736842105263 0.893617021276596
0.0404135338345865 0.895833333333333
0.0413533834586466 0.897959183673469
0.0422932330827068 0.9
0.0432330827067669 0.901960784313726
0.0432330827067669 0.884615384615385
0.0432330827067669 0.867924528301887
0.0441729323308271 0.87037037037037
0.0451127819548872 0.872727272727273
0.0451127819548872 0.857142857142857
0.0460526315789474 0.859649122807018
0.0469924812030075 0.862068965517241
0.0479323308270677 0.864406779661017
0.0488721804511278 0.866666666666667
0.0488721804511278 0.852459016393443
0.049812030075188 0.854838709677419
0.049812030075188 0.841269841269841
0.0507518796992481 0.84375
0.0516917293233083 0.846153846153846
0.0516917293233083 0.833333333333333
0.0526315789473684 0.835820895522388
0.0526315789473684 0.823529411764706
0.0535714285714286 0.826086956521739
0.0545112781954887 0.828571428571429
0.0554511278195489 0.830985915492958
0.056390977443609 0.833333333333333
0.0573308270676692 0.835616438356164
0.0582706766917293 0.837837837837838
0.0592105263157895 0.84
0.0601503759398496 0.842105263157895
0.0610902255639098 0.844155844155844
0.0620300751879699 0.846153846153846
0.0629699248120301 0.848101265822785
0.0629699248120301 0.8375
0.0639097744360902 0.839506172839506
0.0648496240601504 0.841463414634146
0.0657894736842105 0.843373493975904
0.0667293233082707 0.845238095238095
0.0676691729323308 0.847058823529412
0.068609022556391 0.848837209302326
0.0695488721804511 0.850574712643678
0.0704887218045113 0.852272727272727
0.0704887218045113 0.842696629213483
0.0704887218045113 0.833333333333333
0.0714285714285714 0.835164835164835
0.0723684210526316 0.83695652173913
0.0733082706766917 0.838709677419355
0.0742481203007519 0.840425531914894
0.075187969924812 0.842105263157895
0.075187969924812 0.833333333333333
0.0761278195488722 0.835051546391753
0.0770676691729323 0.836734693877551
0.0780075187969925 0.838383838383838
0.0789473684210526 0.84
0.0798872180451128 0.841584158415842
0.0808270676691729 0.843137254901961
0.0808270676691729 0.83495145631068
0.0817669172932331 0.836538461538462
0.0817669172932331 0.828571428571429
0.0827067669172932 0.830188679245283
0.0836466165413534 0.831775700934579
0.0845864661654135 0.833333333333333
0.0855263157894737 0.834862385321101
0.0855263157894737 0.827272727272727
0.0864661654135338 0.828828828828829
0.0864661654135338 0.821428571428571
0.087406015037594 0.823008849557522
0.087406015037594 0.815789473684211
0.0883458646616541 0.817391304347826
0.0883458646616541 0.810344827586207
0.0883458646616541 0.803418803418803
0.0883458646616541 0.796610169491525
0.0892857142857143 0.798319327731092
0.0892857142857143 0.791666666666667
0.0892857142857143 0.785123966942149
0.0902255639097744 0.786885245901639
0.0911654135338346 0.788617886178862
0.0921052631578947 0.790322580645161
0.0930451127819549 0.792
0.0930451127819549 0.785714285714286
0.093984962406015 0.78740157480315
0.0949248120300752 0.7890625
0.0958646616541353 0.790697674418605
0.0968045112781955 0.792307692307692
0.0977443609022556 0.793893129770992
0.0986842105263158 0.795454545454545
0.0996240601503759 0.796992481203007
0.0996240601503759 0.791044776119403
0.100563909774436 0.792592592592593
0.101503759398496 0.794117647058823
0.101503759398496 0.788321167883212
0.102443609022556 0.789855072463768
0.102443609022556 0.784172661870504
0.103383458646617 0.785714285714286
0.104323308270677 0.787234042553192
0.104323308270677 0.78169014084507
0.104323308270677 0.776223776223776
0.105263157894737 0.777777777777778
0.106203007518797 0.779310344827586
0.107142857142857 0.780821917808219
0.108082706766917 0.782312925170068
0.109022556390977 0.783783783783784
0.109022556390977 0.778523489932886
0.109962406015038 0.78
0.109962406015038 0.774834437086093
0.110902255639098 0.776315789473684
0.111842105263158 0.777777777777778
0.111842105263158 0.772727272727273
0.112781954887218 0.774193548387097
0.113721804511278 0.775641025641026
0.114661654135338 0.777070063694268
0.115601503759398 0.778481012658228
0.116541353383459 0.779874213836478
0.117481203007519 0.78125
0.117481203007519 0.77639751552795
0.118421052631579 0.777777777777778
0.119360902255639 0.779141104294479
0.120300751879699 0.780487804878049
0.120300751879699 0.775757575757576
0.121240601503759 0.77710843373494
0.12218045112782 0.778443113772455
0.12218045112782 0.773809523809524
0.12218045112782 0.769230769230769
0.12312030075188 0.770588235294118
0.12406015037594 0.771929824561403
0.125 0.773255813953488
0.12593984962406 0.774566473988439
0.12687969924812 0.775862068965517
0.12781954887218 0.777142857142857
0.12781954887218 0.772727272727273
0.12781954887218 0.768361581920904
0.128759398496241 0.769662921348315
0.129699248120301 0.770949720670391
0.130639097744361 0.772222222222222
0.130639097744361 0.767955801104972
0.131578947368421 0.769230769230769
0.132518796992481 0.770491803278688
0.133458646616541 0.771739130434783
0.134398496240602 0.772972972972973
0.135338345864662 0.774193548387097
0.136278195488722 0.775401069518717
0.137218045112782 0.776595744680851
0.138157894736842 0.777777777777778
0.138157894736842 0.773684210526316
0.139097744360902 0.774869109947644
0.140037593984962 0.776041666666667
0.140977443609023 0.77720207253886
0.140977443609023 0.77319587628866
0.140977443609023 0.769230769230769
0.141917293233083 0.770408163265306
0.141917293233083 0.766497461928934
0.142857142857143 0.767676767676768
0.143796992481203 0.768844221105528
0.144736842105263 0.77
0.144736842105263 0.766169154228856
0.144736842105263 0.762376237623762
0.145676691729323 0.763546798029557
0.146616541353383 0.764705882352941
0.147556390977444 0.765853658536585
0.148496240601504 0.766990291262136
0.149436090225564 0.768115942028985
0.150375939849624 0.769230769230769
0.150375939849624 0.76555023923445
0.151315789473684 0.766666666666667
0.152255639097744 0.767772511848341
0.153195488721805 0.768867924528302
0.154135338345865 0.769953051643192
0.155075187969925 0.771028037383178
0.156015037593985 0.772093023255814
0.156954887218045 0.773148148148148
0.157894736842105 0.774193548387097
0.158834586466165 0.775229357798165
0.159774436090226 0.776255707762557
0.159774436090226 0.772727272727273
0.160714285714286 0.773755656108597
0.161654135338346 0.774774774774775
0.161654135338346 0.771300448430493
0.162593984962406 0.772321428571429
0.163533834586466 0.773333333333333
0.164473684210526 0.774336283185841
0.164473684210526 0.770925110132159
0.165413533834586 0.771929824561403
0.166353383458647 0.77292576419214
0.167293233082707 0.773913043478261
0.167293233082707 0.770562770562771
0.168233082706767 0.771551724137931
0.169172932330827 0.772532188841202
0.169172932330827 0.769230769230769
0.170112781954887 0.770212765957447
0.171052631578947 0.771186440677966
0.171992481203008 0.772151898734177
0.172932330827068 0.773109243697479
0.173872180451128 0.774058577405858
0.173872180451128 0.770833333333333
0.173872180451128 0.767634854771784
0.173872180451128 0.764462809917355
0.174812030075188 0.765432098765432
0.175751879699248 0.766393442622951
0.176691729323308 0.76734693877551
0.177631578947368 0.768292682926829
0.177631578947368 0.765182186234818
0.177631578947368 0.762096774193548
0.178571428571429 0.763052208835341
0.179511278195489 0.764
0.180451127819549 0.764940239043825
0.181390977443609 0.765873015873016
0.182330827067669 0.766798418972332
0.183270676691729 0.767716535433071
0.184210526315789 0.768627450980392
0.18515037593985 0.76953125
0.18609022556391 0.770428015564202
0.18703007518797 0.771317829457364
0.18796992481203 0.772200772200772
0.18890977443609 0.773076923076923
0.18984962406015 0.773946360153257
0.18984962406015 0.770992366412214
0.190789473684211 0.771863117870722
0.190789473684211 0.768939393939394
0.191729323308271 0.769811320754717
0.192669172932331 0.770676691729323
0.193609022556391 0.771535580524345
0.194548872180451 0.772388059701492
0.195488721804511 0.773234200743494
0.196428571428571 0.774074074074074
0.196428571428571 0.771217712177122
0.197368421052632 0.772058823529412
0.198308270676692 0.772893772893773
0.198308270676692 0.77007299270073
0.199248120300752 0.770909090909091
0.200187969924812 0.771739130434783
0.200187969924812 0.768953068592058
0.200187969924812 0.766187050359712
0.201127819548872 0.767025089605735
0.201127819548872 0.764285714285714
0.202067669172932 0.765124555160142
0.203007518796992 0.765957446808511
0.203947368421053 0.76678445229682
0.203947368421053 0.764084507042254
0.204887218045113 0.764912280701754
0.205827067669173 0.765734265734266
0.206766917293233 0.766550522648084
0.207706766917293 0.767361111111111
0.208646616541353 0.768166089965398
0.209586466165414 0.768965517241379
0.210526315789474 0.769759450171821
0.211466165413534 0.770547945205479
0.212406015037594 0.771331058020478
0.213345864661654 0.772108843537415
0.214285714285714 0.772881355932203
0.214285714285714 0.77027027027027
0.214285714285714 0.767676767676768
0.215225563909774 0.768456375838926
0.216165413533835 0.769230769230769
0.217105263157895 0.77
0.217105263157895 0.767441860465116
0.218045112781955 0.768211920529801
0.218045112781955 0.765676567656766
0.218984962406015 0.766447368421053
0.219924812030075 0.767213114754098
0.220864661654135 0.76797385620915
0.221804511278195 0.768729641693811
0.222744360902256 0.769480519480519
0.223684210526316 0.770226537216828
0.224624060150376 0.770967741935484
0.225563909774436 0.771704180064309
0.226503759398496 0.772435897435897
0.226503759398496 0.769968051118211
0.227443609022556 0.770700636942675
0.228383458646617 0.771428571428571
0.229323308270677 0.772151898734177
0.230263157894737 0.772870662460568
0.231203007518797 0.773584905660377
0.232142857142857 0.774294670846395
0.232142857142857 0.771875
0.232142857142857 0.769470404984424
0.233082706766917 0.770186335403727
0.234022556390977 0.770897832817337
0.234962406015038 0.771604938271605
0.234962406015038 0.769230769230769
0.235902255639098 0.769938650306748
0.235902255639098 0.767584097859327
0.236842105263158 0.768292682926829
0.237781954887218 0.768996960486322
0.238721804511278 0.76969696969697
0.239661654135338 0.770392749244713
0.240601503759398 0.771084337349398
0.240601503759398 0.768768768768769
0.241541353383459 0.769461077844311
0.242481203007519 0.770149253731343
0.243421052631579 0.770833333333333
0.244360902255639 0.771513353115727
0.244360902255639 0.769230769230769
0.245300751879699 0.769911504424779
0.246240601503759 0.770588235294118
0.246240601503759 0.768328445747801
0.24718045112782 0.769005847953216
0.24812030075188 0.769679300291545
0.24906015037594 0.770348837209302
0.24906015037594 0.768115942028985
0.24906015037594 0.765895953757225
0.24906015037594 0.763688760806916
0.25 0.764367816091954
0.25093984962406 0.765042979942693
0.25187969924812 0.765714285714286
0.25187969924812 0.763532763532764
0.25187969924812 0.761363636363636
0.25281954887218 0.762039660056657
0.25281954887218 0.759887005649718
0.25281954887218 0.757746478873239
0.25281954887218 0.75561797752809
0.253759398496241 0.756302521008403
0.254699248120301 0.756983240223464
0.255639097744361 0.757660167130919
0.256578947368421 0.758333333333333
0.257518796992481 0.759002770083102
0.258458646616541 0.759668508287293
0.258458646616541 0.757575757575758
0.259398496240602 0.758241758241758
0.260338345864662 0.758904109589041
0.261278195488722 0.759562841530055
0.262218045112782 0.760217983651226
0.263157894736842 0.760869565217391
0.264097744360902 0.761517615176152
0.265037593984962 0.762162162162162
0.266917293233083 0.763440860215054
0.267857142857143 0.764075067024129
0.268796992481203 0.764705882352941
0.269736842105263 0.765333333333333
0.270676691729323 0.765957446808511
0.271616541353383 0.76657824933687
0.271616541353383 0.764550264550265
0.272556390977444 0.765171503957784
0.273496240601504 0.765789473684211
0.274436090225564 0.766404199475066
0.275375939849624 0.767015706806283
0.276315789473684 0.767624020887728
0.277255639097744 0.768229166666667
0.278195488721804 0.768831168831169
0.278195488721804 0.766839378238342
0.279135338345865 0.767441860465116
0.279135338345865 0.765463917525773
0.280075187969925 0.766066838046273
0.281015037593985 0.766666666666667
0.281015037593985 0.764705882352941
0.281015037593985 0.762755102040816
0.281954887218045 0.763358778625954
0.281954887218045 0.761421319796954
0.281954887218045 0.759493670886076
0.282894736842105 0.76010101010101
0.283834586466165 0.760705289672544
0.283834586466165 0.758793969849246
0.283834586466165 0.756892230576441
0.284774436090226 0.7575
0.285714285714286 0.758104738154613
0.286654135338346 0.758706467661692
0.287593984962406 0.759305210918114
0.288533834586466 0.75990099009901
0.288533834586466 0.758024691358025
0.288533834586466 0.75615763546798
0.288533834586466 0.754299754299754
0.289473684210526 0.754901960784314
0.289473684210526 0.753056234718826
0.290413533834586 0.753658536585366
0.291353383458647 0.754257907542579
0.292293233082707 0.754854368932039
0.293233082706767 0.75544794188862
0.293233082706767 0.753623188405797
0.294172932330827 0.754216867469879
0.295112781954887 0.754807692307692
0.296052631578947 0.755395683453237
0.296992481203008 0.755980861244019
0.296992481203008 0.75417661097852
0.296992481203008 0.752380952380952
0.297932330827068 0.752969121140142
0.297932330827068 0.751184834123223
0.298872180451128 0.75177304964539
0.299812030075188 0.752358490566038
0.300751879699248 0.752941176470588
0.301691729323308 0.753521126760563
0.302631578947368 0.754098360655738
0.303571428571429 0.754672897196262
0.304511278195489 0.755244755244755
0.305451127819549 0.755813953488372
0.306390977443609 0.756380510440835
0.307330827067669 0.756944444444444
0.307330827067669 0.755196304849885
0.308270676691729 0.755760368663594
0.309210526315789 0.75632183908046
0.31015037593985 0.756880733944954
0.31015037593985 0.755148741418764
0.31015037593985 0.753424657534247
0.31109022556391 0.753986332574032
0.31203007518797 0.754545454545455
0.31296992481203 0.755102040816326
0.31390977443609 0.755656108597285
0.31484962406015 0.756207674943567
0.31484962406015 0.754504504504504
0.31484962406015 0.752808988764045
0.315789473684211 0.753363228699552
0.316729323308271 0.753914988814318
0.317669172932331 0.754464285714286
0.317669172932331 0.752783964365256
0.317669172932331 0.751111111111111
0.318609022556391 0.751662971175166
0.319548872180451 0.752212389380531
0.320488721804511 0.752759381898455
0.321428571428571 0.753303964757709
0.321428571428571 0.751648351648352
0.322368421052632 0.75219298245614
0.322368421052632 0.75054704595186
0.322368421052632 0.748908296943231
0.323308270676692 0.749455337690632
0.324248120300752 0.75
0.325187969924812 0.750542299349241
0.326127819548872 0.751082251082251
0.327067669172932 0.751619870410367
0.328007518796992 0.752155172413793
0.328947368421053 0.752688172043011
0.329887218045113 0.753218884120172
0.330827067669173 0.753747323340471
0.331766917293233 0.754273504273504
0.332706766917293 0.754797441364606
0.333646616541353 0.75531914893617
0.334586466165414 0.75583864118896
0.335526315789474 0.75635593220339
0.335526315789474 0.754756871035941
0.336466165413534 0.755274261603376
0.337406015037594 0.755789473684211
0.337406015037594 0.754201680672269
0.338345864661654 0.754716981132076
0.338345864661654 0.753138075313807
0.338345864661654 0.751565762004175
0.338345864661654 0.75
0.338345864661654 0.748440748440748
0.339285714285714 0.74896265560166
0.339285714285714 0.747412008281574
0.340225563909774 0.747933884297521
0.341165413533835 0.748453608247423
0.342105263157895 0.748971193415638
0.342105263157895 0.747433264887064
0.343045112781955 0.747950819672131
0.343045112781955 0.74642126789366
0.343045112781955 0.744897959183674
0.343984962406015 0.745417515274949
0.344924812030075 0.745934959349594
0.345864661654135 0.746450304259635
0.346804511278196 0.746963562753036
0.347744360902256 0.747474747474748
0.348684210526316 0.747983870967742
0.348684210526316 0.746478873239437
0.349624060150376 0.746987951807229
0.350563909774436 0.74749498997996
0.351503759398496 0.748
0.352443609022556 0.748502994011976
0.352443609022556 0.747011952191235
0.353383458646617 0.747514910536779
0.354323308270677 0.748015873015873
0.355263157894737 0.748514851485149
0.356203007518797 0.74901185770751
0.357142857142857 0.749506903353057
0.358082706766917 0.75
0.358082706766917 0.74852652259332
0.359022556390977 0.749019607843137
0.359962406015038 0.749510763209393
0.360902255639098 0.75
0.360902255639098 0.748538011695906
0.361842105263158 0.749027237354086
0.362781954887218 0.749514563106796
0.363721804511278 0.75
0.363721804511278 0.748549323017408
0.364661654135338 0.749034749034749
0.364661654135338 0.747591522157996
0.365601503759398 0.748076923076923
0.365601503759398 0.746641074856046
0.366541353383459 0.747126436781609
0.366541353383459 0.745697896749522
0.366541353383459 0.744274809160305
0.367481203007519 0.744761904761905
0.368421052631579 0.745247148288973
0.369360902255639 0.74573055028463
0.369360902255639 0.744318181818182
0.370300751879699 0.744801512287335
0.371240601503759 0.745283018867924
0.371240601503759 0.743879472693032
0.37218045112782 0.744360902255639
0.37312030075188 0.74484052532833
0.37406015037594 0.745318352059925
0.375 0.745794392523364
0.37593984962406 0.746268656716418
0.37687969924812 0.746741154562384
0.37781954887218 0.747211895910781
0.378759398496241 0.747680890538033
0.378759398496241 0.746296296296296
0.379699248120301 0.746765249537893
0.380639097744361 0.747232472324723
0.381578947368421 0.747697974217311
0.382518796992481 0.748161764705882
0.384398496240602 0.749084249084249
0.385338345864662 0.749542961608775
0.385338345864662 0.748175182481752
0.385338345864662 0.746812386156648
0.386278195488722 0.747272727272727
0.387218045112782 0.747731397459165
0.388157894736842 0.748188405797101
0.388157894736842 0.746835443037975
0.389097744360902 0.747292418772563
0.390037593984962 0.747747747747748
0.390037593984962 0.746402877697842
0.390977443609023 0.746858168761221
0.391917293233083 0.747311827956989
0.391917293233083 0.745974955277281
0.391917293233083 0.744642857142857
0.392857142857143 0.745098039215686
0.393796992481203 0.745551601423488
0.394736842105263 0.746003552397869
0.395676691729323 0.74645390070922
0.396616541353383 0.746902654867257
0.396616541353383 0.745583038869258
0.396616541353383 0.744268077601411
0.397556390977444 0.744718309859155
0.397556390977444 0.743409490333919
0.398496240601504 0.743859649122807
0.399436090225564 0.74430823117338
0.400375939849624 0.744755244755245
0.401315789473684 0.745200698080279
0.402255639097744 0.745644599303136
0.403195488721804 0.746086956521739
0.404135338345865 0.746527777777778
0.405075187969925 0.746967071057192
0.405075187969925 0.745674740484429
0.406015037593985 0.746113989637306
0.406954887218045 0.746551724137931
0.407894736842105 0.746987951807229
0.407894736842105 0.745704467353952
0.408834586466165 0.746140651801029
0.409774436090226 0.746575342465753
0.410714285714286 0.747008547008547
0.411654135338346 0.747440273037543
0.411654135338346 0.746166950596252
0.411654135338346 0.744897959183674
0.412593984962406 0.745331069609508
0.413533834586466 0.745762711864407
0.414473684210526 0.746192893401015
0.415413533834586 0.746621621621622
0.416353383458647 0.747048903878583
0.417293233082707 0.747474747474748
0.418233082706767 0.747899159663866
0.418233082706767 0.746644295302013
0.419172932330827 0.747068676716918
0.419172932330827 0.745819397993311
0.419172932330827 0.74457429048414
0.420112781954887 0.745
0.421052631578947 0.745424292845258
0.421992481203008 0.745847176079734
0.421992481203008 0.744610281923715
0.421992481203008 0.743377483443709
0.422932330827068 0.743801652892562
0.423872180451128 0.744224422442244
0.423872180451128 0.742998352553542
0.424812030075188 0.743421052631579
0.424812030075188 0.742200328407225
0.424812030075188 0.740983606557377
0.425751879699248 0.741407528641571
0.425751879699248 0.740196078431373
0.426691729323308 0.740619902120718
0.426691729323308 0.739413680781759
0.426691729323308 0.738211382113821
0.426691729323308 0.737012987012987
0.427631578947368 0.737439222042139
0.428571428571429 0.737864077669903
0.428571428571429 0.736672051696284
0.428571428571429 0.735483870967742
0.428571428571429 0.734299516908213
0.429511278195489 0.734726688102894
0.429511278195489 0.73354735152488
0.430451127819549 0.733974358974359
0.431390977443609 0.7344
0.432330827067669 0.73482428115016
0.433270676691729 0.735247208931419
0.434210526315789 0.735668789808917
0.43515037593985 0.736089030206677
0.43515037593985 0.734920634920635
0.43609022556391 0.735340729001585
0.43703007518797 0.735759493670886
0.43703007518797 0.734597156398104
0.43703007518797 0.733438485804416
0.43796992481203 0.733858267716535
0.43890977443609 0.734276729559748
0.43890977443609 0.733124018838305
0.43984962406015 0.733542319749216
0.43984962406015 0.732394366197183
0.43984962406015 0.73125
0.440789473684211 0.731669266770671
0.441729323308271 0.73208722741433
0.442669172932331 0.732503888024883
0.442669172932331 0.731366459627329
0.443609022556391 0.731782945736434
0.444548872180451 0.732198142414861
0.445488721804511 0.732612055641422
0.446428571428571 0.733024691358025
0.447368421052632 0.733436055469954
0.448308270676692 0.733846153846154
0.448308270676692 0.732718894009217
0.449248120300752 0.733128834355828
0.449248120300752 0.732006125574273
0.450187969924812 0.732415902140673
0.451127819548872 0.732824427480916
0.451127819548872 0.731707317073171
0.451127819548872 0.730593607305936
0.451127819548872 0.729483282674772
0.452067669172932 0.7298937784522
0.452067669172932 0.728787878787879
0.453007518796992 0.729198184568835
0.453007518796992 0.72809667673716
0.453007518796992 0.726998491704374
0.453947368421053 0.727409638554217
0.454887218045113 0.72781954887218
0.455827067669173 0.728228228228228
0.456766917293233 0.72863568215892
0.457706766917293 0.729041916167665
0.458646616541353 0.729446935724963
0.459586466165414 0.729850746268657
0.460526315789474 0.730253353204173
0.461466165413534 0.730654761904762
0.461466165413534 0.729569093610698
0.462406015037594 0.729970326409496
0.463345864661654 0.73037037037037
0.464285714285714 0.730769230769231
0.465225563909774 0.731166912850812
0.466165413533835 0.731563421828909
0.466165413533835 0.730486008836524
0.467105263157895 0.730882352941176
0.468045112781955 0.731277533039648
0.468984962406015 0.731671554252199
0.468984962406015 0.730600292825769
0.469924812030075 0.730994152046784
0.470864661654135 0.731386861313869
0.470864661654135 0.730320699708455
0.470864661654135 0.729257641921397
0.470864661654135 0.728197674418605
0.471804511278196 0.728592162554427
0.471804511278196 0.727536231884058
0.472744360902256 0.727930535455861
0.473684210526316 0.728323699421965
0.474624060150376 0.728715728715729
0.475563909774436 0.729106628242075
0.475563909774436 0.728057553956835
0.476503759398496 0.728448275862069
0.476503759398496 0.727403156384505
0.476503759398496 0.726361031518625
0.477443609022556 0.726752503576538
0.478383458646617 0.727142857142857
0.478383458646617 0.726105563480742
0.479323308270677 0.726495726495726
0.479323308270677 0.725462304409673
0.480263157894737 0.725852272727273
0.480263157894737 0.724822695035461
0.480263157894737 0.723796033994334
0.481203007518797 0.724186704384724
0.481203007518797 0.72316384180791
0.482142857142857 0.723554301833568
0.483082706766917 0.723943661971831
0.483082706766917 0.722925457102672
0.484022556390977 0.723314606741573
0.484022556390977 0.722300140252454
0.484962406015038 0.722689075630252
0.484962406015038 0.721678321678322
0.484962406015038 0.720670391061452
0.484962406015038 0.719665271966527
0.485902255639098 0.720055710306407
0.486842105263158 0.720445062586926
0.486842105263158 0.719444444444444
0.487781954887218 0.719833564493759
0.487781954887218 0.718836565096953
0.488721804511278 0.719225449515906
0.488721804511278 0.718232044198895
0.488721804511278 0.717241379310345
0.489661654135338 0.71763085399449
0.489661654135338 0.716643741403026
0.490601503759398 0.717032967032967
0.490601503759398 0.716049382716049
0.490601503759398 0.715068493150685
0.490601503759398 0.714090287277702
0.490601503759398 0.713114754098361
0.490601503759398 0.712141882673943
0.490601503759398 0.711171662125341
0.491541353383459 0.71156462585034
0.491541353383459 0.710597826086957
0.491541353383459 0.709633649932157
0.491541353383459 0.708672086720867
0.492481203007519 0.709066305818674
0.492481203007519 0.708108108108108
0.492481203007519 0.707152496626181
0.493421052631579 0.707547169811321
0.493421052631579 0.706594885598923
0.494360902255639 0.706989247311828
0.494360902255639 0.706040268456376
0.495300751879699 0.706434316353887
0.495300751879699 0.705488621151272
0.496240601503759 0.705882352941177
0.49718045112782 0.706275033377837
0.49718045112782 0.705333333333333
0.49812030075188 0.705725699067909
0.49906015037594 0.706117021276596
0.49906015037594 0.705179282868526
0.5 0.705570291777188
0.50093984962406 0.705960264900662
0.50093984962406 0.705026455026455
0.50187969924812 0.705416116248349
0.50281954887218 0.705804749340369
0.503759398496241 0.706192358366271
0.504699248120301 0.706578947368421
0.505639097744361 0.706964520367937
0.505639097744361 0.706036745406824
0.506578947368421 0.706422018348624
0.507518796992481 0.706806282722513
0.508458646616541 0.70718954248366
0.508458646616541 0.706266318537859
0.508458646616541 0.705345501955671
0.508458646616541 0.704427083333333
0.509398496240602 0.70481144343303
0.509398496240602 0.703896103896104
0.509398496240602 0.702983138780804
0.510338345864662 0.703367875647668
0.511278195488722 0.703751617076326
0.512218045112782 0.704134366925065
0.513157894736842 0.704516129032258
0.514097744360902 0.704896907216495
0.515037593984962 0.705276705276705
0.515977443609023 0.705655526992288
0.515977443609023 0.704749679075738
0.515977443609023 0.703846153846154
0.515977443609023 0.702944942381562
0.515977443609023 0.702046035805627
0.515977443609023 0.701149425287356
0.516917293233083 0.701530612244898
0.517857142857143 0.701910828025478
0.517857142857143 0.701017811704835
0.518796992481203 0.701397712833545
0.519736842105263 0.701776649746193
0.520676691729323 0.702154626108999
0.521616541353383 0.70253164556962
0.522556390977444 0.702907711757269
0.523496240601504 0.703282828282828
0.524436090225564 0.703656998738966
0.525375939849624 0.704030226700252
0.526315789473684 0.70440251572327
0.527255639097744 0.704773869346734
0.528195488721805 0.705144291091593
0.529135338345865 0.705513784461153
0.529135338345865 0.704630788485607
0.529135338345865 0.70375
0.529135338345865 0.702871410736579
0.530075187969925 0.703241895261845
0.530075187969925 0.702366127023661
0.530075187969925 0.701492537313433
0.531015037593985 0.701863354037267
0.531954887218045 0.702233250620347
0.531954887218045 0.701363073110285
0.532894736842105 0.701732673267327
0.532894736842105 0.700865265760198
0.533834586466165 0.701234567901235
0.534774436090226 0.701602959309494
0.535714285714286 0.701970443349754
0.536654135338346 0.702337023370234
0.537593984962406 0.702702702702703
0.538533834586466 0.703067484662577
0.539473684210526 0.70343137254902
0.540413533834586 0.703794369645043
0.541353383458647 0.704156479217604
0.541353383458647 0.703296703296703
0.542293233082707 0.703658536585366
0.543233082706767 0.704019488428745
0.543233082706767 0.70316301703163
0.544172932330827 0.703523693803159
0.544172932330827 0.702669902912621
0.544172932330827 0.701818181818182
0.545112781954887 0.702179176755448
0.545112781954887 0.701330108827086
0.546052631578947 0.701690821256039
0.546992481203007 0.70205066344994
0.546992481203007 0.701204819277108
0.547932330827068 0.701564380264741
0.547932330827068 0.700721153846154
0.547932330827068 0.699879951980792
0.548872180451128 0.700239808153477
0.549812030075188 0.70059880239521
0.549812030075188 0.699760765550239
0.550751879699248 0.700119474313023
0.551691729323308 0.700477326968974
0.551691729323308 0.699642431466031
0.552631578947368 0.7
0.552631578947368 0.699167657550535
0.552631578947368 0.69833729216152
0.553571428571429 0.698695136417556
0.554511278195489 0.699052132701422
0.554511278195489 0.698224852071006
0.554511278195489 0.697399527186761
0.555451127819549 0.69775678866588
0.556390977443609 0.69811320754717
0.557330827067669 0.698468786808009
0.558270676691729 0.698823529411765
0.559210526315789 0.699177438307873
0.559210526315789 0.698356807511737
0.559210526315789 0.697538100820633
0.559210526315789 0.69672131147541
0.56015037593985 0.697076023391813
0.56109022556391 0.697429906542056
0.56203007518797 0.697782963827305
0.56203007518797 0.696969696969697
0.56296992481203 0.69732246798603
0.56390977443609 0.697674418604651
0.56390977443609 0.696864111498258
0.56390977443609 0.696055684454756
0.56390977443609 0.695249130938586
0.56484962406015 0.695601851851852
0.56484962406015 0.694797687861272
0.56484962406015 0.693995381062356
0.56484962406015 0.693194925028835
0.56484962406015 0.692396313364055
0.565789473684211 0.692750287686997
0.566729323308271 0.693103448275862
0.566729323308271 0.692307692307692
0.567669172932331 0.692660550458716
0.568609022556391 0.693012600229095
0.569548872180451 0.693363844393593
0.569548872180451 0.692571428571429
0.569548872180451 0.691780821917808
0.570488721804511 0.692132269099202
0.570488721804511 0.691343963553531
0.570488721804511 0.690557451649602
0.571428571428571 0.690909090909091
0.572368421052632 0.691259931895573
0.572368421052632 0.69047619047619
0.573308270676692 0.690826727066818
0.574248120300752 0.691176470588235
0.574248120300752 0.690395480225989
0.574248120300752 0.68961625282167
0.575187969924812 0.689966178128523
0.575187969924812 0.689189189189189
0.575187969924812 0.688413948256468
0.575187969924812 0.687640449438202
0.576127819548872 0.687991021324355
0.577067669172932 0.688340807174888
0.577067669172932 0.687569988801792
0.578007518796993 0.687919463087248
0.578007518796993 0.687150837988827
0.578007518796993 0.686383928571429
0.578947368421053 0.686733556298774
0.578947368421053 0.685968819599109
0.579887218045113 0.686318131256952
0.580827067669173 0.686666666666667
0.581766917293233 0.687014428412875
0.581766917293233 0.686252771618625
0.582706766917293 0.686600221483942
0.583646616541353 0.686946902654867
0.583646616541353 0.686187845303867
0.584586466165414 0.686534216335541
0.585526315789474 0.686879823594267
0.586466165413534 0.687224669603524
0.586466165413534 0.686468646864686
0.586466165413534 0.685714285714286
0.587406015037594 0.686059275521405
0.588345864661654 0.68640350877193
0.589285714285714 0.686746987951807
0.589285714285714 0.685995623632385
0.590225563909774 0.686338797814208
0.591165413533835 0.686681222707424
0.591165413533835 0.685932388222465
0.592105263157895 0.686274509803922
0.593045112781955 0.686615886833515
0.593045112781955 0.685869565217391
0.593984962406015 0.686210640608035
0.594924812030075 0.686550976138829
0.595864661654135 0.686890574214518
0.596804511278195 0.687229437229437
0.597744360902256 0.687567567567568
0.598684210526316 0.687904967602592
0.599624060150376 0.68824163969795
0.600563909774436 0.688577586206897
0.601503759398496 0.688912809472551
0.602443609022556 0.689247311827957
0.602443609022556 0.688506981740064
0.603383458646617 0.688841201716738
0.603383458646617 0.688102893890675
0.603383458646617 0.687366167023555
0.604323308270677 0.687700534759358
0.604323308270677 0.686965811965812
0.604323308270677 0.686232657417289
0.605263157894737 0.686567164179104
0.606203007518797 0.686900958466454
0.606203007518797 0.686170212765957
0.606203007518797 0.685441020191286
0.607142857142857 0.685774946921444
0.608082706766917 0.68610816542948
0.609022556390977 0.686440677966102
0.609962406015038 0.686772486772487
0.610902255639098 0.687103594080338
0.610902255639098 0.686378035902851
0.610902255639098 0.685654008438819
0.611842105263158 0.685985247629083
0.611842105263158 0.685263157894737
0.611842105263158 0.684542586750789
0.612781954887218 0.684873949579832
0.612781954887218 0.684155299055614
0.613721804511278 0.684486373165618
0.613721804511278 0.683769633507853
0.613721804511278 0.683054393305439
0.613721804511278 0.682340647857889
0.614661654135338 0.682672233820459
0.615601503759398 0.683003128258603
0.616541353383459 0.683333333333333
0.617481203007519 0.68366285119667
0.618421052631579 0.683991683991684
0.619360902255639 0.684319833852544
0.619360902255639 0.683609958506224
0.619360902255639 0.682901554404145
0.620300751879699 0.683229813664596
0.621240601503759 0.683557394002068
0.621240601503759 0.682851239669422
0.62218045112782 0.683178534571723
0.62218045112782 0.682474226804124
0.62218045112782 0.681771369721936
0.62218045112782 0.681069958847737
0.62312030075188 0.681397738951696
0.62312030075188 0.680698151950719
0.62312030075188 0.68
0.62406015037594 0.680327868852459
0.625 0.680655066530194
0.62593984962406 0.680981595092024
0.62593984962406 0.680286006128703
0.62593984962406 0.679591836734694
0.62687969924812 0.679918450560652
0.62781954887218 0.680244399185336
0.62781954887218 0.679552390640895
0.628759398496241 0.679878048780488
0.628759398496241 0.679187817258883
0.629699248120301 0.679513184584179
0.630639097744361 0.67983789260385
0.631578947368421 0.680161943319838
0.632518796992481 0.680485338725986
0.633458646616541 0.680808080808081
0.634398496240602 0.681130171543895
0.635338345864662 0.681451612903226
0.636278195488722 0.681772406847935
0.636278195488722 0.681086519114688
0.637218045112782 0.681407035175879
0.638157894736842 0.681726907630522
0.639097744360902 0.682046138415246
0.640037593984962 0.682364729458918
0.640977443609023 0.682682682682683
0.641917293233083 0.683
0.642857142857143 0.683316683316683
0.642857142857143 0.682634730538922
0.643796992481203 0.682951146560319
0.643796992481203 0.682270916334661
0.644736842105263 0.682587064676617
0.645676691729323 0.682902584493042
0.645676691729323 0.682224428997021
0.646616541353383 0.682539682539683
0.647556390977444 0.682854311199207
0.648496240601504 0.683168316831683
0.648496240601504 0.682492581602374
0.649436090225564 0.682806324110672
0.649436090225564 0.68213228035538
0.649436090225564 0.681459566074951
0.649436090225564 0.680788177339901
0.650375939849624 0.681102362204724
0.650375939849624 0.680432645034415
0.650375939849624 0.679764243614931
0.650375939849624 0.67909715407262
0.650375939849624 0.67843137254902
0.651315789473684 0.678746327130264
0.652255639097744 0.679060665362035
0.653195488721805 0.679374389051808
0.654135338345865 0.6796875
0.655075187969925 0.68
0.656015037593985 0.680311890838207
0.656954887218045 0.68062317429406
0.656954887218045 0.679961089494163
0.657894736842105 0.680272108843537
0.657894736842105 0.679611650485437
0.658834586466165 0.67992240543162
0.659774436090226 0.680232558139535
0.660714285714286 0.68054211035818
0.661654135338346 0.680851063829787
0.662593984962406 0.681159420289855
0.663533834586466 0.681467181467181
0.663533834586466 0.680810028929605
0.664473684210526 0.68111753371869
0.664473684210526 0.68046198267565
0.665413533834586 0.680769230769231
0.666353383458647 0.681075888568684
0.667293233082707 0.681381957773513
0.668233082706767 0.681687440076702
0.668233082706767 0.681034482758621
0.668233082706767 0.680382775119617
0.668233082706767 0.679732313575526
0.669172932330827 0.680038204393505
0.670112781954887 0.680343511450382
0.671052631578947 0.680648236415634
0.671052631578947 0.68
0.671052631578947 0.679352997145576
0.671052631578947 0.678707224334601
0.671052631578947 0.678062678062678
0.671992481203007 0.678368121442125
0.671992481203007 0.677725118483412
0.672932330827068 0.678030303030303
0.672932330827068 0.677388836329234
0.672932330827068 0.676748582230624
0.673872180451128 0.677053824362606
0.673872180451128 0.676415094339623
0.674812030075188 0.676720075400566
0.674812030075188 0.67608286252354
0.675751879699248 0.676387582314205
0.675751879699248 0.675751879699248
0.676691729323308 0.676056338028169
0.676691729323308 0.675422138836773
0.676691729323308 0.674789128397376
0.677631578947368 0.675093632958802
0.677631578947368 0.674462114125351
0.678571428571429 0.674766355140187
0.679511278195489 0.675070028011205
0.680451127819549 0.675373134328358
0.681390977443609 0.675675675675676
0.681390977443609 0.675046554934823
0.682330827067669 0.675348837209302
0.682330827067669 0.674721189591078
0.682330827067669 0.674094707520891
0.683270676691729 0.674397031539889
0.684210526315789 0.674698795180723
0.684210526315789 0.674074074074074
0.684210526315789 0.673450508788159
0.684210526315789 0.672828096118299
0.684210526315789 0.672206832871653
0.684210526315789 0.671586715867159
0.68515037593985 0.671889400921659
0.68515037593985 0.671270718232044
0.68609022556391 0.671573137074517
0.68703007518797 0.671875
0.68796992481203 0.672176308539945
0.68796992481203 0.671559633027523
0.68796992481203 0.670944087992667
0.68796992481203 0.67032967032967
0.68796992481203 0.66971637694419
0.68796992481203 0.669104204753199
0.68890977443609 0.669406392694064
0.68890977443609 0.668795620437956
0.68984962406015 0.669097538742024
0.68984962406015 0.668488160291439
0.68984962406015 0.667879890809827
0.68984962406015 0.667272727272727
0.68984962406015 0.666666666666667
0.690789473684211 0.666969147005445
0.690789473684211 0.666364460562103
0.690789473684211 0.665760869565217
0.691729323308271 0.66606334841629
0.691729323308271 0.665461121157324
0.691729323308271 0.664859981933153
0.691729323308271 0.664259927797834
0.691729323308271 0.66366095581605
0.691729323308271 0.663063063063063
0.691729323308271 0.662466246624662
0.691729323308271 0.661870503597122
0.691729323308271 0.661275831087152
0.692669172932331 0.661579892280072
0.692669172932331 0.660986547085202
0.692669172932331 0.660394265232975
0.693609022556391 0.660698299015219
0.693609022556391 0.660107334525939
0.694548872180451 0.66041108132261
0.695488721804511 0.660714285714286
0.696428571428571 0.661016949152542
0.696428571428571 0.660427807486631
0.696428571428571 0.659839715048976
0.696428571428571 0.659252669039146
0.697368421052632 0.659555555555556
0.698308270676692 0.659857904085258
0.698308270676692 0.659272404614019
0.698308270676692 0.658687943262411
0.699248120300752 0.658990256864482
0.700187969924812 0.65929203539823
0.700187969924812 0.658709106984969
0.700187969924812 0.658127208480565
0.701127819548872 0.658428949691086
0.702067669172932 0.658730158730159
0.702067669172932 0.658149779735683
0.702067669172932 0.657570422535211
0.703007518796993 0.657871591908531
0.703947368421053 0.65817223198594
0.704887218045113 0.658472344161545
0.704887218045113 0.657894736842105
0.705827067669173 0.658194566170026
0.705827067669173 0.657618213660245
0.706766917293233 0.657917760279965
0.706766917293233 0.657342657342657
0.706766917293233 0.656768558951965
0.707706766917293 0.657068062827225
0.708646616541353 0.657367044463819
0.709586466165414 0.657665505226481
0.710526315789474 0.657963446475196
0.711466165413534 0.658260869565217
0.712406015037594 0.65855777584709
0.713345864661654 0.658854166666667
0.713345864661654 0.658282740676496
0.714285714285714 0.658578856152513
0.714285714285714 0.658008658008658
0.714285714285714 0.657439446366782
0.714285714285714 0.656871218668971
0.714285714285714 0.656303972366149
0.715225563909774 0.656600517687662
0.716165413533835 0.656896551724138
0.716165413533835 0.656330749354005
0.717105263157895 0.656626506024096
0.717105263157895 0.656061908856406
0.718045112781955 0.656357388316151
0.718984962406015 0.656652360515021
0.718984962406015 0.656089193825043
0.719924812030075 0.656383890317052
0.720864661654135 0.656678082191781
0.720864661654135 0.656116338751069
0.720864661654135 0.655555555555556
0.721804511278195 0.655849701110162
0.721804511278195 0.655290102389078
0.722744360902256 0.655583972719523
0.723684210526316 0.65587734241908
0.724624060150376 0.656170212765957
0.724624060150376 0.655612244897959
0.724624060150376 0.655055225148683
0.725563909774436 0.6553480475382
0.726503759398496 0.655640373197625
0.727443609022556 0.65593220338983
0.727443609022556 0.655376799322608
0.727443609022556 0.654822335025381
0.727443609022556 0.654268808114962
0.728383458646617 0.654560810810811
0.729323308270677 0.654852320675105
0.730263157894737 0.655143338954469
0.731203007518797 0.655433866891323
0.732142857142857 0.655723905723906
0.733082706766917 0.656013456686291
0.733082706766917 0.65546218487395
0.733082706766917 0.654911838790932
0.733082706766917 0.654362416107383
0.734022556390977 0.654652137468567
0.734962406015038 0.654941373534338
0.734962406015038 0.65439330543933
0.734962406015038 0.653846153846154
0.734962406015038 0.653299916457811
0.734962406015038 0.652754590984975
0.735902255639098 0.653044203502919
0.736842105263158 0.653333333333333
0.736842105263158 0.652789342214821
0.737781954887218 0.653078202995008
0.737781954887218 0.652535328345802
0.737781954887218 0.651993355481728
0.738721804511278 0.652282157676349
0.739661654135338 0.65257048092869
0.740601503759398 0.652858326429163
0.741541353383459 0.653145695364238
0.742481203007519 0.65343258891646
0.742481203007519 0.652892561983471
0.742481203007519 0.652353426919901
0.743421052631579 0.652640264026403
0.744360902255639 0.652926628194559
0.745300751879699 0.653212520593081
0.746240601503759 0.653497942386831
0.746240601503759 0.652960526315789
0.74718045112782 0.653245686113394
0.74812030075188 0.653530377668309
0.74812030075188 0.652994257588187
0.74906015037594 0.65327868852459
0.74906015037594 0.652743652743653
0.74906015037594 0.652209492635025
0.74906015037594 0.651676206050695
0.75 0.651960784313726
0.75 0.651428571428571
0.75093984962406 0.651712887438825
0.75187969924812 0.6519967400163
0.75281954887218 0.65228013029316
0.753759398496241 0.652563059397885
0.754699248120301 0.652845528455285
0.754699248120301 0.652315190901706
0.754699248120301 0.651785714285714
0.754699248120301 0.651257096512571
0.754699248120301 0.650729335494327
0.754699248120301 0.650202429149798
0.755639097744361 0.650485436893204
0.755639097744361 0.649959579628133
0.756578947368421 0.650242326332795
0.757518796992481 0.650524616626312
0.757518796992481 0.65
0.758458646616541 0.650282030620467
0.759398496240602 0.650563607085346
0.759398496240602 0.650040225261464
0.759398496240602 0.64951768488746
0.760338345864662 0.649799196787149
0.760338345864662 0.649277688603531
0.761278195488722 0.649558941459503
0.762218045112782 0.649839743589744
0.763157894736842 0.650120096076861
0.764097744360902 0.6504
0.764097744360902 0.649880095923261
0.764097744360902 0.649361022364217
0.764097744360902 0.648842777334397
0.764097744360902 0.648325358851675
0.764097744360902 0.647808764940239
0.765037593984962 0.648089171974522
0.765037593984962 0.647573587907717
0.765037593984962 0.647058823529412
0.765977443609023 0.647339158061954
0.766917293233083 0.647619047619048
0.766917293233083 0.64710547184774
0.767857142857143 0.647385103011094
0.767857142857143 0.646872525732383
0.768796992481203 0.647151898734177
0.768796992481203 0.646640316205534
0.769736842105263 0.646919431279621
0.769736842105263 0.646408839779006
0.769736842105263 0.64589905362776
0.770676691729323 0.646178092986604
0.771616541353383 0.646456692913386
0.771616541353383 0.64594807238395
0.772556390977444 0.64622641509434
0.773496240601504 0.646504320502749
0.774436090225564 0.646781789638933
0.774436090225564 0.646274509803922
0.774436090225564 0.64576802507837
0.775375939849624 0.646045418950666
0.775375939849624 0.645539906103286
0.775375939849624 0.645035183737295
0.775375939849624 0.64453125
0.775375939849624 0.644028103044497
0.775375939849624 0.643525741029641
0.775375939849624 0.643024162120031
0.775375939849624 0.642523364485981
0.775375939849624 0.642023346303502
0.776315789473684 0.642301710730949
0.776315789473684 0.641802641802642
0.776315789473684 0.641304347826087
0.777255639097744 0.641582622187742
0.778195488721805 0.641860465116279
0.778195488721805 0.641363284275755
0.779135338345865 0.641640866873065
0.779135338345865 0.641144624903326
0.779135338345865 0.64064914992272
0.779135338345865 0.64015444015444
0.780075187969925 0.640432098765432
0.781015037593985 0.64070932922128
0.781015037593985 0.640215716486903
0.781954887218045 0.640492686682063
0.782894736842105 0.640769230769231
0.783834586466165 0.641045349730976
0.783834586466165 0.640552995391705
0.783834586466165 0.640061396776669
0.784774436090226 0.640337423312883
0.784774436090226 0.639846743295019
0.785714285714286 0.640122511485452
0.786654135338346 0.640397857689365
0.787593984962406 0.640672782874618
0.787593984962406 0.640183346065699
0.788533834586466 0.640458015267176
0.789473684210526 0.640732265446224
0.790413533834586 0.641006097560976
0.790413533834586 0.640517897943641
0.790413533834586 0.640030441400304
0.790413533834586 0.639543726235741
0.790413533834586 0.639057750759878
0.791353383458647 0.639331814730448
0.792293233082707 0.639605462822458
0.792293233082707 0.639120545868082
0.793233082706767 0.639393939393939
0.794172932330827 0.639666919000757
0.795112781954887 0.639939485627837
0.796052631578947 0.64021164021164
0.796052631578947 0.639728096676737
0.796052631578947 0.639245283018868
0.796052631578947 0.638763197586727
0.796992481203007 0.639035418236624
0.796992481203007 0.63855421686747
0.796992481203007 0.638073739653875
0.797932330827068 0.638345864661654
0.797932330827068 0.637866265965439
0.797932330827068 0.637387387387387
0.797932330827068 0.636909227306827
0.798872180451128 0.637181409295352
0.798872180451128 0.636704119850187
0.799812030075188 0.636976047904192
0.800751879699248 0.637247569184742
0.801691729323308 0.637518684603886
0.802631578947368 0.637789395070948
0.802631578947368 0.637313432835821
0.802631578947368 0.636838180462342
0.802631578947368 0.636363636363636
0.803571428571429 0.636634400595681
0.804511278195489 0.636904761904762
0.805451127819549 0.637174721189591
0.806390977443609 0.637444279346211
0.807330827067669 0.637713437268003
0.807330827067669 0.637240356083086
0.807330827067669 0.636767976278725
0.807330827067669 0.636296296296296
0.807330827067669 0.635825314581791
0.808270676691729 0.636094674556213
0.809210526315789 0.636363636363636
0.81015037593985 0.636632200886263
0.81015037593985 0.636162361623616
0.81015037593985 0.635693215339233
0.81109022556391 0.635961680176861
0.81109022556391 0.635493372606775
0.81109022556391 0.635025754231052
0.81109022556391 0.634558823529412
0.81109022556391 0.63409257898604
0.81109022556391 0.633627019089574
0.81109022556391 0.633162142333089
0.81203007518797 0.633431085043988
0.81203007518797 0.632967032967033
0.81296992481203 0.633235724743777
0.81390977443609 0.633504023408925
0.81484962406015 0.633771929824561
0.81484962406015 0.633308984660336
0.81484962406015 0.632846715328467
0.815789473684211 0.633114514952589
0.815789473684211 0.63265306122449
0.815789473684211 0.632192279679534
0.815789473684211 0.631732168850073
0.815789473684211 0.631272727272727
0.815789473684211 0.630813953488372
0.816729323308271 0.631082062454612
0.817669172932331 0.631349782293179
0.818609022556391 0.631617113850616
0.818609022556391 0.631159420289855
0.819548872180451 0.631426502534395
0.820488721804511 0.631693198263386
0.820488721804511 0.631236442516269
0.820488721804511 0.630780346820809
0.820488721804511 0.630324909747292
0.820488721804511 0.62987012987013
0.820488721804511 0.629416005767844
0.820488721804511 0.628962536023055
0.821428571428571 0.62922966162707
0.822368421052632 0.629496402877698
0.822368421052632 0.629043853342919
0.823308270676692 0.629310344827586
0.823308270676692 0.628858578607322
0.824248120300752 0.629124820659971
0.825187969924812 0.629390681003584
0.825187969924812 0.628939828080229
0.825187969924812 0.628489620615605
0.825187969924812 0.628040057224607
0.825187969924812 0.62759113652609
0.826127819548872 0.627857142857143
0.826127819548872 0.627408993576017
0.827067669172932 0.627674750356633
0.828007518796993 0.627940128296507
0.828947368421053 0.628205128205128
0.828947368421053 0.627758007117438
0.829887218045113 0.628022759601707
0.829887218045113 0.627576403695807
0.829887218045113 0.627130681818182
0.829887218045113 0.626685592618879
0.829887218045113 0.626241134751773
0.829887218045113 0.625797306874557
0.830827067669173 0.626062322946176
0.830827067669173 0.625619249823071
0.830827067669173 0.625176803394625
0.830827067669173 0.624734982332156
0.830827067669173 0.624293785310734
0.830827067669173 0.623853211009174
0.830827067669173 0.623413258110014
0.830827067669173 0.622973925299507
0.830827067669173 0.622535211267606
0.830827067669173 0.622097114707952
0.831766917293233 0.622362869198312
0.831766917293233 0.621925509486999
0.832706766917293 0.622191011235955
0.832706766917293 0.621754385964912
0.833646616541353 0.622019635343618
0.834586466165414 0.622284512964261
0.834586466165414 0.621848739495798
0.834586466165414 0.621413575927222
0.835526315789474 0.621678321678322
0.835526315789474 0.621243885394829
0.836466165413534 0.621508379888268
0.837406015037594 0.621772505233775
0.837406015037594 0.621338912133891
0.838345864661654 0.621602787456446
0.838345864661654 0.62116991643454
0.838345864661654 0.620737647877523
0.838345864661654 0.620305980528512
0.839285714285714 0.620569840166783
0.839285714285714 0.620138888888889
0.839285714285714 0.61970853573907
0.839285714285714 0.619278779472954
0.839285714285714 0.618849618849619
0.840225563909774 0.619113573407202
0.841165413533835 0.619377162629758
0.841165413533835 0.618948824343015
0.841165413533835 0.618521078092605
0.841165413533835 0.618093922651934
0.841165413533835 0.617667356797792
0.841165413533835 0.617241379310345
0.841165413533835 0.616815988973122
0.842105263157895 0.617079889807163
0.843045112781955 0.617343427391604
0.843045112781955 0.616918844566713
0.843045112781955 0.616494845360825
0.843045112781955 0.616071428571429
0.843984962406015 0.616334934797529
0.843984962406015 0.615912208504801
0.844924812030075 0.616175462645648
0.844924812030075 0.615753424657534
0.844924812030075 0.61533196440794
0.844924812030075 0.614911080711354
0.845864661654135 0.615174299384826
0.846804511278195 0.615437158469945
0.846804511278195 0.615017064846416
0.846804511278195 0.614597544338336
0.846804511278195 0.614178595773688
0.847744360902256 0.614441416893733
0.847744360902256 0.614023144996596
0.848684210526316 0.614285714285714
0.849624060150376 0.614547926580557
0.850563909774436 0.614809782608696
0.851503759398496 0.615071283095723
0.851503759398496 0.614654002713704
0.851503759398496 0.614237288135593
0.851503759398496 0.613821138211382
0.852443609022556 0.61408259986459
0.852443609022556 0.613667117726658
0.852443609022556 0.613252197430696
0.852443609022556 0.612837837837838
0.852443609022556 0.612424037812289
0.853383458646617 0.612685560053981
0.853383458646617 0.612272420768712
0.853383458646617 0.611859838274933
0.853383458646617 0.611447811447811
0.854323308270677 0.611709286675639
0.855263157894737 0.611970410221923
0.856203007518797 0.612231182795699
0.857142857142857 0.612491605104097
0.858082706766917 0.612751677852349
0.858082706766917 0.61234071093226
0.859022556390977 0.612600536193029
0.859962406015038 0.612860013395847
0.860902255639098 0.613119143239625
0.860902255639098 0.612709030100334
0.860902255639098 0.612299465240642
0.860902255639098 0.61189044756179
0.861842105263158 0.61214953271028
0.861842105263158 0.611741160773849
0.861842105263158 0.611333333333333
0.861842105263158 0.610926049300466
0.862781954887218 0.611185086551265
0.862781954887218 0.610778443113772
0.862781954887218 0.610372340425532
0.862781954887218 0.609966777408638
0.862781954887218 0.609561752988048
0.863721804511278 0.609820836098208
0.863721804511278 0.609416445623342
0.864661654135338 0.609675281643473
0.864661654135338 0.609271523178808
0.864661654135338 0.608868299139643
0.864661654135338 0.608465608465608
0.864661654135338 0.608063450099141
0.865601503759398 0.608322324966975
0.865601503759398 0.607920792079208
0.866541353383459 0.608179419525066
0.866541353383459 0.607778510217535
0.866541353383459 0.60737812911726
0.866541353383459 0.60697827518104
0.866541353383459 0.606578947368421
0.867481203007519 0.606837606837607
0.868421052631579 0.607095926412615
0.869360902255639 0.607353906762968
0.869360902255639 0.606955380577428
0.869360902255639 0.60655737704918
0.870300751879699 0.606815203145478
0.880639097744361 0.602960102960103
0.880639097744361 0.602572347266881
0.881578947368421 0.602827763496144
0.881578947368421 0.602440590879897
0.881578947368421 0.602053915275995
0.882518796992481 0.602309172546504
0.883458646616541 0.602564102564103
0.884398496240602 0.602818705957719
0.885338345864662 0.603072983354674
0.885338345864662 0.602687140115163
0.885338345864662 0.60230179028133
0.886278195488722 0.602555910543131
0.887218045112782 0.602809706257982
0.887218045112782 0.602425015954052
0.887218045112782 0.602040816326531
0.887218045112782 0.601657106437221
0.888157894736842 0.601910828025478
0.888157894736842 0.601527689369828
0.888157894736842 0.601145038167939
0.888157894736842 0.600762873490146
0.889097744360902 0.601016518424396
0.889097744360902 0.600634920634921
0.889097744360902 0.600253807106599
0.890037593984962 0.600507292327204
0.890977443609023 0.600760456273764
0.890977443609023 0.600379987333756
0.891917293233083 0.600632911392405
0.891917293233083 0.600253004427577
0.891917293233083 0.599873577749684
0.892857142857143 0.600126342387871
0.892857142857143 0.599747474747475
0.892857142857143 0.599369085173502
0.893796992481203 0.599621689785624
0.893796992481203 0.599243856332703
0.894736842105263 0.599496221662469
0.894736842105263 0.599118942731278
0.894736842105263 0.59874213836478
0.895676691729323 0.59899434318039
0.896616541353383 0.599246231155779
0.896616541353383 0.598870056497175
0.897556390977444 0.599121706398996
0.898496240601504 0.599373040752351
0.898496240601504 0.598997493734336
0.898496240601504 0.598622417031935
0.899436090225564 0.598873591989987
0.900375939849624 0.599124452782989
0.901315789473684 0.599375
0.901315789473684 0.599000624609619
0.902255639097744 0.599250936329588
0.903195488721805 0.599500935745477
0.903195488721805 0.599127182044888
0.903195488721805 0.598753894080997
0.903195488721805 0.598381070983811
0.904135338345865 0.598630989421282
0.904135338345865 0.598258706467662
0.905075187969925 0.598508390304537
0.905075187969925 0.598136645962733
0.905075187969925 0.597765363128492
0.905075187969925 0.597394540942928
0.905075187969925 0.597024178549287
0.906015037593985 0.59727385377943
0.906954887218045 0.597523219814242
0.907894736842105 0.597772277227723
0.907894736842105 0.597402597402597
0.907894736842105 0.597033374536465
0.908834586466165 0.59728227300803
0.908834586466165 0.596913580246914
0.909774436090226 0.597162245527452
0.909774436090226 0.596794081381011
0.909774436090226 0.596426370918053
0.910714285714286 0.596674876847291
0.910714285714286 0.596307692307692
0.910714285714286 0.595940959409594
0.910714285714286 0.595574677320221
0.910714285714286 0.595208845208845
0.910714285714286 0.594843462246777
0.910714285714286 0.594478527607362
0.910714285714286 0.594114040465972
0.910714285714286 0.59375
0.910714285714286 0.593386405388855
0.910714285714286 0.593023255813954
0.911654135338346 0.593272171253823
0.911654135338346 0.592909535452323
0.911654135338346 0.592547342700061
0.911654135338346 0.592185592185592
0.911654135338346 0.591824283099451
0.912593984962406 0.592073170731707
0.912593984962406 0.591712370505789
0.912593984962406 0.591352009744214
0.913533834586466 0.591600730371272
0.913533834586466 0.591240875912409
0.914473684210526 0.591489361702128
0.915413533834586 0.591737545565006
0.915413533834586 0.591378263509411
0.915413533834586 0.591019417475728
0.915413533834586 0.59066100667071
0.915413533834586 0.59030303030303
0.915413533834586 0.589945487583283
0.915413533834586 0.589588377723971
0.916353383458647 0.58983666061706
0.917293233082707 0.590084643288996
0.917293233082707 0.589728096676737
0.917293233082707 0.589371980676328
0.917293233082707 0.589016294508147
0.917293233082707 0.588661037394451
0.918233082706767 0.588908981314045
0.919172932330827 0.589156626506024
0.920112781954887 0.589403973509934
0.920112781954887 0.589049338146811
0.920112781954887 0.588695129284426
0.920112781954887 0.588341346153846
0.920112781954887 0.587987987987988
0.920112781954887 0.587635054021609
0.921052631578947 0.587882423515297
0.921052631578947 0.587529976019185
0.921052631578947 0.587177950868784
0.921052631578947 0.586826347305389
0.921052631578947 0.586475164572112
0.921992481203007 0.586722488038278
0.921992481203007 0.586371787208607
0.921992481203007 0.586021505376344
0.921992481203007 0.585671641791045
0.921992481203007 0.585322195704057
0.922932330827068 0.5855694692904
0.922932330827068 0.585220500595948
0.922932330827068 0.58487194758785
0.922932330827068 0.58452380952381
0.922932330827068 0.584176085663296
0.922932330827068 0.583828775267539
0.922932330827068 0.583481877599525
0.923872180451128 0.583729216152019
0.924812030075188 0.583976261127596
0.924812030075188 0.583629893238434
0.924812030075188 0.583283935981031
0.924812030075188 0.582938388625592
0.925751879699248 0.583185316755477
0.926691729323308 0.583431952662722
0.927631578947368 0.58367829686576
0.927631578947368 0.583333333333333
0.927631578947368 0.58298877731837
0.928571428571429 0.583234946871311
0.928571428571429 0.582890855457227
0.928571428571429 0.582547169811321
0.929511278195489 0.582793164407778
0.929511278195489 0.582449941107185
0.930451127819549 0.582695703354915
0.930451127819549 0.582352941176471
0.931390977443609 0.58259847148736
0.932330827067669 0.582843713278496
0.932330827067669 0.582501467997651
0.933270676691729 0.582746478873239
0.933270676691729 0.582404692082111
0.933270676691729 0.582063305978898
0.933270676691729 0.581722319859402
0.933270676691729 0.581381733021077
0.933270676691729 0.581041544763019
0.934210526315789 0.581286549707602
0.934210526315789 0.580946814728229
0.934210526315789 0.580607476635514
0.93515037593985 0.580852305896089
0.93515037593985 0.580513418903151
0.93515037593985 0.580174927113703
0.93515037593985 0.57983682983683
0.93609022556391 0.580081537565521
0.93609022556391 0.579743888242142
0.93609022556391 0.579406631762653
0.93609022556391 0.57906976744186
0.93609022556391 0.578733294596165
0.93609022556391 0.578397212543554
0.93609022556391 0.578061520603598
0.93703007518797 0.57830626450116
0.93703007518797 0.577971014492754
0.93703007518797 0.577636152954809
0.93796992481203 0.577880718008107
0.93796992481203 0.577546296296296
0.93796992481203 0.577212261422788
0.93796992481203 0.576878612716763
0.93796992481203 0.576545349508954
0.93796992481203 0.57621247113164
0.93796992481203 0.575879976918638
0.93796992481203 0.575547866205306
0.93796992481203 0.57521613832853
0.93796992481203 0.574884792626728
0.93890977443609 0.575129533678757
0.93890977443609 0.574798619102417
0.93890977443609 0.574468085106383
0.93890977443609 0.574137931034483
0.93890977443609 0.573808156232051
0.93890977443609 0.573478760045924
0.93890977443609 0.573149741824441
0.93984962406015 0.573394495412844
0.940789473684211 0.573638968481375
0.940789473684211 0.573310423825888
0.941729323308271 0.57355466514024
0.941729323308271 0.573226544622426
0.941729323308271 0.572898799313894
0.941729323308271 0.572571428571429
0.941729323308271 0.572244431753284
0.941729323308271 0.571917808219178
0.941729323308271 0.571591557330291
0.941729323308271 0.571265678449259
0.941729323308271 0.570940170940171
0.942669172932331 0.571184510250569
0.943609022556391 0.571428571428571
0.943609022556391 0.571103526734926
0.944548872180451 0.57134735645253
0.944548872180451 0.571022727272727
0.944548872180451 0.570698466780239
0.944548872180451 0.570374574347333
0.944548872180451 0.570051049347703
0.944548872180451 0.569727891156463
0.944548872180451 0.569405099150142
0.945488721804511 0.56964892412231
0.946428571428571 0.56989247311828
0.946428571428571 0.569570135746606
0.946428571428571 0.569248162803844
0.946428571428571 0.568926553672316
0.947368421052632 0.569169960474308
0.948308270676692 0.56941309255079
0.948308270676692 0.569091934574168
0.948308270676692 0.568771138669673
0.948308270676692 0.568450704225352
0.948308270676692 0.568130630630631
0.948308270676692 0.567810917276308
0.948308270676692 0.567491563554556
0.949248120300752 0.567734682405846
0.949248120300752 0.567415730337079
0.949248120300752 0.567097136440202
0.949248120300752 0.566778900112233
0.950187969924812 0.567021873247336
0.950187969924812 0.56670403587444
0.950187969924812 0.566386554621849
0.951127819548872 0.566629339305711
0.951127819548872 0.566312255176273
0.952067669172932 0.5665548098434
0.952067669172932 0.566238121855785
0.953007518796993 0.566480446927374
0.953007518796993 0.566164154103853
0.953007518796993 0.565848214285714
0.953007518796993 0.56553262688232
0.953007518796993 0.565217391304348
0.953007518796993 0.564902506963788
0.953007518796993 0.564587973273942
0.953007518796993 0.564273789649416
0.953007518796993 0.563959955506118
0.953007518796993 0.563646470261256
0.953007518796993 0.563333333333333
0.953007518796993 0.563020544142143
0.953947368421053 0.563263041065483
0.953947368421053 0.562950637825846
0.953947368421053 0.562638580931264
0.953947368421053 0.562326869806094
0.953947368421053 0.562015503875969
0.954887218045113 0.562257885998893
0.954887218045113 0.561946902654867
0.955827067669173 0.562189054726368
0.955827067669173 0.561878453038674
0.956766917293233 0.562120375483159
0.956766917293233 0.561810154525386
0.957706766917293 0.562051847766133
0.957706766917293 0.561742006615215
0.958646616541353 0.56198347107438
0.958646616541353 0.561674008810573
0.958646616541353 0.561364887176665
0.959586466165414 0.561606160616062
0.959586466165414 0.561297416162727
0.960526315789474 0.561538461538462
0.960526315789474 0.561230093355299
0.960526315789474 0.560922063666301
0.960526315789474 0.560614371914427
0.961466165413534 0.560855263157895
0.961466165413534 0.560547945205479
0.961466165413534 0.560240963855422
0.961466165413534 0.559934318555008
0.961466165413534 0.559628008752735
0.961466165413534 0.559322033898305
0.961466165413534 0.559016393442623
0.961466165413534 0.558711086837794
0.961466165413534 0.558406113537118
0.961466165413534 0.55810147299509
0.961466165413534 0.557797164667394
0.962406015037594 0.558038147138965
0.963345864661654 0.558278867102396
0.963345864661654 0.557974959172564
0.964285714285714 0.558215451577802
0.964285714285714 0.557911908646003
0.964285714285714 0.557608695652174
0.964285714285714 0.557305812058664
0.965225563909774 0.557546145494028
0.965225563909774 0.557243624525231
0.965225563909774 0.556941431670282
0.965225563909774 0.556639566395664
0.966165413533835 0.556879739978332
0.967105263157895 0.557119653492149
0.967105263157895 0.556818181818182
0.967105263157895 0.556517036235803
0.967105263157895 0.556216216216216
0.967105263157895 0.555915721231767
0.967105263157895 0.555615550755939
0.967105263157895 0.555315704263357
0.968045112781955 0.555555555555556
0.968045112781955 0.555256064690027
0.968045112781955 0.554956896551724
0.968045112781955 0.554658050619278
0.968045112781955 0.554359526372443
0.968045112781955 0.554061323292093
0.968045112781955 0.553763440860215
0.968984962406015 0.554003224073079
0.968984962406015 0.553705692803437
0.968984962406015 0.553408480944713
0.968984962406015 0.553111587982833
0.969924812030075 0.553351206434316
0.970864661654135 0.553590568060021
0.970864661654135 0.553294054633101
0.970864661654135 0.552997858672377
0.970864661654135 0.552701979668272
0.970864661654135 0.552406417112299
0.970864661654135 0.55211117049706
0.970864661654135 0.551816239316239
0.970864661654135 0.551521623064602
0.970864661654135 0.551227321237994
0.970864661654135 0.550933333333333
0.970864661654135 0.550639658848614
0.970864661654135 0.550346297282898
0.970864661654135 0.550053248136315
0.970864661654135 0.549760510910059
0.970864661654135 0.549468085106383
0.970864661654135 0.549175970228602
0.970864661654135 0.548884165781084
0.970864661654135 0.548592671269251
0.970864661654135 0.548301486199575
0.970864661654135 0.548010610079576
0.970864661654135 0.547720042417815
0.970864661654135 0.5474297827239
0.970864661654135 0.547139830508475
0.970864661654135 0.546850185283219
0.970864661654135 0.546560846560847
0.971804511278195 0.546800634584876
0.971804511278195 0.546511627906977
0.972744360902256 0.54675118858954
0.972744360902256 0.546462513199578
0.972744360902256 0.546174142480211
0.972744360902256 0.545886075949367
0.972744360902256 0.545598313125988
0.972744360902256 0.545310853530032
0.972744360902256 0.545023696682464
0.972744360902256 0.544736842105263
0.972744360902256 0.54445028932141
0.972744360902256 0.54416403785489
0.972744360902256 0.543878087230688
0.973684210526316 0.544117647058823
0.973684210526316 0.543832020997375
0.973684210526316 0.543546694648478
0.973684210526316 0.54326166754064
0.974624060150376 0.543501048218029
0.974624060150376 0.543216343635411
0.975563909774436 0.543455497382199
0.975563909774436 0.543171114599686
0.975563909774436 0.542887029288703
0.975563909774436 0.54260324098275
0.975563909774436 0.542319749216301
0.975563909774436 0.542036553524804
0.975563909774436 0.541753653444676
0.975563909774436 0.541471048513302
0.975563909774436 0.54118873826903
0.975563909774436 0.540906722251173
0.975563909774436 0.540625
0.975563909774436 0.540343571056741
0.975563909774436 0.54006243496358
0.976503759398496 0.540301612064483
0.976503759398496 0.54002079002079
0.976503759398496 0.53974025974026
0.977443609022556 0.539979231568017
0.977443609022556 0.539699014011417
0.977443609022556 0.539419087136929
0.977443609022556 0.539139450492483
0.977443609022556 0.538860103626943
0.977443609022556 0.538581046090109
0.978383458646617 0.538819875776398
0.979323308270677 0.539058458354889
0.979323308270677 0.538779731127198
0.979323308270677 0.538501291989664
0.980263157894737 0.538739669421488
0.981203007518797 0.538977800722767
0.981203007518797 0.538699690402477
0.981203007518797 0.538421866941723
0.981203007518797 0.538144329896907
0.981203007518797 0.537867078825348
0.981203007518797 0.537590113285273
0.981203007518797 0.537313432835821
0.982142857142857 0.537551440329218
0.982142857142857 0.537275064267352
0.982142857142857 0.536998972250771
0.982142857142857 0.536723163841808
0.982142857142857 0.536447638603696
0.982142857142857 0.536172396100564
0.982142857142857 0.535897435897436
0.982142857142857 0.535622757560225
0.982142857142857 0.535348360655738
0.982142857142857 0.535074244751664
0.982142857142857 0.534800409416581
0.982142857142857 0.534526854219949
0.982142857142857 0.534253578732106
0.982142857142857 0.533980582524272
0.982142857142857 0.533707865168539
0.982142857142857 0.533435426237876
0.982142857142857 0.533163265306122
0.982142857142857 0.532891381947986
0.982142857142857 0.532619775739042
0.982142857142857 0.532348446255731
0.982142857142857 0.532077393075356
0.982142857142857 0.531806615776081
0.982142857142857 0.531536113936928
0.982142857142857 0.531265887137773
0.982142857142857 0.53099593495935
0.982142857142857 0.53072625698324
0.982142857142857 0.530456852791878
0.982142857142857 0.530187721968544
0.983082706766917 0.530425963488844
0.983082706766917 0.530157121135327
0.983082706766917 0.529888551165147
0.983082706766917 0.529620253164557
0.983082706766917 0.529352226720648
0.983082706766917 0.529084471421346
0.983082706766917 0.528816986855409
0.983082706766917 0.528549772612431
0.983082706766917 0.528282828282828
0.983082706766917 0.52801615345785
0.983082706766917 0.527749747729566
0.983082706766917 0.527483610690872
0.983082706766917 0.527217741935484
0.983082706766917 0.526952141057935
0.984022556390977 0.527190332326284
0.984022556390977 0.526925012581782
0.984022556390977 0.526659959758551
0.984022556390977 0.526395173453997
0.984962406015038 0.526633165829146
0.984962406015038 0.526368658965344
0.984962406015038 0.526104417670683
0.984962406015038 0.525840441545409
0.984962406015038 0.525576730190572
0.985902255639098 0.525814536340852
0.985902255639098 0.525551102204409
0.985902255639098 0.525287931897847
0.985902255639098 0.525025025025025
0.985902255639098 0.524762381190595
0.985902255639098 0.5245
0.985902255639098 0.52423788105947
0.985902255639098 0.523976023976024
0.986842105263158 0.524213679480779
0.986842105263158 0.523952095808383
0.986842105263158 0.523690773067332
0.986842105263158 0.523429710867398
0.987781954887218 0.52366716492277
0.987781954887218 0.523406374501992
0.987781954887218 0.523145843703335
0.988721804511278 0.523383084577114
0.988721804511278 0.52312282446544
0.988721804511278 0.52286282306163
0.989661654135338 0.523099850968703
0.989661654135338 0.522840119165839
0.989661654135338 0.52258064516129
0.989661654135338 0.522321428571429
0.989661654135338 0.522062469013386
0.989661654135338 0.521803766105055
0.989661654135338 0.521545319465082
0.989661654135338 0.521287128712871
0.989661654135338 0.52102919346858
0.990601503759398 0.521266073194857
0.990601503759398 0.521008403361345
0.990601503759398 0.520750988142292
0.990601503759398 0.520493827160494
0.990601503759398 0.520236920039487
0.990601503759398 0.519980266403552
0.991541353383459 0.520216962524655
0.991541353383459 0.519960571710202
0.992481203007519 0.520197044334975
0.992481203007519 0.519940915805022
0.992481203007519 0.519685039370079
0.992481203007519 0.519429414658141
0.992481203007519 0.519174041297935
0.992481203007519 0.518918918918919
0.992481203007519 0.518664047151277
0.992481203007519 0.518409425625921
0.992481203007519 0.518155053974485
0.992481203007519 0.517900931829328
0.992481203007519 0.517647058823529
0.992481203007519 0.517393434590887
0.992481203007519 0.517140058765916
0.992481203007519 0.516886930983847
0.993421052631579 0.517123287671233
0.993421052631579 0.516870415647922
0.993421052631579 0.516617790811339
0.993421052631579 0.516365412799218
0.993421052631579 0.51611328125
0.993421052631579 0.515861395802831
0.993421052631579 0.515609756097561
0.993421052631579 0.515358361774744
0.993421052631579 0.515107212475634
0.993421052631579 0.514856307842182
0.993421052631579 0.51460564751704
0.993421052631579 0.514355231143552
0.993421052631579 0.514105058365759
0.993421052631579 0.513855128828391
0.993421052631579 0.513605442176871
0.993421052631579 0.513355998057309
0.993421052631579 0.513106796116505
0.993421052631579 0.512857836001941
0.993421052631579 0.512609117361785
0.994360902255639 0.512845370819195
0.994360902255639 0.512596899224806
0.994360902255639 0.512348668280872
0.995300751879699 0.512584704743466
0.995300751879699 0.51233671988389
0.995300751879699 0.512088974854932
0.995300751879699 0.511841469308845
0.995300751879699 0.511594202898551
0.995300751879699 0.511347175277644
0.995300751879699 0.511100386100386
0.995300751879699 0.510853835021708
0.995300751879699 0.510607521697203
0.995300751879699 0.510361445783133
0.995300751879699 0.510115606936416
0.995300751879699 0.509870004814637
0.995300751879699 0.509624639076035
0.995300751879699 0.509379509379509
0.995300751879699 0.509134615384615
0.995300751879699 0.508889956751562
0.995300751879699 0.50864553314121
0.995300751879699 0.508401344215074
0.995300751879699 0.508157389635317
0.995300751879699 0.507913669064748
0.995300751879699 0.507670182166826
0.995300751879699 0.507426928605654
0.995300751879699 0.507183908045977
0.995300751879699 0.506941120153183
0.996240601503759 0.507177033492823
0.996240601503759 0.506934481109517
0.99718045112782 0.50717017208413
0.99718045112782 0.506927854753942
0.99718045112782 0.506685768863419
0.99812030075188 0.506921241050119
0.99812030075188 0.506679389312977
0.99812030075188 0.506437768240343
0.99812030075188 0.506196377502383
0.99812030075188 0.50595521676989
0.99906015037594 0.506190476190476
0.99906015037594 0.505949547834365
1 0.506184586108468
1 0.505943889681407
1 0.505703422053232
1 0.505463182897862
1 0.505223171889839
1 0.504983388704319
1 0.504743833017078
1 0.504504504504504
1 0.504265402843602
1 0.504026527711985
1 0.503787878787879
1 0.503549455750118
1 0.503311258278146
1 0.503073286052009
1 0.502835538752363
1 0.502598016060463
1 0.502360717658168
1 0.502123643227938
1 0.50188679245283
1 0.501650165016502
1 0.501413760603205
1 0.501177578897786
1 0.500941619585687
1 0.500705882352941
1 0.500470366886171
1 0.500235072872591
1 0.5
