0 NA
0.000931098696461825 1
0.00186219739292365 1
0.00279329608938547 1
0.0037243947858473 1
0.00465549348230913 1
0.00558659217877095 1
0.00651769087523277 1
0.00651769087523277 0.875
0.0074487895716946 0.888888888888889
0.00837988826815642 0.9
0.00931098696461825 0.909090909090909
0.0102420856610801 0.916666666666667
0.0111731843575419 0.923076923076923
0.0121042830540037 0.928571428571429
0.0130353817504655 0.933333333333333
0.0139664804469274 0.9375
0.0148975791433892 0.941176470588235
0.015828677839851 0.944444444444444
0.0167597765363128 0.947368421052632
0.0176908752327747 0.95
0.0186219739292365 0.952380952380952
0.0195530726256983 0.954545454545455
0.0204841713221601 0.956521739130435
0.021415270018622 0.958333333333333
0.0223463687150838 0.96
0.0232774674115456 0.961538461538462
0.0242085661080074 0.962962962962963
0.0251396648044693 0.964285714285714
0.0260707635009311 0.96551724137931
0.0270018621973929 0.966666666666667
0.0288640595903166 0.96875
0.0288640595903166 0.939393939393939
0.0297951582867784 0.941176470588235
0.0307262569832402 0.942857142857143
0.0307262569832402 0.916666666666667
0.031657355679702 0.918918918918919
0.031657355679702 0.894736842105263
0.0325884543761639 0.897435897435897
0.0325884543761639 0.875
0.0335195530726257 0.878048780487805
0.0335195530726257 0.857142857142857
0.0335195530726257 0.837209302325581
0.0344506517690875 0.840909090909091
0.0353817504655493 0.844444444444444
0.0363128491620112 0.847826086956522
0.0363128491620112 0.829787234042553
0.0363128491620112 0.8125
0.037243947858473 0.816326530612245
0.0381750465549348 0.82
0.0391061452513966 0.823529411764706
0.0400372439478585 0.826923076923077
0.0400372439478585 0.811320754716981
0.0409683426443203 0.814814814814815
0.0418994413407821 0.818181818181818
0.042830540037244 0.821428571428571
0.0437616387337058 0.824561403508772
0.0446927374301676 0.827586206896552
0.0456238361266294 0.830508474576271
0.0465549348230912 0.833333333333333
0.0474860335195531 0.836065573770492
0.0474860335195531 0.82258064516129
0.0484171322160149 0.825396825396825
0.0493482309124767 0.828125
0.0502793296089385 0.830769230769231
0.0512104283054004 0.833333333333333
0.0521415270018622 0.835820895522388
0.053072625698324 0.838235294117647
0.0540037243947858 0.840579710144927
0.0540037243947858 0.828571428571429
0.0549348230912477 0.830985915492958
0.0558659217877095 0.833333333333333
0.0567970204841713 0.835616438356164
0.0577281191806331 0.837837837837838
0.058659217877095 0.84
0.0595903165735568 0.842105263157895
0.0605214152700186 0.844155844155844
0.0614525139664804 0.846153846153846
0.0623836126629423 0.848101265822785
0.0633147113594041 0.85
0.0642458100558659 0.851851851851852
0.0651769087523277 0.853658536585366
0.0661080074487896 0.855421686746988
0.0670391061452514 0.857142857142857
0.0679702048417132 0.858823529411765
0.0679702048417132 0.848837209302326
0.068901303538175 0.850574712643678
0.0698324022346369 0.852272727272727
0.0707635009310987 0.853932584269663
0.0716945996275605 0.855555555555556
0.0726256983240224 0.857142857142857
0.0735567970204842 0.858695652173913
0.074487895716946 0.860215053763441
0.0754189944134078 0.861702127659574
0.0754189944134078 0.852631578947368
0.0763500931098696 0.854166666666667
0.0772811918063315 0.855670103092783
0.0782122905027933 0.857142857142857
0.0791433891992551 0.858585858585859
0.0800744878957169 0.86
0.0810055865921788 0.861386138613861
0.0819366852886406 0.862745098039216
0.0828677839851024 0.864077669902913
0.0837988826815642 0.865384615384615
0.0847299813780261 0.866666666666667
0.0856610800744879 0.867924528301887
0.0865921787709497 0.869158878504673
0.0875232774674116 0.87037037037037
0.0884543761638734 0.871559633027523
0.0893854748603352 0.872727272727273
0.090316573556797 0.873873873873874
0.0912476722532588 0.875
0.0921787709497207 0.876106194690266
0.0931098696461825 0.87719298245614
0.0940409683426443 0.878260869565217
0.0949720670391061 0.879310344827586
0.095903165735568 0.88034188034188
0.0968342644320298 0.88135593220339
0.0968342644320298 0.873949579831933
0.0977653631284916 0.875
0.0986964618249535 0.87603305785124
0.0996275605214153 0.877049180327869
0.100558659217877 0.878048780487805
0.101489757914339 0.879032258064516
0.102420856610801 0.88
0.103351955307263 0.880952380952381
0.104283054003724 0.881889763779528
0.105214152700186 0.8828125
0.106145251396648 0.883720930232558
0.10707635009311 0.884615384615385
0.108007448789572 0.885496183206107
0.108007448789572 0.878787878787879
0.108938547486034 0.879699248120301
0.108938547486034 0.873134328358209
0.109869646182495 0.874074074074074
0.110800744878957 0.875
0.111731843575419 0.875912408759124
0.112662942271881 0.876811594202899
0.113594040968343 0.877697841726619
0.114525139664804 0.878571428571429
0.115456238361266 0.879432624113475
0.116387337057728 0.880281690140845
0.116387337057728 0.874125874125874
0.11731843575419 0.875
0.118249534450652 0.875862068965517
0.119180633147114 0.876712328767123
0.119180633147114 0.870748299319728
0.119180633147114 0.864864864864865
0.120111731843575 0.865771812080537
0.121042830540037 0.866666666666667
0.121973929236499 0.867549668874172
0.122905027932961 0.868421052631579
0.123836126629423 0.869281045751634
0.124767225325885 0.87012987012987
0.125698324022346 0.870967741935484
0.126629422718808 0.871794871794872
0.126629422718808 0.866242038216561
0.12756052141527 0.867088607594937
0.128491620111732 0.867924528301887
0.129422718808194 0.86875
0.129422718808194 0.863354037267081
0.129422718808194 0.858024691358025
0.130353817504655 0.858895705521472
0.130353817504655 0.853658536585366
0.131284916201117 0.854545454545454
0.132216014897579 0.855421686746988
0.132216014897579 0.850299401197605
0.133147113594041 0.851190476190476
0.134078212290503 0.85207100591716
0.135009310986965 0.852941176470588
0.135009310986965 0.847953216374269
0.135009310986965 0.843023255813954
0.135940409683426 0.84393063583815
0.136871508379888 0.844827586206897
0.136871508379888 0.84
0.13780260707635 0.840909090909091
0.138733705772812 0.84180790960452
0.139664804469274 0.842696629213483
0.140595903165736 0.843575418994413
0.141527001862197 0.844444444444444
0.141527001862197 0.839779005524862
0.142458100558659 0.840659340659341
0.143389199255121 0.841530054644809
0.144320297951583 0.842391304347826
0.145251396648045 0.843243243243243
0.146182495344507 0.844086021505376
0.147113594040968 0.844919786096257
0.14804469273743 0.845744680851064
0.148975791433892 0.846560846560847
0.149906890130354 0.847368421052632
0.150837988826816 0.848167539267016
0.151769087523277 0.848958333333333
0.152700186219739 0.849740932642487
0.153631284916201 0.850515463917526
0.154562383612663 0.851282051282051
0.154562383612663 0.846938775510204
0.155493482309125 0.847715736040609
0.156424581005587 0.848484848484849
0.156424581005587 0.844221105527638
0.156424581005587 0.84
0.157355679702048 0.840796019900497
0.15828677839851 0.841584158415842
0.159217877094972 0.842364532019704
0.159217877094972 0.838235294117647
0.159217877094972 0.834146341463415
0.160148975791434 0.83495145631068
0.161080074487896 0.835748792270531
0.162011173184358 0.836538461538462
0.162011173184358 0.832535885167464
0.162942271880819 0.833333333333333
0.163873370577281 0.834123222748815
0.163873370577281 0.830188679245283
0.163873370577281 0.826291079812207
0.163873370577281 0.822429906542056
0.164804469273743 0.823255813953488
0.165735567970205 0.824074074074074
0.166666666666667 0.824884792626728
0.166666666666667 0.821100917431193
0.167597765363128 0.821917808219178
0.16852886405959 0.822727272727273
0.169459962756052 0.823529411764706
0.169459962756052 0.81981981981982
0.169459962756052 0.816143497757848
0.170391061452514 0.816964285714286
0.171322160148976 0.817777777777778
0.172253258845438 0.81858407079646
0.173184357541899 0.819383259911894
0.174115456238361 0.820175438596491
0.175046554934823 0.820960698689956
0.175977653631285 0.821739130434783
0.175977653631285 0.818181818181818
0.176908752327747 0.818965517241379
0.177839851024209 0.819742489270386
0.17877094972067 0.82051282051282
0.17877094972067 0.817021276595745
0.179702048417132 0.817796610169492
0.180633147113594 0.818565400843882
0.181564245810056 0.819327731092437
0.181564245810056 0.815899581589958
0.181564245810056 0.8125
0.181564245810056 0.809128630705394
0.182495344506518 0.809917355371901
0.18342644320298 0.810699588477366
0.184357541899441 0.811475409836066
0.185288640595903 0.812244897959184
0.186219739292365 0.813008130081301
0.187150837988827 0.813765182186235
0.188081936685289 0.814516129032258
0.18901303538175 0.815261044176707
0.189944134078212 0.816
0.190875232774674 0.816733067729084
0.190875232774674 0.813492063492063
0.191806331471136 0.814229249011858
0.192737430167598 0.81496062992126
0.19366852886406 0.815686274509804
0.194599627560521 0.81640625
0.195530726256983 0.817120622568093
0.195530726256983 0.813953488372093
0.196461824953445 0.814671814671815
0.197392923649907 0.815384615384615
0.198324022346369 0.816091954022989
0.198324022346369 0.812977099236641
0.199255121042831 0.813688212927757
0.199255121042831 0.810606060606061
0.200186219739292 0.811320754716981
0.201117318435754 0.81203007518797
0.202048417132216 0.812734082397004
0.202979515828678 0.813432835820896
0.20391061452514 0.814126394052045
0.204841713221601 0.814814814814815
0.205772811918063 0.81549815498155
0.206703910614525 0.816176470588235
0.207635009310987 0.816849816849817
0.208566108007449 0.817518248175182
0.209497206703911 0.818181818181818
0.209497206703911 0.815217391304348
0.210428305400372 0.815884476534296
0.210428305400372 0.81294964028777
0.211359404096834 0.813620071684588
0.212290502793296 0.814285714285714
0.213221601489758 0.814946619217082
0.21415270018622 0.815602836879433
0.215083798882682 0.816254416961131
0.216014897579143 0.816901408450704
0.216014897579143 0.814035087719298
0.216945996275605 0.814685314685315
0.217877094972067 0.815331010452962
0.218808193668529 0.815972222222222
0.218808193668529 0.813148788927336
0.219739292364991 0.813793103448276
0.220670391061453 0.814432989690722
0.221601489757914 0.815068493150685
0.222532588454376 0.815699658703072
0.222532588454376 0.812925170068027
0.223463687150838 0.813559322033898
0.2243947858473 0.814189189189189
0.225325884543762 0.814814814814815
0.226256983240223 0.815436241610738
0.226256983240223 0.812709030100334
0.226256983240223 0.81
0.227188081936685 0.81063122923588
0.228119180633147 0.811258278145695
0.229050279329609 0.811881188118812
0.229050279329609 0.809210526315789
0.229981378026071 0.809836065573771
0.229981378026071 0.80718954248366
0.229981378026071 0.804560260586319
0.230912476722533 0.805194805194805
0.231843575418994 0.805825242718447
0.231843575418994 0.803225806451613
0.232774674115456 0.803858520900322
0.232774674115456 0.801282051282051
0.233705772811918 0.801916932907348
0.23463687150838 0.802547770700637
0.235567970204842 0.803174603174603
0.235567970204842 0.800632911392405
0.236499068901304 0.801261829652997
0.237430167597765 0.80188679245283
0.237430167597765 0.799373040752351
0.238361266294227 0.8
0.239292364990689 0.800623052959502
0.240223463687151 0.801242236024845
0.241154562383613 0.801857585139319
0.242085661080074 0.802469135802469
0.243016759776536 0.803076923076923
0.243016759776536 0.800613496932515
0.243016759776536 0.798165137614679
0.243947858472998 0.798780487804878
0.24487895716946 0.799392097264438
0.245810055865922 0.8
0.245810055865922 0.797583081570997
0.245810055865922 0.795180722891566
0.245810055865922 0.792792792792793
0.246741154562384 0.793413173652695
0.246741154562384 0.791044776119403
0.247672253258845 0.791666666666667
0.247672253258845 0.789317507418398
0.247672253258845 0.78698224852071
0.248603351955307 0.787610619469027
0.248603351955307 0.785294117647059
0.248603351955307 0.782991202346041
0.248603351955307 0.780701754385965
0.248603351955307 0.778425655976676
0.248603351955307 0.776162790697674
0.249534450651769 0.776811594202899
0.250465549348231 0.777456647398844
0.251396648044693 0.778097982708934
0.252327746741155 0.778735632183908
0.253258845437616 0.779369627507163
0.254189944134078 0.78
0.25512104283054 0.780626780626781
0.25512104283054 0.778409090909091
0.256052141527002 0.779036827195467
0.256052141527002 0.77683615819209
0.256983240223464 0.777464788732394
0.257914338919925 0.778089887640449
0.257914338919925 0.775910364145658
0.258845437616387 0.776536312849162
0.259776536312849 0.777158774373259
0.260707635009311 0.777777777777778
0.260707635009311 0.775623268698061
0.261638733705773 0.776243093922652
0.261638733705773 0.774104683195592
0.261638733705773 0.771978021978022
0.262569832402235 0.772602739726027
0.263500931098696 0.773224043715847
0.264432029795158 0.773841961852861
0.264432029795158 0.771739130434783
0.26536312849162 0.772357723577236
0.266294227188082 0.772972972972973
0.266294227188082 0.77088948787062
0.267225325884544 0.771505376344086
0.267225325884544 0.769436997319035
0.268156424581006 0.770053475935829
0.268156424581006 0.768
0.269087523277467 0.768617021276596
0.270018621973929 0.769230769230769
0.270949720670391 0.76984126984127
0.270949720670391 0.767810026385224
0.271880819366853 0.768421052631579
0.272811918063315 0.769028871391076
0.274674115456238 0.77023498694517
0.2756052141527 0.770833333333333
0.2756052141527 0.768831168831169
0.276536312849162 0.769430051813471
0.277467411545624 0.770025839793282
0.278398510242086 0.770618556701031
0.278398510242086 0.768637532133676
0.279329608938547 0.769230769230769
0.280260707635009 0.769820971867008
0.281191806331471 0.770408163265306
0.282122905027933 0.770992366412214
0.283054003724395 0.771573604060914
0.283985102420857 0.772151898734177
0.283985102420857 0.77020202020202
0.284916201117318 0.770780856423174
0.28584729981378 0.771356783919598
0.28584729981378 0.769423558897243
0.286778398510242 0.77
0.287709497206704 0.770573566084788
0.288640595903166 0.771144278606965
0.289571694599628 0.771712158808933
0.289571694599628 0.76980198019802
0.289571694599628 0.767901234567901
0.290502793296089 0.768472906403941
0.291433891992551 0.769041769041769
0.292364990689013 0.769607843137255
0.292364990689013 0.767726161369193
0.292364990689013 0.765853658536585
0.292364990689013 0.763990267639903
0.293296089385475 0.764563106796116
0.294227188081937 0.765133171912833
0.295158286778399 0.765700483091787
0.295158286778399 0.763855421686747
0.29608938547486 0.764423076923077
0.297020484171322 0.764988009592326
0.297951582867784 0.76555023923445
0.297951582867784 0.763723150357995
0.297951582867784 0.761904761904762
0.298882681564246 0.762470308788599
0.299813780260708 0.76303317535545
0.300744878957169 0.763593380614657
0.301675977653631 0.764150943396226
0.302607076350093 0.764705882352941
0.302607076350093 0.762910798122066
0.302607076350093 0.761124121779859
0.303538175046555 0.761682242990654
0.304469273743017 0.762237762237762
0.304469273743017 0.76046511627907
0.305400372439479 0.761020881670534
0.30633147113594 0.761574074074074
0.307262569832402 0.762124711316397
0.308193668528864 0.762672811059908
0.308193668528864 0.760919540229885
0.309124767225326 0.761467889908257
0.310055865921788 0.762013729977117
0.31098696461825 0.762557077625571
0.311918063314711 0.763097949886105
0.312849162011173 0.763636363636364
0.313780260707635 0.764172335600907
0.313780260707635 0.762443438914027
0.314711359404097 0.762979683972912
0.315642458100559 0.763513513513513
0.31657355679702 0.764044943820225
0.317504655493482 0.76457399103139
0.318435754189944 0.76510067114094
0.318435754189944 0.763392857142857
0.319366852886406 0.763919821826281
0.320297951582868 0.764444444444444
0.32122905027933 0.764966740576497
0.322160148975791 0.765486725663717
0.323091247672253 0.766004415011038
0.323091247672253 0.76431718061674
0.324022346368715 0.764835164835165
0.324953445065177 0.765350877192982
0.324953445065177 0.763676148796499
0.325884543761639 0.764192139737991
0.325884543761639 0.762527233115468
0.326815642458101 0.76304347826087
0.326815642458101 0.761388286334056
0.327746741154562 0.761904761904762
0.328677839851024 0.762419006479482
0.328677839851024 0.760775862068966
0.329608938547486 0.761290322580645
0.330540037243948 0.761802575107296
0.33147113594041 0.762312633832976
0.332402234636872 0.762820512820513
0.333333333333333 0.763326226012793
0.334264432029795 0.763829787234043
0.334264432029795 0.762208067940552
0.335195530726257 0.76271186440678
0.336126629422719 0.763213530655391
0.337057728119181 0.763713080168776
0.337988826815642 0.764210526315789
0.338919925512104 0.764705882352941
0.338919925512104 0.763102725366876
0.339851024208566 0.763598326359833
0.340782122905028 0.764091858037578
0.34171322160149 0.764583333333333
0.342644320297952 0.765072765072765
0.342644320297952 0.763485477178423
0.343575418994413 0.763975155279503
0.344506517690875 0.764462809917355
0.344506517690875 0.762886597938144
0.345437616387337 0.763374485596708
0.345437616387337 0.761806981519507
0.346368715083799 0.762295081967213
0.347299813780261 0.76278118609407
0.348230912476723 0.763265306122449
0.349162011173184 0.763747454175153
0.349162011173184 0.76219512195122
0.349162011173184 0.760649087221095
0.349162011173184 0.759109311740891
0.350093109869646 0.75959595959596
0.351024208566108 0.76008064516129
0.351024208566108 0.758551307847082
0.35195530726257 0.759036144578313
0.352886405959032 0.759519038076152
0.353817504655493 0.76
0.353817504655493 0.758483033932136
0.354748603351955 0.758964143426295
0.355679702048417 0.759443339960239
0.356610800744879 0.759920634920635
0.357541899441341 0.76039603960396
0.358472998137803 0.760869565217391
0.358472998137803 0.759368836291913
0.359404096834264 0.759842519685039
0.360335195530726 0.760314341846758
0.361266294227188 0.76078431372549
0.36219739292365 0.761252446183953
0.363128491620112 0.76171875
0.364059590316574 0.762183235867446
0.364059590316574 0.760700389105058
0.364059590316574 0.759223300970874
0.364990689013035 0.75968992248062
0.364990689013035 0.758220502901354
0.365921787709497 0.758687258687259
0.365921787709497 0.757225433526012
0.365921787709497 0.755769230769231
0.366852886405959 0.756238003838772
0.367783985102421 0.756704980842912
0.367783985102421 0.755258126195029
0.367783985102421 0.75381679389313
0.368715083798883 0.754285714285714
0.369646182495345 0.754752851711027
0.369646182495345 0.753320683111954
0.370577281191806 0.753787878787879
0.371508379888268 0.754253308128544
0.37243947858473 0.754716981132076
0.373370577281192 0.755178907721281
0.374301675977654 0.755639097744361
0.375232774674115 0.75609756097561
0.376163873370577 0.756554307116105
0.377094972067039 0.757009345794392
0.378026070763501 0.757462686567164
0.378957169459963 0.757914338919926
0.379888268156425 0.758364312267658
0.381750465549348 0.759259259259259
0.38268156424581 0.759704251386322
0.383612662942272 0.760147601476015
0.384543761638734 0.760589318600368
0.385474860335196 0.761029411764706
0.386405959031657 0.761467889908257
0.387337057728119 0.761904761904762
0.387337057728119 0.760511882998172
0.388268156424581 0.760948905109489
0.389199255121043 0.761384335154827
0.390130353817505 0.761818181818182
0.390130353817505 0.76043557168784
0.391061452513966 0.760869565217391
0.391992551210428 0.76130198915009
0.39292364990689 0.76036036036036
0.393854748603352 0.760791366906475
0.394785847299814 0.761220825852783
0.395716945996276 0.761648745519713
0.395716945996276 0.760286225402504
0.395716945996276 0.758928571428571
0.395716945996276 0.757575757575758
0.396648044692737 0.758007117437722
0.397579143389199 0.758436944937833
0.397579143389199 0.75709219858156
0.397579143389199 0.755752212389381
0.398510242085661 0.756183745583039
0.399441340782123 0.756613756613757
0.400372439478585 0.757042253521127
0.400372439478585 0.755711775043937
0.401303538175047 0.756140350877193
0.401303538175047 0.754816112084063
0.401303538175047 0.753496503496504
0.401303538175047 0.7521815008726
0.401303538175047 0.750871080139373
0.401303538175047 0.749565217391304
0.401303538175047 0.748263888888889
0.402234636871508 0.748700173310225
0.40316573556797 0.749134948096886
0.404096834264432 0.749568221070812
0.404096834264432 0.748275862068966
0.405027932960894 0.748709122203098
0.405027932960894 0.747422680412371
0.405959031657356 0.747855917667238
0.405959031657356 0.746575342465753
0.406890130353817 0.747008547008547
0.407821229050279 0.747440273037543
0.407821229050279 0.746166950596252
0.408752327746741 0.746598639455782
0.409683426443203 0.747028862478778
0.409683426443203 0.745762711864407
0.409683426443203 0.744500846023689
0.409683426443203 0.743243243243243
0.409683426443203 0.741989881956155
0.410614525139665 0.742424242424242
0.411545623836127 0.742857142857143
0.412476722532588 0.743288590604027
0.412476722532588 0.742043551088777
0.41340782122905 0.74247491638796
0.414338919925512 0.742904841402337
0.414338919925512 0.741666666666667
0.415270018621974 0.742096505823627
0.416201117318436 0.742524916943522
0.417132216014898 0.742951907131012
0.418063314711359 0.743377483443709
0.418994413407821 0.743801652892562
0.419925512104283 0.744224422442244
0.420856610800745 0.744645799011532
0.421787709497207 0.745065789473684
0.422718808193669 0.745484400656814
0.42364990689013 0.745901639344262
0.424581005586592 0.746317512274959
0.425512104283054 0.746732026143791
0.425512104283054 0.745513866231648
0.425512104283054 0.744299674267101
0.425512104283054 0.743089430894309
0.426443202979516 0.743506493506494
0.427374301675978 0.743922204213938
0.428305400372439 0.744336569579288
0.429236499068901 0.744749596122779
0.429236499068901 0.743548387096774
0.430167597765363 0.743961352657005
0.431098696461825 0.744372990353698
0.431098696461825 0.743178170144462
0.432029795158287 0.743589743589744
0.432960893854749 0.744
0.43389199255121 0.744408945686901
0.43389199255121 0.743221690590112
0.43389199255121 0.74203821656051
0.434823091247672 0.742448330683625
0.434823091247672 0.741269841269841
0.435754189944134 0.741679873217116
0.436685288640596 0.742088607594937
0.437616387337058 0.742496050552923
0.437616387337058 0.741324921135647
0.43854748603352 0.741732283464567
0.43854748603352 0.740566037735849
0.439478584729981 0.740973312401884
0.439478584729981 0.739811912225705
0.439478584729981 0.738654147104851
0.439478584729981 0.7375
0.440409683426443 0.737909516380655
0.441340782122905 0.738317757009346
0.441340782122905 0.737169517884914
0.442271880819367 0.737577639751553
0.442271880819367 0.736434108527132
0.442271880819367 0.735294117647059
0.443202979515829 0.735703245749614
0.444134078212291 0.736111111111111
0.445065176908752 0.736517719568567
0.445065176908752 0.735384615384615
0.445996275605214 0.7357910906298
0.445996275605214 0.734662576687117
0.446927374301676 0.735068912710567
0.447858472998138 0.735474006116208
0.4487895716946 0.73587786259542
0.449720670391061 0.736280487804878
0.450651769087523 0.736681887366819
0.451582867783985 0.737082066869301
0.452513966480447 0.737481031866464
0.453445065176909 0.737878787878788
0.453445065176909 0.736762481089259
0.453445065176909 0.735649546827795
0.454376163873371 0.73604826546003
0.455307262569832 0.73644578313253
0.455307262569832 0.735338345864662
0.456238361266294 0.735735735735736
0.457169459962756 0.736131934032983
0.457169459962756 0.735029940119761
0.458100558659218 0.73542600896861
0.45903165735568 0.735820895522388
0.459962756052142 0.736214605067064
0.459962756052142 0.735119047619048
0.460893854748603 0.735512630014859
0.460893854748603 0.734421364985163
0.461824953445065 0.734814814814815
0.462756052141527 0.735207100591716
0.463687150837989 0.735598227474151
0.463687150837989 0.734513274336283
0.464618249534451 0.734904270986745
0.464618249534451 0.733823529411765
0.465549348230912 0.734214390602056
0.465549348230912 0.733137829912023
0.465549348230912 0.732064421669107
0.466480446927374 0.732456140350877
0.466480446927374 0.731386861313869
0.466480446927374 0.730320699708455
0.466480446927374 0.729257641921397
0.466480446927374 0.728197674418605
0.466480446927374 0.727140783744557
0.467411545623836 0.727536231884058
0.468342644320298 0.727930535455861
0.46927374301676 0.728323699421965
0.46927374301676 0.727272727272727
0.46927374301676 0.726224783861671
0.470204841713222 0.726618705035971
0.471135940409683 0.727011494252874
0.471135940409683 0.72596843615495
0.472067039106145 0.726361031518625
0.472067039106145 0.725321888412017
0.472067039106145 0.724285714285714
0.472067039106145 0.723252496433666
0.472998137802607 0.723646723646724
0.473929236499069 0.724039829302987
0.474860335195531 0.724431818181818
0.474860335195531 0.723404255319149
0.475791433891993 0.723796033994334
0.476722532588454 0.724186704384724
0.477653631284916 0.724576271186441
0.478584729981378 0.724964739069111
0.478584729981378 0.723943661971831
0.47951582867784 0.724331926863572
0.480446927374302 0.724719101123595
0.480446927374302 0.723702664796634
0.481378026070764 0.724089635854342
0.482309124767225 0.724475524475524
0.482309124767225 0.723463687150838
0.483240223463687 0.723849372384937
0.483240223463687 0.722841225626741
0.484171322160149 0.723226703755216
0.485102420856611 0.723611111111111
0.486033519553073 0.723994452149792
0.486033519553073 0.722991689750693
0.486964618249534 0.723374827109267
0.487895716945996 0.723756906077348
0.487895716945996 0.722758620689655
0.488826815642458 0.723140495867769
0.488826815642458 0.722145804676754
0.48975791433892 0.722527472527473
0.490689013035382 0.722908093278464
0.491620111731844 0.723287671232877
0.492551210428305 0.723666210670315
0.492551210428305 0.722677595628415
0.492551210428305 0.721691678035471
0.493482309124767 0.722070844686649
0.494413407821229 0.722448979591837
0.495344506517691 0.722826086956522
0.496275605214153 0.723202170963365
0.497206703910615 0.723577235772358
0.498137802607076 0.723951285520974
0.499068901303538 0.724324324324324
0.5 0.724696356275304
0.500931098696462 0.725067385444744
0.501862197392924 0.725437415881561
0.502793296089385 0.725806451612903
0.502793296089385 0.724832214765101
0.502793296089385 0.723860589812332
0.503724394785847 0.724230254350736
0.503724394785847 0.723262032085562
0.503724394785847 0.722296395193591
0.504655493482309 0.722666666666667
0.504655493482309 0.721704394141145
0.505586592178771 0.722074468085106
0.506517690875233 0.722443559096946
0.507448789571695 0.722811671087533
0.507448789571695 0.721854304635762
0.508379888268156 0.722222222222222
0.509310986964618 0.722589167767503
0.51024208566108 0.722955145118733
0.511173184357542 0.723320158102767
0.512104283054004 0.723684210526316
0.513035381750466 0.724047306176084
0.513966480446927 0.724409448818898
0.514897579143389 0.724770642201835
0.515828677839851 0.725130890052356
0.515828677839851 0.724183006535948
0.515828677839851 0.723237597911227
0.516759776536313 0.723598435462842
0.517690875232775 0.723958333333333
0.517690875232775 0.723016905071521
0.518621973929236 0.723376623376623
0.519553072625698 0.723735408560311
0.52048417132216 0.724093264248705
0.52048417132216 0.723156532988357
0.52048417132216 0.722222222222222
0.52048417132216 0.721290322580645
0.521415270018622 0.721649484536082
0.521415270018622 0.720720720720721
0.522346368715084 0.721079691516709
0.522346368715084 0.7201540436457
0.522346368715084 0.719230769230769
0.522346368715084 0.71830985915493
0.523277467411546 0.718670076726343
0.523277467411546 0.717752234993614
0.524208566108007 0.718112244897959
0.525139664804469 0.718471337579618
0.526070763500931 0.71882951653944
0.526070763500931 0.717916137229987
0.526070763500931 0.717005076142132
0.527001862197393 0.717363751584284
0.527001862197393 0.716455696202532
0.527932960893855 0.716814159292035
0.528864059590317 0.717171717171717
0.528864059590317 0.716267339218159
0.529795158286778 0.716624685138539
0.529795158286778 0.715723270440252
0.53072625698324 0.71608040201005
0.531657355679702 0.716436637390213
0.531657355679702 0.715538847117794
0.532588454376164 0.715894868585732
0.532588454376164 0.715
0.532588454376164 0.714107365792759
0.533519553072626 0.714463840399002
0.533519553072626 0.713574097135741
0.534450651769088 0.713930348258706
0.535381750465549 0.714285714285714
0.535381750465549 0.713399503722084
0.535381750465549 0.712515489467162
0.535381750465549 0.711633663366337
0.535381750465549 0.710754017305315
0.536312849162011 0.711111111111111
0.536312849162011 0.710234278668311
0.537243947858473 0.710591133004926
0.538175046554935 0.710947109471095
0.538175046554935 0.71007371007371
0.539106145251397 0.710429447852761
0.539106145251397 0.709558823529412
0.540037243947858 0.709914320685434
0.54096834264432 0.710268948655257
0.541899441340782 0.710622710622711
0.542830540037244 0.710975609756098
0.542830540037244 0.710109622411693
0.543761638733706 0.710462287104623
0.543761638733706 0.709599027946537
0.544692737430168 0.70995145631068
0.544692737430168 0.709090909090909
0.545623836126629 0.709443099273608
0.545623836126629 0.708585247883918
0.545623836126629 0.707729468599034
0.546554934823091 0.708082026537998
0.547486033519553 0.708433734939759
0.547486033519553 0.707581227436823
0.548417132216015 0.707932692307692
0.549348230912477 0.70828331332533
0.550279329608939 0.70863309352518
0.550279329608939 0.707784431137725
0.5512104283054 0.708133971291866
0.552141527001862 0.708482676224612
0.552141527001862 0.70763723150358
0.552141527001862 0.706793802145411
0.552141527001862 0.705952380952381
0.553072625698324 0.706302021403092
0.553072625698324 0.705463182897862
0.553072625698324 0.704626334519573
0.553072625698324 0.703791469194313
0.554003724394786 0.70414201183432
0.554934823091248 0.704491725768322
0.55586592178771 0.704840613931523
0.556797020484171 0.705188679245283
0.557728119180633 0.705535924617197
0.558659217877095 0.705882352941177
0.559590316573557 0.706227967097532
0.560521415270019 0.706572769953052
0.560521415270019 0.705744431418523
0.560521415270019 0.704918032786885
0.56145251396648 0.705263157894737
0.562383612662942 0.705607476635514
0.562383612662942 0.704784130688448
0.563314711359404 0.705128205128205
0.563314711359404 0.70430733410943
0.563314711359404 0.703488372093023
0.563314711359404 0.70267131242741
0.564245810055866 0.703016241299304
0.564245810055866 0.702201622247972
0.565176908752328 0.702546296296296
0.56610800744879 0.702890173410405
0.567039106145251 0.703233256351039
0.567039106145251 0.70242214532872
0.567039106145251 0.701612903225806
0.567039106145251 0.700805523590334
0.567970204841713 0.701149425287356
0.568901303538175 0.701492537313433
0.569832402234637 0.701834862385321
0.570763500931099 0.702176403207331
0.571694599627561 0.702517162471396
0.571694599627561 0.701714285714286
0.572625698324022 0.702054794520548
0.573556797020484 0.702394526795895
0.573556797020484 0.701594533029613
0.573556797020484 0.700796359499431
0.573556797020484 0.7
0.573556797020484 0.699205448354143
0.574487895716946 0.699546485260771
0.575418994413408 0.699886749716874
0.57635009310987 0.700226244343891
0.57635009310987 0.699435028248588
0.577281191806331 0.699774266365689
0.578212290502793 0.70011273957159
0.579143389199255 0.70045045045045
0.580074487895717 0.700787401574803
0.580074487895717 0.7
0.581005586592179 0.7003367003367
0.581005586592179 0.699551569506726
0.581936685288641 0.699888017917133
0.581936685288641 0.69910514541387
0.582867783985102 0.699441340782123
0.582867783985102 0.698660714285714
0.582867783985102 0.697881828316611
0.582867783985102 0.697104677060134
0.583798882681564 0.697441601779755
0.584729981378026 0.697777777777778
0.585661080074488 0.69811320754717
0.585661080074488 0.697339246119734
0.58659217877095 0.697674418604651
0.58659217877095 0.696902654867257
0.587523277467412 0.697237569060773
0.588454376163873 0.69757174392936
0.588454376163873 0.696802646085998
0.588454376163873 0.696035242290749
0.589385474860335 0.695604395604396
0.590316573556797 0.695938529088913
0.591247672253259 0.696271929824561
0.592178770949721 0.696604600219058
0.593109869646183 0.696936542669584
0.594040968342644 0.697267759562841
0.594040968342644 0.696506550218341
0.594972067039106 0.696837513631407
0.594972067039106 0.696078431372549
0.595903165735568 0.696409140369967
0.595903165735568 0.695652173913043
0.59683426443203 0.695982627578719
0.59683426443203 0.695227765726681
0.597765363128492 0.695557963163597
0.597765363128492 0.694805194805195
0.598696461824953 0.695135135135135
0.598696461824953 0.694384449244061
0.598696461824953 0.693635382955771
0.599627560521415 0.693965517241379
0.600558659217877 0.694294940796555
0.601489757914339 0.694623655913978
0.602420856610801 0.694951664876477
0.603351955307263 0.695278969957081
0.604283054003724 0.695605573419078
0.605214152700186 0.69593147751606
0.606145251396648 0.696256684491979
0.60707635009311 0.696581196581197
0.608007448789572 0.696905016008538
0.608938547486033 0.697228144989339
0.609869646182495 0.697550585729499
0.610800744878957 0.697872340425532
0.610800744878957 0.697130712008502
0.611731843575419 0.697452229299363
0.611731843575419 0.696712619300106
0.612662942271881 0.697033898305085
0.612662942271881 0.696296296296296
0.613594040968343 0.69661733615222
0.613594040968343 0.695881731784583
0.614525139664804 0.69620253164557
0.614525139664804 0.695468914646997
0.614525139664804 0.694736842105263
0.615456238361266 0.695057833859096
0.616387337057728 0.695378151260504
0.61731843575419 0.695697796432319
0.618249534450652 0.69601677148847
0.618249534450652 0.695287958115183
0.619180633147114 0.695606694560669
0.620111731843575 0.695924764890282
0.621042830540037 0.696242171189979
0.621042830540037 0.695516162669447
0.621973929236499 0.695833333333333
0.621973929236499 0.695109261186264
0.622905027932961 0.695426195426195
0.622905027932961 0.694704049844237
0.622905027932961 0.693983402489627
0.622905027932961 0.693264248704663
0.623836126629423 0.693581780538302
0.624767225325885 0.693898655635988
0.624767225325885 0.693181818181818
0.625698324022346 0.693498452012384
0.625698324022346 0.692783505154639
0.626629422718808 0.693099897013388
0.626629422718808 0.69238683127572
0.62756052141527 0.692702980472765
0.62756052141527 0.691991786447639
0.628491620111732 0.692307692307692
0.628491620111732 0.691598360655738
0.629422718808194 0.691914022517912
0.630353817504655 0.692229038854806
0.630353817504655 0.691521961184883
0.631284916201117 0.691836734693878
0.632216014897579 0.692150866462793
0.633147113594041 0.692464358452138
0.633147113594041 0.69175991861648
0.634078212290503 0.692073170731707
0.635009310986965 0.69238578680203
0.635940409683426 0.692697768762678
0.636871508379888 0.693009118541033
0.636871508379888 0.692307692307692
0.63780260707635 0.692618806875632
0.63780260707635 0.691919191919192
0.638733705772812 0.692230070635722
0.638733705772812 0.691532258064516
0.639664804469274 0.691842900302115
0.639664804469274 0.691146881287726
0.639664804469274 0.690452261306533
0.640595903165736 0.690763052208835
0.640595903165736 0.690070210631896
0.641527001862197 0.690380761523046
0.642458100558659 0.690690690690691
0.643389199255121 0.69030969030969
0.643389199255121 0.689620758483034
0.643389199255121 0.688933200398804
0.644320297951583 0.689243027888446
0.645251396648045 0.68955223880597
0.645251396648045 0.688866799204771
0.646182495344507 0.689175769612711
0.646182495344507 0.688492063492063
0.647113594040968 0.688800792864222
0.64804469273743 0.689108910891089
0.648975791433892 0.689416419386746
0.649906890130354 0.689723320158103
0.650837988826816 0.690029615004936
0.651769087523277 0.690335305719921
0.652700186219739 0.69064039408867
0.653631284916201 0.690944881889764
0.653631284916201 0.690265486725664
0.653631284916201 0.68958742632613
0.653631284916201 0.688910696761531
0.653631284916201 0.688235294117647
0.653631284916201 0.687561214495593
0.654562383612663 0.687866927592955
0.654562383612663 0.687194525904203
0.655493482309125 0.6875
0.656424581005587 0.68780487804878
0.657355679702048 0.688109161793372
0.657355679702048 0.687439143135346
0.657355679702048 0.686770428015564
0.65828677839851 0.687074829931973
0.659217877094972 0.687378640776699
0.660148975791434 0.687681862269641
0.661080074487896 0.687984496124031
0.661080074487896 0.687318489835431
0.662011173184358 0.687620889748549
0.662011173184358 0.68695652173913
0.662011173184358 0.686293436293436
0.662011173184358 0.685631629701061
0.662942271880819 0.685934489402698
0.662942271880819 0.685274302213667
0.662942271880819 0.684615384615385
0.663873370577281 0.684918347742555
0.663873370577281 0.68426103646833
0.663873370577281 0.683604985618408
0.663873370577281 0.682950191570881
0.663873370577281 0.682296650717703
0.664804469273743 0.682600382409178
0.665735567970205 0.682903533906399
0.666666666666667 0.683206106870229
0.666666666666667 0.682554814108675
0.666666666666667 0.681904761904762
0.666666666666667 0.681255946717412
0.666666666666667 0.680608365019011
0.667597765363129 0.680911680911681
0.667597765363129 0.680265654648956
0.667597765363129 0.679620853080569
0.667597765363129 0.678977272727273
0.66852886405959 0.679280983916746
0.669459962756052 0.679584120982987
0.669459962756052 0.678942398489141
0.669459962756052 0.678301886792453
0.670391061452514 0.678605089538172
0.671322160148976 0.678907721280603
0.671322160148976 0.67826904985889
0.671322160148976 0.677631578947368
0.671322160148976 0.676995305164319
0.671322160148976 0.676360225140713
0.671322160148976 0.67572633552015
0.671322160148976 0.675093632958802
0.672253258845438 0.675397567820393
0.673184357541899 0.675700934579439
0.674115456238361 0.676003734827264
0.674115456238361 0.675373134328358
0.675046554934823 0.675675675675676
0.675977653631285 0.675348837209302
0.676908752327747 0.675650557620818
0.676908752327747 0.675023212627669
0.676908752327747 0.674397031539889
0.676908752327747 0.673772011121409
0.677839851024209 0.674074074074074
0.677839851024209 0.673450508788159
0.67877094972067 0.673752310536044
0.67877094972067 0.673130193905817
0.679702048417132 0.673431734317343
0.679702048417132 0.672811059907834
0.680633147113594 0.673112338858195
0.681564245810056 0.673413063477461
0.682495344506518 0.673713235294118
0.68342644320298 0.674012855831038
0.68342644320298 0.673394495412844
0.684357541899441 0.673693858845096
0.684357541899441 0.673076923076923
0.685288640595903 0.673376029277219
0.685288640595903 0.672760511882998
0.685288640595903 0.672146118721461
0.685288640595903 0.671532846715328
0.686219739292365 0.6718322698268
0.687150837988827 0.672131147540984
0.688081936685289 0.672429481346679
0.689013035381751 0.672727272727273
0.689013035381751 0.672116257947321
0.689013035381751 0.671506352087114
0.689013035381751 0.670897552130553
0.689013035381751 0.670289855072464
0.689944134078212 0.670588235294118
0.689944134078212 0.66998191681736
0.690875232774674 0.670280036133695
0.691806331471136 0.67057761732852
0.691806331471136 0.669972948602344
0.692737430167598 0.67027027027027
0.69366852886406 0.670567056705671
0.69366852886406 0.669964028776978
0.69366852886406 0.669362084456424
0.69366852886406 0.668761220825853
0.694599627560521 0.669058295964126
0.694599627560521 0.668458781362007
0.694599627560521 0.667860340196956
0.695530726256983 0.668157423971377
0.696461824953445 0.668453976764969
0.697392923649907 0.66875
0.697392923649907 0.668153434433541
0.697392923649907 0.667557932263815
0.697392923649907 0.666963490650045
0.697392923649907 0.666370106761566
0.698324022346369 0.666666666666667
0.698324022346369 0.66607460035524
0.698324022346369 0.665483584738243
0.698324022346369 0.664893617021277
0.698324022346369 0.664304694419841
0.69925512104283 0.664601769911504
0.69925512104283 0.664014146772767
0.700186219739292 0.664310954063604
0.701117318435754 0.664607237422771
0.701117318435754 0.664021164021164
0.702048417132216 0.66431718061674
0.702979515828678 0.664612676056338
0.70391061452514 0.66490765171504
0.704841713221601 0.665202108963093
0.705772811918063 0.665496049165935
0.705772811918063 0.664912280701754
0.705772811918063 0.66432953549518
0.706703910614525 0.664623467600701
0.707635009310987 0.664916885389326
0.707635009310987 0.664335664335664
0.707635009310987 0.663755458515284
0.707635009310987 0.663176265270506
0.707635009310987 0.662598081952921
0.708566108007449 0.662891986062718
0.708566108007449 0.662315056570931
0.709497206703911 0.662608695652174
0.710428305400372 0.662901824500434
0.711359404096834 0.663194444444444
0.712290502793296 0.663486556808326
0.712290502793296 0.662911611785095
0.713221601489758 0.663203463203463
0.713221601489758 0.662629757785467
0.713221601489758 0.662057044079516
0.71415270018622 0.662348877374784
0.715083798882682 0.662640207075065
0.716014897579143 0.662931034482759
0.716945996275605 0.66322136089578
0.716945996275605 0.662650602409639
0.716945996275605 0.662080825451419
0.716945996275605 0.661512027491409
0.717877094972067 0.661802575107296
0.717877094972067 0.661234991423671
0.718808193668529 0.661525278491859
0.718808193668529 0.660958904109589
0.718808193668529 0.660393498716852
0.718808193668529 0.65982905982906
0.718808193668529 0.659265584970111
0.718808193668529 0.658703071672355
0.718808193668529 0.658141517476556
0.718808193668529 0.657580919931857
0.719739292364991 0.657872340425532
0.720670391061452 0.658163265306122
0.721601489757914 0.658453695836873
0.722532588454376 0.65874363327674
0.722532588454376 0.658184902459712
0.722532588454376 0.657627118644068
0.722532588454376 0.657070279424217
0.722532588454376 0.656514382402707
0.722532588454376 0.655959425190194
0.723463687150838 0.65625
0.7243947858473 0.656540084388186
0.725325884543762 0.656829679595278
0.726256983240223 0.657118786857624
0.726256983240223 0.656565656565657
0.727188081936685 0.656854499579479
0.727188081936685 0.656302521008403
0.728119180633147 0.656591099916037
0.728119180633147 0.656040268456376
0.728119180633147 0.655490360435876
0.728119180633147 0.654941373534338
0.728119180633147 0.65439330543933
0.728119180633147 0.653846153846154
0.729050279329609 0.654135338345865
0.729050279329609 0.653589315525877
0.729050279329609 0.653044203502919
0.729050279329609 0.6525
0.729981378026071 0.652789342214821
0.730912476722533 0.653078202995008
0.730912476722533 0.652535328345802
0.730912476722533 0.651993355481728
0.731843575418994 0.652282157676349
0.732774674115456 0.65257048092869
0.732774674115456 0.652029826014913
0.733705772811918 0.652317880794702
0.73463687150838 0.652605459057072
0.735567970204842 0.652892561983471
0.736499068901304 0.653179190751445
0.737430167597765 0.653465346534653
0.737430167597765 0.652926628194559
0.737430167597765 0.652388797364086
0.737430167597765 0.651851851851852
0.737430167597765 0.651315789473684
0.738361266294227 0.651602300739523
0.739292364990689 0.651888341543514
0.739292364990689 0.651353568498769
0.739292364990689 0.650819672131148
0.739292364990689 0.65028665028665
0.740223463687151 0.650572831423895
0.740223463687151 0.650040883074407
0.740223463687151 0.649509803921569
0.741154562383613 0.649795918367347
0.741154562383613 0.64926590538336
0.741154562383613 0.648736756316218
0.741154562383613 0.648208469055375
0.741154562383613 0.647681041497152
0.741154562383613 0.647154471544715
0.741154562383613 0.646628757108042
0.741154562383613 0.646103896103896
0.741154562383613 0.645579886455799
0.741154562383613 0.645056726094003
0.741154562383613 0.644534412955466
0.742085661080074 0.644822006472492
0.743016759776536 0.645109135004042
0.743016759776536 0.644588045234249
0.743016759776536 0.644067796610169
0.743016759776536 0.643548387096774
0.743016759776536 0.643029814665592
0.743016759776536 0.642512077294686
0.743016759776536 0.641995172968624
0.743016759776536 0.641479099678457
0.743947858472998 0.641767068273092
0.74487895716946 0.642054574638844
0.745810055865922 0.642341619887731
0.745810055865922 0.641826923076923
0.745810055865922 0.641313050440352
0.745810055865922 0.6408
0.746741154562384 0.641087130295763
0.746741154562384 0.640575079872205
0.746741154562384 0.640063846767757
0.747672253258845 0.640350877192982
0.748603351955307 0.640637450199203
0.748603351955307 0.640127388535032
0.749534450651769 0.640413683373111
0.749534450651769 0.639904610492846
0.750465549348231 0.640190627482129
0.750465549348231 0.63968253968254
0.751396648044693 0.639968279143537
0.751396648044693 0.63946117274168
0.751396648044693 0.63895486935867
0.751396648044693 0.638449367088608
0.751396648044693 0.637944664031621
0.752327746741155 0.638230647709321
0.752327746741155 0.637726913970008
0.753258845437616 0.63801261829653
0.753258845437616 0.637509850275808
0.753258845437616 0.637007874015748
0.754189944134078 0.637293469708891
0.75512104283054 0.637578616352201
0.756052141527002 0.637863315003928
0.756983240223464 0.638147566718995
0.756983240223464 0.637647058823529
0.756983240223464 0.637147335423197
0.756983240223464 0.63664839467502
0.756983240223464 0.636150234741784
0.757914338919926 0.636434714620797
0.757914338919926 0.6359375
0.757914338919926 0.63544106167057
0.757914338919926 0.634945397815913
0.758845437616387 0.63522992985191
0.759776536312849 0.635514018691589
0.760707635009311 0.63579766536965
0.760707635009311 0.635303265940902
0.761638733705773 0.635586635586636
0.762569832402235 0.635869565217391
0.762569832402235 0.635376260667184
0.763500931098696 0.635658914728682
0.763500931098696 0.635166537567777
0.764432029795158 0.635448916408669
0.76536312849162 0.635730858468677
0.766294227188082 0.636012364760433
0.767225325884544 0.636293436293436
0.767225325884544 0.635802469135803
0.768156424581006 0.636083269082498
0.768156424581006 0.635593220338983
0.768156424581006 0.635103926096998
0.769087523277467 0.635384615384615
0.770018621973929 0.635664873174481
0.770018621973929 0.635176651305684
0.770018621973929 0.634689178818112
0.770949720670391 0.634969325153374
0.770949720670391 0.63448275862069
0.771880819366853 0.634762633996937
0.771880819366853 0.634276970160673
0.771880819366853 0.633792048929664
0.772811918063315 0.634071810542399
0.773743016759777 0.634351145038168
0.774674115456238 0.634630053394355
0.7756052141527 0.634908536585366
0.776536312849162 0.635186595582635
0.777467411545624 0.635464231354642
0.777467411545624 0.634980988593156
0.777467411545624 0.634498480243161
0.777467411545624 0.634016704631739
0.777467411545624 0.633535660091047
0.777467411545624 0.633055344958302
0.777467411545624 0.632575757575758
0.777467411545624 0.632096896290689
0.778398510242086 0.632375189107413
0.778398510242086 0.631897203325775
0.778398510242086 0.631419939577039
0.779329608938548 0.631698113207547
0.779329608938548 0.631221719457014
0.779329608938548 0.630746043707611
0.779329608938548 0.630271084337349
0.779329608938548 0.62979683972912
0.780260707635009 0.630075187969925
0.780260707635009 0.629601803155522
0.781191806331471 0.62987987987988
0.781191806331471 0.629407351837959
0.781191806331471 0.628935532233883
0.781191806331471 0.628464419475655
0.782122905027933 0.62874251497006
0.783054003724395 0.629020194465221
0.783985102420857 0.629297458893871
0.784916201117318 0.62957430918596
0.784916201117318 0.62910447761194
0.784916201117318 0.628635346756152
0.78584729981378 0.628912071535022
0.786778398510242 0.629188384214445
0.786778398510242 0.628720238095238
0.786778398510242 0.628252788104089
0.786778398510242 0.62778603268945
0.786778398510242 0.62731997030438
0.787709497206704 0.627596439169139
0.787709497206704 0.627131208302446
0.788640595903166 0.627407407407407
0.789571694599628 0.627683197631384
0.790502793296089 0.627958579881657
0.790502793296089 0.627494456762749
0.791433891992551 0.627769571639586
0.791433891992551 0.627306273062731
0.791433891992551 0.626843657817109
0.791433891992551 0.626381724392041
0.791433891992551 0.625920471281296
0.791433891992551 0.625459896983076
0.791433891992551 0.625
0.792364990689013 0.625275532696547
0.792364990689013 0.624816446402349
0.792364990689013 0.624358033749083
0.793296089385475 0.624633431085044
0.793296089385475 0.624175824175824
0.793296089385475 0.623718887262079
0.794227188081937 0.623994147768837
0.794227188081937 0.623538011695906
0.794227188081937 0.623082542001461
0.794227188081937 0.622627737226277
0.794227188081937 0.62217359591539
0.795158286778399 0.622448979591837
0.795158286778399 0.621995630007283
0.79608938547486 0.622270742358079
0.79608938547486 0.621818181818182
0.79608938547486 0.621366279069767
0.797020484171322 0.62164124909223
0.797020484171322 0.621190130624093
0.797020484171322 0.620739666424946
0.797020484171322 0.620289855072464
0.797020484171322 0.619840695148443
0.797951582867784 0.620115774240232
0.798882681564246 0.620390455531453
0.798882681564246 0.619942196531792
0.798882681564246 0.619494584837545
0.799813780260708 0.61976911976912
0.799813780260708 0.619322278298486
0.799813780260708 0.618876080691643
0.799813780260708 0.618430525557955
0.80074487895717 0.618705035971223
0.80074487895717 0.618260244428469
0.80074487895717 0.617816091954023
0.801675977653631 0.618090452261307
0.802607076350093 0.618364418938307
0.803538175046555 0.618637992831541
0.803538175046555 0.618194842406877
0.803538175046555 0.617752326413744
0.804469273743017 0.618025751072961
0.804469273743017 0.617583988563259
0.805400372439479 0.617857142857143
0.805400372439479 0.6169757489301
0.805400372439479 0.616535994297933
0.80633147113594 0.616809116809117
0.80633147113594 0.616370106761566
0.80633147113594 0.615931721194879
0.80633147113594 0.615493958777541
0.80633147113594 0.615056818181818
0.80633147113594 0.614620298083747
0.807262569832402 0.614893617021277
0.807262569832402 0.614457831325301
0.807262569832402 0.614022662889518
0.807262569832402 0.613588110403397
0.807262569832402 0.613154172560113
0.807262569832402 0.612720848056537
0.807262569832402 0.61228813559322
0.807262569832402 0.611856033874382
0.808193668528864 0.61212976022567
0.809124767225326 0.612403100775194
0.810055865921788 0.612676056338028
0.810986964618249 0.612948627726953
0.811918063314711 0.613220815752461
0.812849162011173 0.613492621222769
0.812849162011173 0.613061797752809
0.813780260707635 0.613333333333333
0.813780260707635 0.612903225806452
0.813780260707635 0.612473721093203
0.813780260707635 0.612044817927171
0.813780260707635 0.611616515045486
0.813780260707635 0.611188811188811
0.813780260707635 0.610761705101328
0.814711359404097 0.611033519553073
0.814711359404097 0.610607117934403
0.815642458100559 0.610878661087866
0.815642458100559 0.610452961672474
0.815642458100559 0.610027855153203
0.815642458100559 0.609603340292276
0.81657355679702 0.609874826147427
0.81657355679702 0.609451007644197
0.81657355679702 0.609027777777778
0.81657355679702 0.608605135322693
0.817504655493482 0.608876560332871
0.817504655493482 0.608454608454608
0.817504655493482 0.60803324099723
0.817504655493482 0.607612456747405
0.818435754189944 0.607883817427386
0.819366852886406 0.608154803040774
0.819366852886406 0.607734806629834
0.819366852886406 0.607315389924086
0.819366852886406 0.606896551724138
0.820297951582868 0.607167470709855
0.82122905027933 0.607438016528926
0.82122905027933 0.607019958706125
0.82122905027933 0.606602475928473
0.822160148975791 0.606872852233677
0.822160148975791 0.606456043956044
0.823091247672253 0.606726149622512
0.823091247672253 0.606310013717421
0.823091247672253 0.605894448252228
0.823091247672253 0.605479452054794
0.824022346368715 0.605749486652977
0.824022346368715 0.605335157318741
0.824022346368715 0.604921394395079
0.824953445065177 0.605191256830601
0.825884543761639 0.605460750853242
0.825884543761639 0.605047748976808
0.826815642458101 0.605316973415133
0.826815642458101 0.604904632152589
0.827746741154562 0.605173587474472
0.827746741154562 0.604761904761905
0.828677839851024 0.605030591434398
0.829608938547486 0.605298913043478
0.830540037243948 0.605566870332654
0.83147113594041 0.605834464043419
0.83147113594041 0.605423728813559
0.832402234636871 0.605691056910569
0.833333333333333 0.605958023019634
0.833333333333333 0.605548037889039
0.833333333333333 0.605138607167005
0.834264432029795 0.605405405405405
0.835195530726257 0.605671843349088
0.835195530726257 0.605263157894737
0.835195530726257 0.604855023600809
0.835195530726257 0.6044474393531
0.835195530726257 0.604040404040404
0.835195530726257 0.603633916554509
0.835195530726257 0.603227975790182
0.835195530726257 0.602822580645161
0.835195530726257 0.602417730020148
0.835195530726257 0.602013422818792
0.835195530726257 0.601609657947686
0.835195530726257 0.601206434316354
0.835195530726257 0.60080375083724
0.835195530726257 0.600401606425703
0.835195530726257 0.6
0.835195530726257 0.599598930481283
0.835195530726257 0.599198396793587
0.836126629422719 0.599465954606141
0.837057728119181 0.599733155436958
0.837057728119181 0.599333333333333
0.837057728119181 0.598934043970686
0.837988826815642 0.599201065246338
0.838919925512104 0.599467731204258
0.839851024208566 0.599734042553192
0.839851024208566 0.599335548172757
0.840782122905028 0.599601593625498
0.84171322160149 0.599867285998673
0.842644320297952 0.600132625994695
0.842644320297952 0.59973492379059
0.843575418994413 0.6
0.844506517690875 0.600264725347452
0.844506517690875 0.599867724867725
0.844506517690875 0.599471249173827
0.845437616387337 0.599735799207398
0.845437616387337 0.599339933993399
0.846368715083799 0.599604221635884
0.847299813780261 0.599868160843771
0.848230912476723 0.600131752305665
0.848230912476723 0.599736668861093
0.848230912476723 0.599342105263158
0.848230912476723 0.598948060486522
0.848230912476723 0.598554533508541
0.848230912476723 0.598161523309258
0.848230912476723 0.597769028871391
0.849162011173184 0.598032786885246
0.849162011173184 0.597640891218873
0.849162011173184 0.597249508840864
0.849162011173184 0.596858638743455
0.849162011173184 0.596468279921517
0.849162011173184 0.596078431372549
0.850093109869646 0.59634225996081
0.851024208566108 0.596605744125326
0.851024208566108 0.596216568819309
0.85195530726257 0.596479791395046
0.852886405959032 0.596742671009772
0.852886405959032 0.596354166666667
0.852886405959032 0.595966167859467
0.853817504655493 0.596228868660598
0.853817504655493 0.595841455490578
0.853817504655493 0.595454545454545
0.854748603351955 0.595717066839714
0.854748603351955 0.595330739299611
0.854748603351955 0.594944912508101
0.854748603351955 0.594559585492228
0.854748603351955 0.594174757281553
0.854748603351955 0.59379042690815
0.854748603351955 0.593406593406593
0.855679702048417 0.593669250645995
0.855679702048417 0.593285990961911
0.856610800744879 0.593548387096774
0.857541899441341 0.593810444874275
0.858472998137803 0.594072164948454
0.858472998137803 0.593689632968448
0.859404096834264 0.593951093951094
0.859404096834264 0.593569131832797
0.859404096834264 0.59318766066838
0.859404096834264 0.592806679511882
0.859404096834264 0.592426187419769
0.860335195530726 0.592687620269403
0.861266294227188 0.592948717948718
0.861266294227188 0.592568866111467
0.861266294227188 0.592189500640205
0.86219739292365 0.592450415866923
0.86219739292365 0.592071611253197
0.86219739292365 0.591693290734824
0.86219739292365 0.591315453384419
0.86219739292365 0.590938098276962
0.86219739292365 0.590561224489796
0.86219739292365 0.590184831102613
0.86219739292365 0.589808917197452
0.863128491620112 0.590070019096117
0.864059590316574 0.590330788804071
0.864990689013035 0.590591226954863
0.864990689013035 0.590216010165184
0.865921787709497 0.59047619047619
0.866852886405959 0.590736040609137
0.867783985102421 0.590995561192137
0.867783985102421 0.590621039290241
0.867783985102421 0.590246991766941
0.868715083798883 0.590506329113924
0.869646182495345 0.590765338393422
0.869646182495345 0.59039190897598
0.870577281191806 0.590650663297536
0.870577281191806 0.590277777777778
0.871508379888268 0.590536277602524
0.871508379888268 0.590163934426229
0.871508379888268 0.589792060491493
0.871508379888268 0.589420654911839
0.871508379888268 0.589049716803021
0.871508379888268 0.588679245283019
0.871508379888268 0.58830923947203
0.871508379888268 0.587939698492462
0.87243947858473 0.588198367859385
0.873370577281192 0.588456712672522
0.874301675977654 0.58871473354232
0.875232774674115 0.588972431077694
0.875232774674115 0.588603631809643
0.876163873370577 0.588861076345432
0.877094972067039 0.589118198874296
0.877094972067039 0.58875
0.878026070763501 0.589006870705809
0.878026070763501 0.588639200998752
0.878026070763501 0.588271990018715
0.878957169459963 0.588528678304239
0.878957169459963 0.58816199376947
0.878957169459963 0.587795765877958
0.878957169459963 0.587429993777225
0.878957169459963 0.587064676616915
0.879888268156425 0.587321317588564
0.879888268156425 0.58695652173913
0.879888268156425 0.58659217877095
0.880819366852886 0.586848635235732
0.880819366852886 0.586484810911345
0.881750465549348 0.586741016109046
0.881750465549348 0.586377708978328
0.88268156424581 0.586633663366337
0.883612662942272 0.586889301175015
0.883612662942272 0.586526576019778
0.884543761638734 0.586781964175417
0.885474860335196 0.587037037037037
0.885474860335196 0.586674892041949
0.886405959031657 0.586929716399507
0.886405959031657 0.586568083795441
0.887337057728119 0.586822660098522
0.888268156424581 0.587076923076923
0.888268156424581 0.586715867158672
0.888268156424581 0.586355255070682
0.888268156424581 0.585995085995086
0.888268156424581 0.585635359116022
0.889199255121043 0.585889570552147
0.889199255121043 0.585530349478847
0.889199255121043 0.585171568627451
0.890130353817505 0.585425597060625
0.891061452513967 0.585679314565483
0.891992551210428 0.585932721712538
0.891992551210428 0.585574572127139
0.891992551210428 0.585216860109957
0.89292364990689 0.585470085470085
0.893854748603352 0.585723001830384
0.893854748603352 0.585365853658537
0.893854748603352 0.585009140767825
0.893854748603352 0.584652862362972
0.893854748603352 0.584297017650639
0.893854748603352 0.583941605839416
0.893854748603352 0.583586626139818
0.893854748603352 0.583232077764277
0.893854748603352 0.58287795992714
0.894785847299814 0.583131067961165
0.894785847299814 0.582777440873257
0.894785847299814 0.582424242424242
0.894785847299814 0.582071471835251
0.895716945996276 0.582324455205811
0.895716945996276 0.581972171808832
0.895716945996276 0.581620314389359
0.895716945996276 0.581268882175227
0.895716945996276 0.580917874396135
0.895716945996276 0.580567290283645
0.895716945996276 0.58021712907117
0.895716945996276 0.579867389993972
0.895716945996276 0.579518072289157
0.895716945996276 0.579169175195665
0.896648044692737 0.57942238267148
0.896648044692737 0.57907396271798
0.897579143389199 0.579326923076923
0.897579143389199 0.578978978978979
0.897579143389199 0.578631452581032
0.897579143389199 0.578284343131374
0.897579143389199 0.577937649880096
0.897579143389199 0.577591372079089
0.897579143389199 0.577245508982036
0.897579143389199 0.576900059844405
0.897579143389199 0.576555023923445
0.897579143389199 0.576210400478183
0.897579143389199 0.575866188769415
0.898510242085661 0.576119402985075
0.898510242085661 0.575775656324582
0.898510242085661 0.575432319618366
0.898510242085661 0.575089392133492
0.898510242085661 0.574746873138773
0.899441340782123 0.575
0.899441340782123 0.574657941701368
0.899441340782123 0.574316290130797
0.900372439478585 0.574569221628045
0.901303538175047 0.574821852731591
0.901303538175047 0.574480712166172
0.901303538175047 0.574139976275208
0.902234636871508 0.574392412566686
0.90316573556797 0.574644549763033
0.90316573556797 0.574304322084073
0.904096834264432 0.574556213017752
0.905959031657356 0.575059101654846
0.906890130353817 0.575310100413467
0.906890130353817 0.574970484061393
0.906890130353817 0.574631268436578
0.906890130353817 0.574292452830189
0.906890130353817 0.573954036535062
0.907821229050279 0.574204946996466
0.907821229050279 0.57386698057681
0.907821229050279 0.573529411764706
0.908752327746741 0.573780129335685
0.908752327746741 0.573443008225617
0.908752327746741 0.573106283029947
0.909683426443203 0.573356807511737
0.910614525139665 0.573607038123167
0.911545623836127 0.573856975381008
0.911545623836127 0.573520796719391
0.912476722532588 0.573770491803279
0.912476722532588 0.573434757167934
0.912476722532588 0.573099415204678
0.91340782122905 0.573348918760959
0.91340782122905 0.573014018691589
0.91340782122905 0.572679509632224
0.914338919925512 0.572928821470245
0.914338919925512 0.572594752186589
0.914338919925512 0.572261072261072
0.914338919925512 0.571927781013395
0.915270018621974 0.572176949941793
0.916201117318436 0.572425828970332
0.917132216014898 0.572674418604651
0.918063314711359 0.572922719349216
0.918994413407821 0.573170731707317
0.919925512104283 0.57341845618108
0.920856610800745 0.573665893271462
0.921787709497207 0.573913043478261
0.921787709497207 0.573580533024334
0.922718808193669 0.573827446438911
0.922718808193669 0.57349537037037
0.922718808193669 0.573163678426836
0.92364990689013 0.573410404624278
0.924581005586592 0.5736568457539
0.924581005586592 0.573325635103926
0.925512104283054 0.573571840738604
0.925512104283054 0.572910662824207
0.925512104283054 0.57258064516129
0.925512104283054 0.572251007484168
0.925512104283054 0.571921749136939
0.925512104283054 0.57159286946521
0.925512104283054 0.571264367816092
0.925512104283054 0.570936243538196
0.926443202979516 0.571182548794489
0.926443202979516 0.570854847963282
0.926443202979516 0.57052752293578
0.927374301675978 0.570773638968481
0.927374301675978 0.570446735395189
0.928305400372439 0.570692615912994
0.928305400372439 0.570366132723112
0.928305400372439 0.570040022870212
0.928305400372439 0.569714285714286
0.928305400372439 0.56938892061679
0.928305400372439 0.569063926940639
0.928305400372439 0.5687393040502
0.928305400372439 0.568415051311288
0.928305400372439 0.568091168091168
0.928305400372439 0.567767653758542
0.928305400372439 0.567444507683551
0.928305400372439 0.56712172923777
0.928305400372439 0.566799317794201
0.928305400372439 0.566477272727273
0.928305400372439 0.566155593412834
0.929236499068901 0.566401816118048
0.930167597765363 0.566647759500851
0.930167597765363 0.566326530612245
0.930167597765363 0.56600566572238
0.930167597765363 0.56568516421291
0.931098696461825 0.565930956423316
0.931098696461825 0.565610859728507
0.931098696461825 0.565291124929339
0.932029795158287 0.565536723163842
0.932029795158287 0.565217391304348
0.932960893854749 0.565462753950339
0.932960893854749 0.565143824027073
0.93389199255121 0.565388951521984
0.93389199255121 0.565070422535211
0.93389199255121 0.564752252252252
0.934823091247672 0.564997186268993
0.934823091247672 0.564679415073116
0.934823091247672 0.564362001124227
0.934823091247672 0.564044943820225
0.935754189944134 0.564289724873666
0.935754189944134 0.563973063973064
0.936685288640596 0.564217610768368
0.936685288640596 0.56390134529148
0.936685288640596 0.563585434173669
0.937616387337058 0.563829787234043
0.937616387337058 0.563514269725797
0.93854748603352 0.563758389261745
0.93854748603352 0.563443264393516
0.939478584729981 0.563687150837989
0.939478584729981 0.563372417643774
0.939478584729981 0.563058035714286
0.940409683426443 0.563301728945901
0.941340782122905 0.563545150501672
0.941340782122905 0.563231197771588
0.941340782122905 0.562917594654788
0.942271880819367 0.56316082359488
0.942271880819367 0.562847608453838
0.943202979515829 0.563090605892162
0.943202979515829 0.562777777777778
0.943202979515829 0.56246529705719
0.943202979515829 0.562153163152053
0.943202979515829 0.561841375485302
0.94413407821229 0.562084257206208
0.94413407821229 0.561772853185596
0.94413407821229 0.561461794019934
0.94413407821229 0.561151079136691
0.94413407821229 0.560840707964602
0.94413407821229 0.560530679933665
0.945065176908752 0.560773480662983
0.945996275605214 0.561016013252347
0.945996275605214 0.560706401766004
0.945996275605214 0.560397131825703
0.946927374301676 0.5606394707828
0.946927374301676 0.560330578512397
0.946927374301676 0.560022026431718
0.947858472998138 0.560264171711613
0.9487895716946 0.560506050605061
0.9487895716946 0.560197910940077
0.9487895716946 0.55989010989011
0.949720670391061 0.560131795716639
0.950651769087523 0.560373216245884
0.951582867783985 0.560614371914427
0.951582867783985 0.56030701754386
0.952513966480447 0.560547945205479
0.952513966480447 0.560240963855422
0.952513966480447 0.559934318555008
0.952513966480447 0.559628008752735
0.952513966480447 0.559322033898305
0.953445065176909 0.559562841530055
0.953445065176909 0.559257236482796
0.953445065176909 0.558951965065502
0.953445065176909 0.558647026732133
0.954376163873371 0.558887677208288
0.954376163873371 0.55858310626703
0.954376163873371 0.558278867102396
0.954376163873371 0.557974959172564
0.954376163873371 0.557671381936888
0.955307262569832 0.557911908646003
0.956238361266294 0.558152173913044
0.956238361266294 0.557848995111353
0.957169459962756 0.558089033659066
0.958100558659218 0.558328811720022
0.958100558659218 0.558026030368764
0.958100558659218 0.557723577235772
0.95903165735568 0.557963163596966
0.959962756052142 0.558202490525176
0.959962756052142 0.557900432900433
0.959962756052142 0.557598702001082
0.959962756052142 0.557297297297297
0.960893854748603 0.557536466774716
0.960893854748603 0.557235421166307
0.960893854748603 0.556934700485699
0.960893854748603 0.55663430420712
0.960893854748603 0.55633423180593
0.960893854748603 0.556034482758621
0.961824953445065 0.556273559504577
0.961824953445065 0.555974165769645
0.961824953445065 0.555675094136633
0.961824953445065 0.555376344086022
0.961824953445065 0.555077915099409
0.961824953445065 0.554779806659506
0.961824953445065 0.554482018250134
0.961824953445065 0.554184549356223
0.961824953445065 0.553887399463807
0.961824953445065 0.553590568060021
0.961824953445065 0.553294054633101
0.961824953445065 0.552997858672377
0.961824953445065 0.552701979668272
0.962756052141527 0.552941176470588
0.963687150837989 0.55318011758418
0.963687150837989 0.552884615384615
0.963687150837989 0.552589428723972
0.964618249534451 0.552828175026681
0.965549348230912 0.553066666666667
0.965549348230912 0.552771855010661
0.965549348230912 0.552477357485349
0.965549348230912 0.552183173588924
0.965549348230912 0.551889302820649
0.965549348230912 0.551595744680851
0.965549348230912 0.55130249867092
0.965549348230912 0.551009564293305
0.965549348230912 0.550716941051514
0.965549348230912 0.550424628450106
0.965549348230912 0.550132625994695
0.965549348230912 0.549840933191941
0.965549348230912 0.54954954954955
0.965549348230912 0.549258474576271
0.965549348230912 0.548967707781895
0.966480446927374 0.549206349206349
0.966480446927374 0.548915917503966
0.966480446927374 0.548625792811839
0.966480446927374 0.548335974643423
0.966480446927374 0.5480464625132
0.966480446927374 0.547757255936675
0.966480446927374 0.54746835443038
0.966480446927374 0.547179757511861
0.966480446927374 0.546891464699684
0.966480446927374 0.546603475513428
0.966480446927374 0.546315789473684
0.966480446927374 0.546028406102052
0.967411545623836 0.546267087276551
0.967411545623836 0.545980031529165
0.967411545623836 0.545693277310924
0.967411545623836 0.545406824146982
0.968342644320298 0.545645330535152
0.968342644320298 0.54535920293655
0.968342644320298 0.545073375262054
0.96927374301676 0.545311681508643
0.96927374301676 0.545026178010471
0.970204841713222 0.545264259549974
0.970204841713222 0.544979079497908
0.970204841713222 0.5446941975954
0.970204841713222 0.544409613375131
0.970204841713222 0.544125326370757
0.971135940409683 0.544363256784969
0.972067039106145 0.544600938967136
0.972067039106145 0.544316996871741
0.972067039106145 0.544033350703491
0.972067039106145 0.54375
0.972067039106145 0.543466944299844
0.972998137802607 0.543704474505723
0.972998137802607 0.543421736869475
0.972998137802607 0.543139293139293
0.972998137802607 0.542857142857143
0.972998137802607 0.54257528556594
0.972998137802607 0.542293720809549
0.972998137802607 0.541731467081389
0.973929236499069 0.541968911917098
0.973929236499069 0.541688244432936
0.973929236499069 0.541407867494824
0.974860335195531 0.541645111226074
0.974860335195531 0.541365046535677
0.974860335195531 0.541085271317829
0.974860335195531 0.540805785123967
0.974860335195531 0.540526587506453
0.974860335195531 0.540247678018576
0.974860335195531 0.539969056214544
0.974860335195531 0.539690721649485
0.975791433891993 0.539927872230809
0.975791433891993 0.539649845520082
0.975791433891993 0.53937210499228
0.976722532588454 0.539609053497942
0.976722532588454 0.539331619537275
0.977653631284916 0.539568345323741
0.977653631284916 0.539291217257319
0.977653631284916 0.539014373716632
0.977653631284916 0.538737814263725
0.977653631284916 0.538461538461538
0.977653631284916 0.538185545873911
0.977653631284916 0.537909836065574
0.978584729981378 0.538146441372248
0.97951582867784 0.538382804503582
0.97951582867784 0.538107416879795
0.97951582867784 0.537832310838446
0.980446927374302 0.538068472151252
0.980446927374302 0.53779366700715
0.980446927374302 0.537519142419602
0.981378026070764 0.537755102040816
0.981378026070764 0.537480877103519
0.981378026070764 0.537206931702345
0.981378026070764 0.536933265410087
0.981378026070764 0.536659877800407
0.981378026070764 0.536386768447837
0.981378026070764 0.536113936927772
0.981378026070764 0.535841382816472
0.981378026070764 0.535569105691057
0.981378026070764 0.535297105129507
0.981378026070764 0.53502538071066
0.981378026070764 0.534753932014206
0.982309124767225 0.53498985801217
0.983240223463687 0.53522554485555
0.983240223463687 0.534954407294833
0.983240223463687 0.534683544303797
0.984171322160149 0.534919028340081
0.984171322160149 0.534648457258472
0.984171322160149 0.534378159757331
0.984171322160149 0.53410813542193
0.984171322160149 0.533838383838384
0.984171322160149 0.53356890459364
0.984171322160149 0.533299697275479
0.984171322160149 0.533030761472516
0.985102420856611 0.533266129032258
0.985102420856611 0.532997481108312
0.985102420856611 0.532729103726083
0.985102420856611 0.532460996477101
0.985102420856611 0.532193158953722
0.985102420856611 0.53192559074912
0.985102420856611 0.531658291457286
0.985102420856611 0.531391260673029
0.985102420856611 0.531124497991968
0.985102420856611 0.530858003010537
0.985102420856611 0.530591775325978
0.985102420856611 0.530325814536341
0.986033519553073 0.530561122244489
0.986033519553073 0.530295443164747
0.986033519553073 0.53003003003003
0.986033519553073 0.529764882441221
0.986033519553073 0.5295
0.986033519553073 0.529235382308846
0.986033519553073 0.528971028971029
0.986033519553073 0.528706939590614
0.986033519553073 0.528443113772455
0.986033519553073 0.528179551122195
0.986033519553073 0.527916251246261
0.986033519553073 0.527653213751868
0.986033519553073 0.527390438247012
0.986033519553073 0.527127924340468
0.986033519553073 0.526865671641791
0.986964618249534 0.52710094480358
0.987895716945996 0.527335984095427
0.987895716945996 0.526812313803376
0.987895716945996 0.526550868486352
0.987895716945996 0.526289682539683
0.988826815642458 0.526524541398116
0.988826815642458 0.526263627353816
0.988826815642458 0.526002971768202
0.98975791433892 0.526237623762376
0.990689013035382 0.526472043542801
0.990689013035382 0.526211671612265
0.990689013035382 0.525951557093426
0.990689013035382 0.525691699604743
0.990689013035382 0.525432098765432
0.990689013035382 0.525172754195459
0.990689013035382 0.52491366551554
0.990689013035382 0.52465483234714
0.990689013035382 0.524396254312469
0.990689013035382 0.524137931034483
0.991620111731844 0.52437223042836
0.991620111731844 0.524114173228346
0.991620111731844 0.523856369896704
0.991620111731844 0.523598820058997
0.991620111731844 0.523341523341523
0.991620111731844 0.523084479371316
0.991620111731844 0.522827687776141
0.991620111731844 0.522571148184495
0.991620111731844 0.522314860225601
0.991620111731844 0.522058823529412
0.991620111731844 0.521803037726605
0.991620111731844 0.52154750244858
0.991620111731844 0.52129221732746
0.991620111731844 0.521037181996086
0.992551210428305 0.521271393643032
0.993482309124767 0.521505376344086
0.993482309124767 0.521250610649731
0.993482309124767 0.52099609375
0.993482309124767 0.520741825280625
0.993482309124767 0.520487804878049
0.994413407821229 0.520721599219893
0.994413407821229 0.52046783625731
0.994413407821229 0.520214320506576
0.994413407821229 0.519961051606621
0.994413407821229 0.51970802919708
0.994413407821229 0.519455252918288
0.994413407821229 0.519202722411279
0.994413407821229 0.518950437317784
0.994413407821229 0.518698397280233
0.994413407821229 0.518446601941748
0.994413407821229 0.518195050946143
0.995344506517691 0.518428709990301
0.996275605214153 0.518662142510906
0.996275605214153 0.518410852713178
0.996275605214153 0.518159806295399
0.996275605214153 0.517909002904163
0.996275605214153 0.517658442186744
0.996275605214153 0.517408123791103
0.997206703910615 0.517641372643789
0.997206703910615 0.517391304347826
0.997206703910615 0.517141477547079
0.997206703910615 0.516891891891892
0.997206703910615 0.516642547033285
0.997206703910615 0.516393442622951
0.997206703910615 0.516144578313253
0.997206703910615 0.515895953757225
0.997206703910615 0.51564756860857
0.997206703910615 0.515399422521655
0.997206703910615 0.515151515151515
0.997206703910615 0.514903846153846
0.997206703910615 0.514656415185007
0.997206703910615 0.514409221902017
0.997206703910615 0.514162265962554
0.997206703910615 0.513915547024952
0.997206703910615 0.513669064748201
0.997206703910615 0.513422818791946
0.997206703910615 0.513176808816483
0.997206703910615 0.512931034482759
0.997206703910615 0.51268549545237
0.997206703910615 0.51244019138756
0.997206703910615 0.51219512195122
0.997206703910615 0.511950286806883
0.997206703910615 0.511705685618729
0.997206703910615 0.511461318051576
0.997206703910615 0.511217183770883
0.997206703910615 0.510729613733906
0.997206703910615 0.510486177311725
0.997206703910615 0.510242972844211
0.997206703910615 0.51
0.997206703910615 0.509757258448358
0.997206703910615 0.509514747859182
0.997206703910615 0.509272467902996
0.997206703910615 0.509030418250951
0.997206703910615 0.508788598574822
0.998137802607076 0.509021842355176
0.998137802607076 0.508780256288562
0.998137802607076 0.50853889943074
0.998137802607076 0.508297771455666
0.998137802607076 0.508056872037915
0.998137802607076 0.507816200852676
0.998137802607076 0.507575757575758
0.998137802607076 0.507335541883578
0.998137802607076 0.507095553453169
0.998137802607076 0.506855791962175
0.998137802607076 0.506616257088847
0.999068901303538 0.506849315068493
0.999068901303538 0.506610009442871
0.999068901303538 0.506370929683813
0.999068901303538 0.506132075471698
0.999068901303538 0.505893446487506
0.999068901303538 0.505655042412818
0.999068901303538 0.505416862929816
0.999068901303538 0.505178907721281
0.999068901303538 0.504941176470588
0.999068901303538 0.504703668861712
0.999068901303538 0.50446638457922
0.999068901303538 0.504229323308271
0.999068901303538 0.503992484734617
0.999068901303538 0.503755868544601
0.999068901303538 0.503519474425153
0.999068901303538 0.50328330206379
0.999068901303538 0.503047351148617
0.999068901303538 0.502811621368322
1 0.503044496487119
1 0.502808988764045
1 0.502573701450632
1 0.502338634237605
1 0.502103786816269
1 0.501869158878505
1 0.501634750116768
1 0.50140056022409
1 0.501166588894074
1 0.500932835820896
1 0.500699300699301
1 0.500465983224604
1 0.500232883092687
