0 0
0 0.000931098696461825
0.000931966449207828 0.000931098696461825
0.000931966449207828 0.00186219739292365
0.000931966449207828 0.00279329608938547
0.000931966449207828 0.0037243947858473
0.000931966449207828 0.00465549348230913
0.000931966449207828 0.00558659217877095
0.000931966449207828 0.00651769087523277
0.000931966449207828 0.0074487895716946
0.000931966449207828 0.00837988826815642
0.000931966449207828 0.00931098696461825
0.000931966449207828 0.0102420856610801
0.000931966449207828 0.0111731843575419
0.000931966449207828 0.0121042830540037
0.000931966449207828 0.0130353817504655
0.000931966449207828 0.0139664804469274
0.000931966449207828 0.0148975791433892
0.000931966449207828 0.015828677839851
0.000931966449207828 0.0167597765363128
0.000931966449207828 0.0176908752327747
0.00186393289841566 0.0176908752327747
0.00186393289841566 0.0186219739292365
0.00186393289841566 0.0195530726256983
0.00186393289841566 0.0204841713221601
0.00186393289841566 0.021415270018622
0.00186393289841566 0.0223463687150838
0.00186393289841566 0.0232774674115456
0.00186393289841566 0.0242085661080074
0.00186393289841566 0.0251396648044693
0.00186393289841566 0.0260707635009311
0.00186393289841566 0.0270018621973929
0.00186393289841566 0.0279329608938547
0.00186393289841566 0.0288640595903166
0.00186393289841566 0.0297951582867784
0.00186393289841566 0.0307262569832402
0.00186393289841566 0.031657355679702
0.00186393289841566 0.0325884543761639
0.00186393289841566 0.0335195530726257
0.00186393289841566 0.0344506517690875
0.00279589934762349 0.0344506517690875
0.00279589934762349 0.0353817504655493
0.00279589934762349 0.0363128491620112
0.00279589934762349 0.037243947858473
0.00372786579683131 0.037243947858473
0.00372786579683131 0.0381750465549348
0.00372786579683131 0.0391061452513966
0.00372786579683131 0.0400372439478585
0.00372786579683131 0.0409683426443203
0.00372786579683131 0.0418994413407821
0.00372786579683131 0.042830540037244
0.00465983224603914 0.042830540037244
0.00465983224603914 0.0437616387337058
0.00559179869524697 0.0437616387337058
0.0065237651444548 0.0437616387337058
0.0065237651444548 0.0446927374301676
0.0065237651444548 0.0456238361266294
0.0065237651444548 0.0465549348230912
0.00745573159366263 0.0465549348230912
0.00838769804287046 0.0465549348230912
0.00838769804287046 0.0474860335195531
0.00838769804287046 0.0484171322160149
0.00838769804287046 0.0493482309124767
0.00838769804287046 0.0502793296089385
0.00838769804287046 0.0512104283054004
0.00838769804287046 0.0521415270018622
0.00838769804287046 0.053072625698324
0.00931966449207828 0.053072625698324
0.00931966449207828 0.0540037243947858
0.00931966449207828 0.0549348230912477
0.0102516309412861 0.0549348230912477
0.0102516309412861 0.0558659217877095
0.0102516309412861 0.0567970204841713
0.0111835973904939 0.0567970204841713
0.0111835973904939 0.0577281191806331
0.0121155638397018 0.0577281191806331
0.0121155638397018 0.058659217877095
0.0121155638397018 0.0595903165735568
0.0121155638397018 0.0605214152700186
0.0121155638397018 0.0614525139664804
0.0121155638397018 0.0623836126629423
0.0121155638397018 0.0633147113594041
0.0121155638397018 0.0642458100558659
0.0121155638397018 0.0651769087523277
0.0121155638397018 0.0661080074487896
0.0121155638397018 0.0670391061452514
0.0121155638397018 0.0679702048417132
0.0121155638397018 0.068901303538175
0.0121155638397018 0.0698324022346369
0.0130475302889096 0.0698324022346369
0.0130475302889096 0.0707635009310987
0.0139794967381174 0.0707635009310987
0.0139794967381174 0.0716945996275605
0.0149114631873253 0.0716945996275605
0.0149114631873253 0.0726256983240224
0.0149114631873253 0.0735567970204842
0.0149114631873253 0.074487895716946
0.0149114631873253 0.0754189944134078
0.0158434296365331 0.0754189944134078
0.0158434296365331 0.0763500931098696
0.0158434296365331 0.0772811918063315
0.0158434296365331 0.0782122905027933
0.0158434296365331 0.0791433891992551
0.0158434296365331 0.0800744878957169
0.0158434296365331 0.0810055865921788
0.0158434296365331 0.0819366852886406
0.0158434296365331 0.0828677839851024
0.0158434296365331 0.0837988826815642
0.0158434296365331 0.0847299813780261
0.0158434296365331 0.0856610800744879
0.0158434296365331 0.0865921787709497
0.0167753960857409 0.0865921787709497
0.0167753960857409 0.0875232774674116
0.0167753960857409 0.0884543761638734
0.0167753960857409 0.0893854748603352
0.0167753960857409 0.090316573556797
0.0167753960857409 0.0912476722532588
0.0167753960857409 0.0921787709497207
0.0167753960857409 0.0931098696461825
0.0167753960857409 0.0940409683426443
0.0167753960857409 0.0949720670391061
0.0177073625349487 0.0949720670391061
0.0177073625349487 0.095903165735568
0.0177073625349487 0.0968342644320298
0.0177073625349487 0.0977653631284916
0.0186393289841566 0.0977653631284916
0.0195712954333644 0.0977653631284916
0.0195712954333644 0.0986964618249535
0.0205032618825722 0.0986964618249535
0.0214352283317801 0.0986964618249535
0.0214352283317801 0.0996275605214153
0.0223671947809879 0.0996275605214153
0.0232991612301957 0.0996275605214153
0.0232991612301957 0.100558659217877
0.0242311276794035 0.100558659217877
0.0242311276794035 0.101489757914339
0.0242311276794035 0.102420856610801
0.0242311276794035 0.103351955307263
0.0242311276794035 0.104283054003724
0.0242311276794035 0.105214152700186
0.0251630941286114 0.105214152700186
0.0251630941286114 0.106145251396648
0.0251630941286114 0.10707635009311
0.0251630941286114 0.108007448789572
0.0260950605778192 0.108007448789572
0.0260950605778192 0.108938547486034
0.0260950605778192 0.109869646182495
0.0260950605778192 0.110800744878957
0.0260950605778192 0.111731843575419
0.0260950605778192 0.112662942271881
0.0260950605778192 0.113594040968343
0.027027027027027 0.113594040968343
0.0279589934762349 0.113594040968343
0.0279589934762349 0.114525139664804
0.0288909599254427 0.114525139664804
0.0288909599254427 0.115456238361266
0.0288909599254427 0.116387337057728
0.0298229263746505 0.116387337057728
0.0298229263746505 0.11731843575419
0.0298229263746505 0.118249534450652
0.0298229263746505 0.119180633147114
0.0298229263746505 0.120111731843575
0.0298229263746505 0.121042830540037
0.0298229263746505 0.121973929236499
0.0298229263746505 0.122905027932961
0.0298229263746505 0.123836126629423
0.0298229263746505 0.124767225325885
0.0307548928238583 0.124767225325885
0.0307548928238583 0.125698324022346
0.0307548928238583 0.126629422718808
0.0307548928238583 0.12756052141527
0.0307548928238583 0.128491620111732
0.0316868592730662 0.128491620111732
0.0316868592730662 0.129422718808194
0.0316868592730662 0.130353817504655
0.0316868592730662 0.131284916201117
0.0316868592730662 0.132216014897579
0.0316868592730662 0.133147113594041
0.032618825722274 0.133147113594041
0.032618825722274 0.134078212290503
0.0335507921714818 0.134078212290503
0.0335507921714818 0.135009310986965
0.0335507921714818 0.135940409683426
0.0335507921714818 0.136871508379888
0.0335507921714818 0.13780260707635
0.0335507921714818 0.138733705772812
0.0335507921714818 0.139664804469274
0.0335507921714818 0.140595903165736
0.0335507921714818 0.141527001862197
0.0335507921714818 0.142458100558659
0.0335507921714818 0.143389199255121
0.0335507921714818 0.144320297951583
0.0344827586206897 0.144320297951583
0.0354147250698975 0.144320297951583
0.0354147250698975 0.145251396648045
0.0354147250698975 0.146182495344507
0.0354147250698975 0.147113594040968
0.0354147250698975 0.14804469273743
0.0363466915191053 0.14804469273743
0.0363466915191053 0.148975791433892
0.0363466915191053 0.149906890130354
0.0363466915191053 0.150837988826816
0.0363466915191053 0.151769087523277
0.0372786579683131 0.151769087523277
0.0372786579683131 0.152700186219739
0.0372786579683131 0.153631284916201
0.038210624417521 0.153631284916201
0.0391425908667288 0.153631284916201
0.0391425908667288 0.154562383612663
0.0391425908667288 0.155493482309125
0.0391425908667288 0.156424581005587
0.0391425908667288 0.157355679702048
0.0391425908667288 0.15828677839851
0.0391425908667288 0.159217877094972
0.0391425908667288 0.160148975791434
0.0391425908667288 0.161080074487896
0.0391425908667288 0.162011173184358
0.0391425908667288 0.162942271880819
0.0400745573159366 0.162942271880819
0.0410065237651445 0.162942271880819
0.0410065237651445 0.163873370577281
0.0410065237651445 0.164804469273743
0.0410065237651445 0.165735567970205
0.0410065237651445 0.166666666666667
0.0410065237651445 0.167597765363128
0.0410065237651445 0.16852886405959
0.0410065237651445 0.169459962756052
0.0419384902143523 0.169459962756052
0.0419384902143523 0.170391061452514
0.0419384902143523 0.171322160148976
0.0419384902143523 0.172253258845438
0.0428704566635601 0.172253258845438
0.0428704566635601 0.173184357541899
0.0438024231127679 0.173184357541899
0.0438024231127679 0.174115456238361
0.0447343895619758 0.174115456238361
0.0447343895619758 0.175046554934823
0.0447343895619758 0.175977653631285
0.0447343895619758 0.176908752327747
0.0447343895619758 0.177839851024209
0.0447343895619758 0.17877094972067
0.0447343895619758 0.179702048417132
0.0447343895619758 0.180633147113594
0.0456663560111836 0.180633147113594
0.0465983224603914 0.180633147113594
0.0465983224603914 0.181564245810056
0.0475302889095993 0.181564245810056
0.0475302889095993 0.182495344506518
0.0475302889095993 0.18342644320298
0.0484622553588071 0.18342644320298
0.0484622553588071 0.184357541899441
0.0484622553588071 0.185288640595903
0.0484622553588071 0.186219739292365
0.0493942218080149 0.186219739292365
0.0503261882572227 0.186219739292365
0.0503261882572227 0.187150837988827
0.0503261882572227 0.188081936685289
0.0503261882572227 0.18901303538175
0.0503261882572227 0.189944134078212
0.0503261882572227 0.190875232774674
0.0503261882572227 0.191806331471136
0.0503261882572227 0.192737430167598
0.0503261882572227 0.19366852886406
0.0503261882572227 0.194599627560521
0.0503261882572227 0.195530726256983
0.0503261882572227 0.196461824953445
0.0503261882572227 0.197392923649907
0.0503261882572227 0.198324022346369
0.0503261882572227 0.199255121042831
0.0512581547064306 0.199255121042831
0.0512581547064306 0.200186219739292
0.0521901211556384 0.200186219739292
0.0521901211556384 0.201117318435754
0.0521901211556384 0.202048417132216
0.0531220876048462 0.202048417132216
0.0531220876048462 0.202979515828678
0.0540540540540541 0.202979515828678
0.0540540540540541 0.20391061452514
0.0540540540540541 0.204841713221601
0.0549860205032619 0.204841713221601
0.0559179869524697 0.204841713221601
0.0559179869524697 0.205772811918063
0.0559179869524697 0.206703910614525
0.0568499534016775 0.206703910614525
0.0568499534016775 0.207635009310987
0.0568499534016775 0.208566108007449
0.0568499534016775 0.209497206703911
0.0577819198508854 0.209497206703911
0.0577819198508854 0.210428305400372
0.0577819198508854 0.211359404096834
0.0577819198508854 0.212290502793296
0.0577819198508854 0.213221601489758
0.0577819198508854 0.21415270018622
0.0577819198508854 0.215083798882682
0.0587138863000932 0.215083798882682
0.0587138863000932 0.216014897579143
0.0587138863000932 0.216945996275605
0.0587138863000932 0.217877094972067
0.059645852749301 0.217877094972067
0.0605778191985089 0.217877094972067
0.0605778191985089 0.218808193668529
0.0605778191985089 0.219739292364991
0.0605778191985089 0.220670391061453
0.0605778191985089 0.221601489757914
0.0605778191985089 0.222532588454376
0.0605778191985089 0.223463687150838
0.0605778191985089 0.2243947858473
0.0605778191985089 0.225325884543762
0.0605778191985089 0.226256983240223
0.0615097856477167 0.226256983240223
0.0624417520969245 0.226256983240223
0.0624417520969245 0.227188081936685
0.0624417520969245 0.228119180633147
0.0633737185461323 0.228119180633147
0.0633737185461323 0.229050279329609
0.0633737185461323 0.229981378026071
0.0633737185461323 0.230912476722533
0.0643056849953402 0.230912476722533
0.065237651444548 0.230912476722533
0.065237651444548 0.231843575418994
0.065237651444548 0.232774674115456
0.065237651444548 0.233705772811918
0.065237651444548 0.23463687150838
0.0661696178937558 0.23463687150838
0.0661696178937558 0.235567970204842
0.0661696178937558 0.236499068901304
0.0661696178937558 0.237430167597765
0.0661696178937558 0.238361266294227
0.0661696178937558 0.239292364990689
0.0661696178937558 0.240223463687151
0.0661696178937558 0.241154562383613
0.0671015843429636 0.241154562383613
0.0671015843429636 0.242085661080074
0.0671015843429636 0.243016759776536
0.0671015843429636 0.243947858472998
0.0671015843429636 0.24487895716946
0.0671015843429636 0.245810055865922
0.0671015843429636 0.246741154562384
0.0671015843429636 0.247672253258845
0.0671015843429636 0.248603351955307
0.0671015843429636 0.249534450651769
0.0671015843429636 0.250465549348231
0.0671015843429636 0.251396648044693
0.0671015843429636 0.252327746741155
0.0680335507921715 0.252327746741155
0.0680335507921715 0.253258845437616
0.0689655172413793 0.253258845437616
0.0698974836905871 0.253258845437616
0.0698974836905871 0.254189944134078
0.0698974836905871 0.25512104283054
0.0698974836905871 0.256052141527002
0.0698974836905871 0.256983240223464
0.070829450139795 0.256983240223464
0.0717614165890028 0.256983240223464
0.0726933830382106 0.256983240223464
0.0726933830382106 0.257914338919925
0.0736253494874185 0.257914338919925
0.0745573159366263 0.257914338919925
0.0745573159366263 0.258845437616387
0.0745573159366263 0.259776536312849
0.0745573159366263 0.260707635009311
0.0745573159366263 0.261638733705773
0.0745573159366263 0.262569832402235
0.0754892823858341 0.262569832402235
0.0754892823858341 0.263500931098696
0.0764212488350419 0.263500931098696
0.0764212488350419 0.264432029795158
0.0764212488350419 0.26536312849162
0.0764212488350419 0.266294227188082
0.0773532152842498 0.266294227188082
0.0773532152842498 0.267225325884544
0.0773532152842498 0.268156424581006
0.0773532152842498 0.269087523277467
0.0773532152842498 0.270018621973929
0.0782851817334576 0.270018621973929
0.0782851817334576 0.270949720670391
0.0782851817334576 0.271880819366853
0.0782851817334576 0.272811918063315
0.0782851817334576 0.273743016759777
0.0782851817334576 0.274674115456238
0.0782851817334576 0.2756052141527
0.0782851817334576 0.276536312849162
0.0782851817334576 0.277467411545624
0.0792171481826654 0.277467411545624
0.0792171481826654 0.278398510242086
0.0792171481826654 0.279329608938547
0.0792171481826654 0.280260707635009
0.0792171481826654 0.281191806331471
0.0792171481826654 0.282122905027933
0.0792171481826654 0.283054003724395
0.0792171481826654 0.283985102420857
0.0792171481826654 0.284916201117318
0.0801491146318733 0.284916201117318
0.0801491146318733 0.28584729981378
0.0801491146318733 0.286778398510242
0.0801491146318733 0.287709497206704
0.0801491146318733 0.288640595903166
0.0801491146318733 0.289571694599628
0.0801491146318733 0.290502793296089
0.0810810810810811 0.290502793296089
0.0810810810810811 0.291433891992551
0.0810810810810811 0.292364990689013
0.0810810810810811 0.293296089385475
0.0820130475302889 0.293296089385475
0.0829450139794967 0.293296089385475
0.0829450139794967 0.294227188081937
0.0838769804287046 0.294227188081937
0.0848089468779124 0.294227188081937
0.0848089468779124 0.295158286778399
0.0857409133271202 0.295158286778399
0.0857409133271202 0.29608938547486
0.0857409133271202 0.297020484171322
0.0866728797763281 0.297020484171322
0.0866728797763281 0.297951582867784
0.0866728797763281 0.298882681564246
0.0866728797763281 0.299813780260708
0.0866728797763281 0.300744878957169
0.0866728797763281 0.301675977653631
0.0866728797763281 0.302607076350093
0.0866728797763281 0.303538175046555
0.0866728797763281 0.304469273743017
0.0866728797763281 0.305400372439479
0.0876048462255359 0.305400372439479
0.0885368126747437 0.305400372439479
0.0885368126747437 0.30633147113594
0.0894687791239515 0.30633147113594
0.0894687791239515 0.307262569832402
0.0894687791239515 0.308193668528864
0.0894687791239515 0.309124767225326
0.0904007455731594 0.309124767225326
0.0904007455731594 0.310055865921788
0.0913327120223672 0.310055865921788
0.0913327120223672 0.31098696461825
0.0913327120223672 0.311918063314711
0.0913327120223672 0.312849162011173
0.092264678471575 0.312849162011173
0.092264678471575 0.313780260707635
0.092264678471575 0.314711359404097
0.092264678471575 0.315642458100559
0.0931966449207828 0.315642458100559
0.0941286113699907 0.315642458100559
0.0941286113699907 0.31657355679702
0.0950605778191985 0.31657355679702
0.0959925442684063 0.31657355679702
0.0969245107176142 0.31657355679702
0.0969245107176142 0.317504655493482
0.0969245107176142 0.318435754189944
0.0969245107176142 0.319366852886406
0.0969245107176142 0.320297951582868
0.097856477166822 0.320297951582868
0.097856477166822 0.32122905027933
0.097856477166822 0.322160148975791
0.097856477166822 0.323091247672253
0.097856477166822 0.324022346368715
0.097856477166822 0.324953445065177
0.0987884436160298 0.324953445065177
0.0987884436160298 0.325884543761639
0.0987884436160298 0.326815642458101
0.0997204100652377 0.326815642458101
0.0997204100652377 0.327746741154562
0.0997204100652377 0.328677839851024
0.0997204100652377 0.329608938547486
0.0997204100652377 0.330540037243948
0.0997204100652377 0.33147113594041
0.0997204100652377 0.332402234636872
0.0997204100652377 0.333333333333333
0.100652376514445 0.333333333333333
0.100652376514445 0.334264432029795
0.101584342963653 0.334264432029795
0.101584342963653 0.335195530726257
0.101584342963653 0.336126629422719
0.101584342963653 0.337057728119181
0.102516309412861 0.337057728119181
0.102516309412861 0.337988826815642
0.102516309412861 0.338919925512104
0.103448275862069 0.338919925512104
0.104380242311277 0.338919925512104
0.104380242311277 0.339851024208566
0.105312208760485 0.339851024208566
0.105312208760485 0.340782122905028
0.105312208760485 0.34171322160149
0.105312208760485 0.342644320297952
0.105312208760485 0.343575418994413
0.106244175209692 0.343575418994413
0.106244175209692 0.344506517690875
0.106244175209692 0.345437616387337
0.106244175209692 0.346368715083799
0.1071761416589 0.346368715083799
0.1071761416589 0.347299813780261
0.1071761416589 0.348230912476723
0.108108108108108 0.348230912476723
0.108108108108108 0.349162011173184
0.109040074557316 0.349162011173184
0.109040074557316 0.350093109869646
0.109040074557316 0.351024208566108
0.109972041006524 0.351024208566108
0.110904007455732 0.351024208566108
0.111835973904939 0.351024208566108
0.112767940354147 0.351024208566108
0.112767940354147 0.35195530726257
0.113699906803355 0.35195530726257
0.113699906803355 0.352886405959032
0.114631873252563 0.352886405959032
0.115563839701771 0.352886405959032
0.115563839701771 0.353817504655493
0.115563839701771 0.354748603351955
0.115563839701771 0.355679702048417
0.116495806150979 0.355679702048417
0.117427772600186 0.355679702048417
0.117427772600186 0.356610800744879
0.117427772600186 0.357541899441341
0.117427772600186 0.358472998137803
0.117427772600186 0.359404096834264
0.117427772600186 0.360335195530726
0.117427772600186 0.361266294227188
0.117427772600186 0.36219739292365
0.117427772600186 0.363128491620112
0.117427772600186 0.364059590316574
0.117427772600186 0.364990689013035
0.117427772600186 0.365921787709497
0.117427772600186 0.366852886405959
0.118359739049394 0.366852886405959
0.118359739049394 0.367783985102421
0.118359739049394 0.368715083798883
0.119291705498602 0.368715083798883
0.119291705498602 0.369646182495345
0.119291705498602 0.370577281191806
0.12022367194781 0.370577281191806
0.12022367194781 0.371508379888268
0.12022367194781 0.37243947858473
0.12022367194781 0.373370577281192
0.121155638397018 0.373370577281192
0.121155638397018 0.374301675977654
0.121155638397018 0.375232774674115
0.122087604846226 0.375232774674115
0.122087604846226 0.376163873370577
0.123019571295433 0.376163873370577
0.123951537744641 0.376163873370577
0.123951537744641 0.377094972067039
0.124883504193849 0.377094972067039
0.125815470643057 0.377094972067039
0.125815470643057 0.378026070763501
0.125815470643057 0.378957169459963
0.125815470643057 0.379888268156425
0.126747437092265 0.379888268156425
0.126747437092265 0.380819366852886
0.126747437092265 0.381750465549348
0.127679403541473 0.381750465549348
0.12861136999068 0.381750465549348
0.12861136999068 0.38268156424581
0.12861136999068 0.383612662942272
0.12861136999068 0.384543761638734
0.12861136999068 0.385474860335196
0.12861136999068 0.386405959031657
0.12861136999068 0.387337057728119
0.12861136999068 0.388268156424581
0.12861136999068 0.389199255121043
0.12861136999068 0.390130353817505
0.12861136999068 0.391061452513966
0.12861136999068 0.391992551210428
0.12861136999068 0.39292364990689
0.129543336439888 0.39292364990689
0.129543336439888 0.393854748603352
0.129543336439888 0.395716945996276
0.129543336439888 0.396648044692737
0.130475302889096 0.396648044692737
0.131407269338304 0.396648044692737
0.132339235787512 0.396648044692737
0.132339235787512 0.397579143389199
0.132339235787512 0.398510242085661
0.133271202236719 0.398510242085661
0.133271202236719 0.399441340782123
0.133271202236719 0.400372439478585
0.134203168685927 0.400372439478585
0.134203168685927 0.401303538175047
0.134203168685927 0.402234636871508
0.134203168685927 0.40316573556797
0.134203168685927 0.404096834264432
0.134203168685927 0.405027932960894
0.135135135135135 0.405027932960894
0.136067101584343 0.405027932960894
0.136999068033551 0.405027932960894
0.136999068033551 0.405959031657356
0.137931034482759 0.405959031657356
0.138863000931966 0.405959031657356
0.138863000931966 0.406890130353817
0.138863000931966 0.407821229050279
0.139794967381174 0.407821229050279
0.139794967381174 0.408752327746741
0.139794967381174 0.409683426443203
0.139794967381174 0.410614525139665
0.139794967381174 0.411545623836127
0.139794967381174 0.412476722532588
0.139794967381174 0.41340782122905
0.139794967381174 0.414338919925512
0.139794967381174 0.415270018621974
0.139794967381174 0.416201117318436
0.139794967381174 0.417132216014898
0.139794967381174 0.418063314711359
0.139794967381174 0.418994413407821
0.139794967381174 0.419925512104283
0.140726933830382 0.419925512104283
0.140726933830382 0.420856610800745
0.140726933830382 0.421787709497207
0.14165890027959 0.421787709497207
0.14165890027959 0.422718808193669
0.142590866728798 0.422718808193669
0.142590866728798 0.42364990689013
0.142590866728798 0.424581005586592
0.143522833178006 0.424581005586592
0.144454799627213 0.424581005586592
0.144454799627213 0.425512104283054
0.144454799627213 0.426443202979516
0.144454799627213 0.427374301675978
0.144454799627213 0.428305400372439
0.145386766076421 0.428305400372439
0.145386766076421 0.429236499068901
0.145386766076421 0.430167597765363
0.145386766076421 0.431098696461825
0.145386766076421 0.432029795158287
0.146318732525629 0.432029795158287
0.146318732525629 0.432960893854749
0.147250698974837 0.432960893854749
0.147250698974837 0.43389199255121
0.148182665424045 0.43389199255121
0.148182665424045 0.434823091247672
0.148182665424045 0.435754189944134
0.148182665424045 0.436685288640596
0.148182665424045 0.437616387337058
0.149114631873253 0.437616387337058
0.15004659832246 0.437616387337058
0.150978564771668 0.437616387337058
0.150978564771668 0.43854748603352
0.151910531220876 0.43854748603352
0.152842497670084 0.43854748603352
0.153774464119292 0.43854748603352
0.153774464119292 0.439478584729981
0.1547064305685 0.439478584729981
0.1547064305685 0.440409683426443
0.1547064305685 0.441340782122905
0.1547064305685 0.442271880819367
0.1547064305685 0.443202979515829
0.155638397017707 0.443202979515829
0.155638397017707 0.444134078212291
0.156570363466915 0.444134078212291
0.156570363466915 0.445065176908752
0.156570363466915 0.445996275605214
0.156570363466915 0.446927374301676
0.156570363466915 0.447858472998138
0.156570363466915 0.4487895716946
0.156570363466915 0.449720670391061
0.157502329916123 0.449720670391061
0.157502329916123 0.450651769087523
0.157502329916123 0.451582867783985
0.157502329916123 0.452513966480447
0.158434296365331 0.452513966480447
0.158434296365331 0.453445065176909
0.159366262814539 0.453445065176909
0.159366262814539 0.454376163873371
0.159366262814539 0.455307262569832
0.160298229263747 0.455307262569832
0.161230195712954 0.455307262569832
0.161230195712954 0.456238361266294
0.161230195712954 0.457169459962756
0.162162162162162 0.457169459962756
0.16309412861137 0.457169459962756
0.164026095060578 0.457169459962756
0.164958061509786 0.457169459962756
0.165890027958993 0.457169459962756
0.166821994408201 0.457169459962756
0.166821994408201 0.458100558659218
0.167753960857409 0.458100558659218
0.167753960857409 0.45903165735568
0.167753960857409 0.459962756052142
0.168685927306617 0.459962756052142
0.169617893755825 0.459962756052142
0.169617893755825 0.460893854748603
0.170549860205033 0.460893854748603
0.17148182665424 0.460893854748603
0.17148182665424 0.461824953445065
0.172413793103448 0.462756052141527
0.172413793103448 0.463687150837989
0.173345759552656 0.463687150837989
0.173345759552656 0.464618249534451
0.174277726001864 0.464618249534451
0.174277726001864 0.465549348230912
0.175209692451072 0.465549348230912
0.17614165890028 0.465549348230912
0.17614165890028 0.466480446927374
0.177073625349487 0.466480446927374
0.178005591798695 0.466480446927374
0.178005591798695 0.467411545623836
0.178005591798695 0.468342644320298
0.178937558247903 0.468342644320298
0.179869524697111 0.468342644320298
0.179869524697111 0.46927374301676
0.179869524697111 0.470204841713222
0.180801491146319 0.470204841713222
0.180801491146319 0.471135940409683
0.180801491146319 0.472067039106145
0.181733457595527 0.472067039106145
0.181733457595527 0.472998137802607
0.182665424044734 0.472998137802607
0.182665424044734 0.473929236499069
0.182665424044734 0.474860335195531
0.182665424044734 0.475791433891993
0.182665424044734 0.476722532588454
0.183597390493942 0.476722532588454
0.18452935694315 0.476722532588454
0.18452935694315 0.477653631284916
0.18452935694315 0.478584729981378
0.18452935694315 0.47951582867784
0.18452935694315 0.480446927374302
0.18452935694315 0.481378026070764
0.18452935694315 0.482309124767225
0.18452935694315 0.483240223463687
0.185461323392358 0.483240223463687
0.185461323392358 0.484171322160149
0.185461323392358 0.485102420856611
0.185461323392358 0.486033519553073
0.185461323392358 0.486964618249534
0.185461323392358 0.487895716945996
0.185461323392358 0.488826815642458
0.185461323392358 0.48975791433892
0.186393289841566 0.48975791433892
0.187325256290774 0.48975791433892
0.188257222739981 0.48975791433892
0.189189189189189 0.48975791433892
0.190121155638397 0.48975791433892
0.190121155638397 0.490689013035382
0.190121155638397 0.491620111731844
0.190121155638397 0.492551210428305
0.191053122087605 0.492551210428305
0.191985088536813 0.492551210428305
0.191985088536813 0.493482309124767
0.191985088536813 0.494413407821229
0.19291705498602 0.494413407821229
0.19291705498602 0.495344506517691
0.193849021435228 0.495344506517691
0.193849021435228 0.496275605214153
0.194780987884436 0.496275605214153
0.195712954333644 0.496275605214153
0.195712954333644 0.497206703910615
0.195712954333644 0.498137802607076
0.196644920782852 0.498137802607076
0.19757688723206 0.498137802607076
0.19757688723206 0.499068901303538
0.19757688723206 0.5
0.19757688723206 0.500931098696462
0.19757688723206 0.501862197392924
0.19757688723206 0.502793296089385
0.198508853681267 0.502793296089385
0.199440820130475 0.502793296089385
0.200372786579683 0.502793296089385
0.200372786579683 0.503724394785847
0.200372786579683 0.504655493482309
0.200372786579683 0.505586592178771
0.201304753028891 0.505586592178771
0.201304753028891 0.506517690875233
0.202236719478099 0.506517690875233
0.202236719478099 0.507448789571695
0.203168685927307 0.507448789571695
0.204100652376514 0.507448789571695
0.204100652376514 0.508379888268156
0.205032618825722 0.508379888268156
0.20596458527493 0.508379888268156
0.206896551724138 0.508379888268156
0.207828518173346 0.508379888268156
0.207828518173346 0.509310986964618
0.208760484622554 0.509310986964618
0.208760484622554 0.51024208566108
0.208760484622554 0.511173184357542
0.208760484622554 0.512104283054004
0.209692451071761 0.512104283054004
0.209692451071761 0.513035381750466
0.209692451071761 0.513966480446927
0.209692451071761 0.514897579143389
0.209692451071761 0.515828677839851
0.209692451071761 0.516759776536313
0.209692451071761 0.517690875232775
0.209692451071761 0.518621973929236
0.210624417520969 0.518621973929236
0.211556383970177 0.518621973929236
0.211556383970177 0.519553072625698
0.211556383970177 0.52048417132216
0.212488350419385 0.52048417132216
0.212488350419385 0.521415270018622
0.212488350419385 0.522346368715084
0.212488350419385 0.523277467411546
0.212488350419385 0.524208566108007
0.213420316868593 0.524208566108007
0.213420316868593 0.525139664804469
0.213420316868593 0.526070763500931
0.213420316868593 0.527001862197393
0.213420316868593 0.527932960893855
0.214352283317801 0.527932960893855
0.214352283317801 0.528864059590317
0.214352283317801 0.529795158286778
0.214352283317801 0.53072625698324
0.214352283317801 0.531657355679702
0.214352283317801 0.532588454376164
0.214352283317801 0.533519553072626
0.214352283317801 0.534450651769088
0.214352283317801 0.535381750465549
0.215284249767008 0.535381750465549
0.215284249767008 0.536312849162011
0.215284249767008 0.537243947858473
0.216216216216216 0.537243947858473
0.217148182665424 0.537243947858473
0.217148182665424 0.538175046554935
0.217148182665424 0.539106145251397
0.217148182665424 0.540037243947858
0.217148182665424 0.54096834264432
0.217148182665424 0.541899441340782
0.217148182665424 0.542830540037244
0.217148182665424 0.543761638733706
0.217148182665424 0.544692737430168
0.218080149114632 0.544692737430168
0.218080149114632 0.545623836126629
0.21901211556384 0.545623836126629
0.21901211556384 0.546554934823091
0.21901211556384 0.547486033519553
0.219944082013048 0.547486033519553
0.220876048462255 0.547486033519553
0.221808014911463 0.547486033519553
0.221808014911463 0.548417132216015
0.222739981360671 0.548417132216015
0.223671947809879 0.548417132216015
0.223671947809879 0.549348230912477
0.223671947809879 0.550279329608939
0.224603914259087 0.550279329608939
0.224603914259087 0.5512104283054
0.224603914259087 0.552141527001862
0.224603914259087 0.553072625698324
0.225535880708295 0.553072625698324
0.226467847157502 0.553072625698324
0.226467847157502 0.554003724394786
0.226467847157502 0.554934823091248
0.226467847157502 0.55586592178771
0.226467847157502 0.556797020484171
0.226467847157502 0.557728119180633
0.22739981360671 0.557728119180633
0.22739981360671 0.558659217877095
0.228331780055918 0.558659217877095
0.229263746505126 0.558659217877095
0.229263746505126 0.559590316573557
0.230195712954334 0.559590316573557
0.231127679403541 0.559590316573557
0.231127679403541 0.560521415270019
0.231127679403541 0.56145251396648
0.232059645852749 0.56145251396648
0.232991612301957 0.56145251396648
0.232991612301957 0.562383612662942
0.232991612301957 0.563314711359404
0.233923578751165 0.563314711359404
0.233923578751165 0.564245810055866
0.234855545200373 0.564245810055866
0.235787511649581 0.564245810055866
0.236719478098788 0.564245810055866
0.237651444547996 0.564245810055866
0.238583410997204 0.564245810055866
0.238583410997204 0.565176908752328
0.238583410997204 0.56610800744879
0.238583410997204 0.567039106145251
0.239515377446412 0.567039106145251
0.239515377446412 0.567970204841713
0.239515377446412 0.568901303538175
0.239515377446412 0.569832402234637
0.239515377446412 0.570763500931099
0.239515377446412 0.571694599627561
0.24044734389562 0.571694599627561
0.241379310344828 0.571694599627561
0.242311276794035 0.571694599627561
0.242311276794035 0.572625698324022
0.242311276794035 0.573556797020484
0.243243243243243 0.573556797020484
0.243243243243243 0.574487895716946
0.244175209692451 0.574487895716946
0.244175209692451 0.575418994413408
0.245107176141659 0.575418994413408
0.246039142590867 0.575418994413408
0.246039142590867 0.57635009310987
0.246039142590867 0.577281191806331
0.246039142590867 0.578212290502793
0.246039142590867 0.579143389199255
0.246971109040075 0.579143389199255
0.246971109040075 0.580074487895717
0.247903075489282 0.580074487895717
0.247903075489282 0.581005586592179
0.24883504193849 0.581005586592179
0.24883504193849 0.581936685288641
0.24883504193849 0.582867783985102
0.24883504193849 0.583798882681564
0.249767008387698 0.583798882681564
0.250698974836906 0.583798882681564
0.250698974836906 0.584729981378026
0.251630941286114 0.584729981378026
0.251630941286114 0.585661080074488
0.251630941286114 0.58659217877095
0.251630941286114 0.587523277467412
0.252562907735322 0.587523277467412
0.253494874184529 0.587523277467412
0.253494874184529 0.588454376163873
0.254426840633737 0.588454376163873
0.254426840633737 0.589385474860335
0.254426840633737 0.590316573556797
0.254426840633737 0.591247672253259
0.254426840633737 0.592178770949721
0.254426840633737 0.593109869646183
0.254426840633737 0.594040968342644
0.254426840633737 0.594972067039106
0.255358807082945 0.594972067039106
0.256290773532153 0.594972067039106
0.256290773532153 0.595903165735568
0.257222739981361 0.595903165735568
0.258154706430568 0.595903165735568
0.258154706430568 0.59683426443203
0.259086672879776 0.59683426443203
0.259086672879776 0.597765363128492
0.259086672879776 0.598696461824953
0.259086672879776 0.599627560521415
0.260018639328984 0.599627560521415
0.260950605778192 0.599627560521415
0.2618825722274 0.599627560521415
0.262814538676608 0.599627560521415
0.263746505125815 0.599627560521415
0.263746505125815 0.600558659217877
0.263746505125815 0.601489757914339
0.264678471575023 0.601489757914339
0.264678471575023 0.602420856610801
0.265610438024231 0.602420856610801
0.265610438024231 0.603351955307263
0.266542404473439 0.603351955307263
0.267474370922647 0.603351955307263
0.268406337371855 0.603351955307263
0.268406337371855 0.604283054003724
0.269338303821062 0.604283054003724
0.269338303821062 0.605214152700186
0.269338303821062 0.606145251396648
0.269338303821062 0.60707635009311
0.27027027027027 0.60707635009311
0.27027027027027 0.608007448789572
0.271202236719478 0.608007448789572
0.271202236719478 0.608938547486033
0.271202236719478 0.609869646182495
0.271202236719478 0.610800744878957
0.272134203168686 0.610800744878957
0.272134203168686 0.611731843575419
0.272134203168686 0.612662942271881
0.273066169617894 0.612662942271881
0.273066169617894 0.613594040968343
0.273066169617894 0.614525139664804
0.273066169617894 0.615456238361266
0.273998136067102 0.615456238361266
0.273998136067102 0.616387337057728
0.273998136067102 0.61731843575419
0.274930102516309 0.61731843575419
0.274930102516309 0.618249534450652
0.275862068965517 0.618249534450652
0.275862068965517 0.619180633147114
0.276794035414725 0.619180633147114
0.276794035414725 0.620111731843575
0.276794035414725 0.621042830540037
0.276794035414725 0.621973929236499
0.276794035414725 0.622905027932961
0.277726001863933 0.622905027932961
0.278657968313141 0.622905027932961
0.278657968313141 0.623836126629423
0.278657968313141 0.624767225325885
0.278657968313141 0.625698324022346
0.278657968313141 0.626629422718808
0.278657968313141 0.62756052141527
0.278657968313141 0.628491620111732
0.279589934762349 0.628491620111732
0.279589934762349 0.629422718808194
0.280521901211556 0.629422718808194
0.281453867660764 0.629422718808194
0.281453867660764 0.630353817504655
0.281453867660764 0.631284916201117
0.282385834109972 0.631284916201117
0.282385834109972 0.632216014897579
0.282385834109972 0.633147113594041
0.282385834109972 0.634078212290503
0.282385834109972 0.635009310986965
0.282385834109972 0.635940409683426
0.282385834109972 0.636871508379888
0.28331780055918 0.636871508379888
0.28331780055918 0.63780260707635
0.28331780055918 0.638733705772812
0.284249767008388 0.638733705772812
0.285181733457596 0.638733705772812
0.285181733457596 0.639664804469274
0.285181733457596 0.640595903165736
0.286113699906803 0.640595903165736
0.286113699906803 0.641527001862197
0.286113699906803 0.642458100558659
0.287045666356011 0.642458100558659
0.287977632805219 0.642458100558659
0.287977632805219 0.643389199255121
0.288909599254427 0.643389199255121
0.289841565703635 0.643389199255121
0.289841565703635 0.644320297951583
0.290773532152843 0.644320297951583
0.29170549860205 0.644320297951583
0.29170549860205 0.645251396648045
0.292637465051258 0.645251396648045
0.292637465051258 0.646182495344507
0.293569431500466 0.646182495344507
0.294501397949674 0.646182495344507
0.294501397949674 0.647113594040968
0.294501397949674 0.64804469273743
0.294501397949674 0.648975791433892
0.294501397949674 0.649906890130354
0.295433364398882 0.649906890130354
0.295433364398882 0.650837988826816
0.295433364398882 0.651769087523277
0.295433364398882 0.652700186219739
0.296365330848089 0.652700186219739
0.296365330848089 0.653631284916201
0.297297297297297 0.653631284916201
0.297297297297297 0.654562383612663
0.297297297297297 0.655493482309125
0.298229263746505 0.655493482309125
0.298229263746505 0.656424581005587
0.298229263746505 0.657355679702048
0.298229263746505 0.65828677839851
0.298229263746505 0.659217877094972
0.298229263746505 0.660148975791434
0.299161230195713 0.660148975791434
0.299161230195713 0.661080074487896
0.299161230195713 0.662011173184358
0.300093196644921 0.662011173184358
0.300093196644921 0.662942271880819
0.300093196644921 0.663873370577281
0.301025163094129 0.663873370577281
0.301025163094129 0.664804469273743
0.301957129543336 0.664804469273743
0.301957129543336 0.665735567970205
0.301957129543336 0.666666666666667
0.301957129543336 0.667597765363129
0.302889095992544 0.667597765363129
0.302889095992544 0.66852886405959
0.303821062441752 0.66852886405959
0.303821062441752 0.669459962756052
0.30475302889096 0.669459962756052
0.305684995340168 0.669459962756052
0.305684995340168 0.670391061452514
0.305684995340168 0.671322160148976
0.305684995340168 0.672253258845438
0.306616961789376 0.672253258845438
0.307548928238583 0.672253258845438
0.308480894687791 0.672253258845438
0.309412861136999 0.672253258845438
0.309412861136999 0.673184357541899
0.310344827586207 0.673184357541899
0.311276794035415 0.673184357541899
0.311276794035415 0.674115456238361
0.311276794035415 0.675046554934823
0.312208760484623 0.675046554934823
0.312208760484623 0.675977653631285
0.312208760484623 0.676908752327747
0.312208760484623 0.677839851024209
0.312208760484623 0.67877094972067
0.31314072693383 0.67877094972067
0.31314072693383 0.679702048417132
0.31314072693383 0.680633147113594
0.314072693383038 0.680633147113594
0.315004659832246 0.680633147113594
0.315936626281454 0.680633147113594
0.315936626281454 0.681564245810056
0.315936626281454 0.682495344506518
0.315936626281454 0.68342644320298
0.315936626281454 0.684357541899441
0.316868592730662 0.684357541899441
0.316868592730662 0.685288640595903
0.31780055917987 0.685288640595903
0.318732525629077 0.685288640595903
0.318732525629077 0.686219739292365
0.318732525629077 0.687150837988827
0.318732525629077 0.688081936685289
0.319664492078285 0.688081936685289
0.320596458527493 0.688081936685289
0.321528424976701 0.688081936685289
0.322460391425909 0.688081936685289
0.322460391425909 0.689013035381751
0.323392357875116 0.689013035381751
0.323392357875116 0.689944134078212
0.323392357875116 0.690875232774674
0.324324324324324 0.690875232774674
0.324324324324324 0.691806331471136
0.325256290773532 0.691806331471136
0.325256290773532 0.692737430167598
0.325256290773532 0.69366852886406
0.32618825722274 0.69366852886406
0.32618825722274 0.694599627560521
0.327120223671948 0.694599627560521
0.327120223671948 0.695530726256983
0.328052190121156 0.695530726256983
0.328052190121156 0.696461824953445
0.328984156570363 0.696461824953445
0.328984156570363 0.697392923649907
0.329916123019571 0.697392923649907
0.329916123019571 0.698324022346369
0.330848089468779 0.698324022346369
0.331780055917987 0.698324022346369
0.331780055917987 0.69925512104283
0.332712022367195 0.69925512104283
0.332712022367195 0.700186219739292
0.332712022367195 0.701117318435754
0.333643988816403 0.701117318435754
0.33457595526561 0.701117318435754
0.335507921714818 0.701117318435754
0.335507921714818 0.702048417132216
0.336439888164026 0.702048417132216
0.337371854613234 0.702048417132216
0.337371854613234 0.702979515828678
0.337371854613234 0.70391061452514
0.337371854613234 0.704841713221601
0.337371854613234 0.705772811918063
0.337371854613234 0.706703910614525
0.338303821062442 0.706703910614525
0.33923578751165 0.706703910614525
0.340167753960857 0.706703910614525
0.341099720410065 0.706703910614525
0.341099720410065 0.707635009310987
0.342031686859273 0.707635009310987
0.342031686859273 0.708566108007449
0.342963653308481 0.708566108007449
0.343895619757689 0.708566108007449
0.344827586206897 0.708566108007449
0.345759552656104 0.708566108007449
0.346691519105312 0.708566108007449
0.346691519105312 0.709497206703911
0.34762348555452 0.709497206703911
0.34762348555452 0.710428305400372
0.348555452003728 0.710428305400372
0.349487418452936 0.710428305400372
0.350419384902144 0.710428305400372
0.351351351351351 0.710428305400372
0.352283317800559 0.710428305400372
0.353215284249767 0.710428305400372
0.354147250698975 0.710428305400372
0.355079217148183 0.710428305400372
0.355079217148183 0.711359404096834
0.355079217148183 0.712290502793296
0.355079217148183 0.713221601489758
0.355079217148183 0.71415270018622
0.35601118359739 0.71415270018622
0.356943150046598 0.71415270018622
0.356943150046598 0.715083798882682
0.356943150046598 0.716014897579143
0.356943150046598 0.716945996275605
0.356943150046598 0.717877094972067
0.357875116495806 0.717877094972067
0.357875116495806 0.718808193668529
0.358807082945014 0.718808193668529
0.359739049394222 0.718808193668529
0.359739049394222 0.719739292364991
0.36067101584343 0.719739292364991
0.361602982292637 0.719739292364991
0.361602982292637 0.720670391061452
0.361602982292637 0.721601489757914
0.362534948741845 0.721601489757914
0.363466915191053 0.721601489757914
0.363466915191053 0.722532588454376
0.364398881640261 0.722532588454376
0.365330848089469 0.722532588454376
0.365330848089469 0.723463687150838
0.365330848089469 0.7243947858473
0.365330848089469 0.725325884543762
0.365330848089469 0.726256983240223
0.365330848089469 0.727188081936685
0.365330848089469 0.728119180633147
0.366262814538677 0.728119180633147
0.366262814538677 0.729050279329609
0.367194780987884 0.729050279329609
0.367194780987884 0.729981378026071
0.367194780987884 0.730912476722533
0.367194780987884 0.731843575418994
0.368126747437092 0.731843575418994
0.368126747437092 0.732774674115456
0.368126747437092 0.733705772811918
0.3690587138863 0.733705772811918
0.3690587138863 0.73463687150838
0.369990680335508 0.73463687150838
0.369990680335508 0.735567970204842
0.370922646784716 0.735567970204842
0.370922646784716 0.736499068901304
0.370922646784716 0.737430167597765
0.371854613233924 0.737430167597765
0.372786579683131 0.737430167597765
0.372786579683131 0.738361266294227
0.373718546132339 0.738361266294227
0.374650512581547 0.738361266294227
0.374650512581547 0.739292364990689
0.374650512581547 0.740223463687151
0.375582479030755 0.740223463687151
0.375582479030755 0.741154562383613
0.375582479030755 0.742085661080074
0.375582479030755 0.743016759776536
0.376514445479963 0.743016759776536
0.377446411929171 0.743016759776536
0.377446411929171 0.743947858472998
0.377446411929171 0.74487895716946
0.377446411929171 0.745810055865922
0.377446411929171 0.746741154562384
0.378378378378378 0.746741154562384
0.379310344827586 0.746741154562384
0.380242311276794 0.746741154562384
0.380242311276794 0.747672253258845
0.380242311276794 0.748603351955307
0.381174277726002 0.748603351955307
0.38210624417521 0.748603351955307
0.38210624417521 0.749534450651769
0.383038210624418 0.749534450651769
0.383038210624418 0.750465549348231
0.383038210624418 0.751396648044693
0.383038210624418 0.752327746741155
0.383038210624418 0.753258845437616
0.383970177073625 0.753258845437616
0.384902143522833 0.753258845437616
0.384902143522833 0.754189944134078
0.385834109972041 0.754189944134078
0.385834109972041 0.75512104283054
0.386766076421249 0.75512104283054
0.386766076421249 0.756052141527002
0.387698042870457 0.756052141527002
0.388630009319665 0.756052141527002
0.389561975768872 0.756052141527002
0.389561975768872 0.756983240223464
0.39049394221808 0.756983240223464
0.391425908667288 0.756983240223464
0.392357875116496 0.756983240223464
0.392357875116496 0.757914338919926
0.392357875116496 0.758845437616387
0.393289841565704 0.758845437616387
0.394221808014911 0.758845437616387
0.394221808014911 0.759776536312849
0.394221808014911 0.760707635009311
0.394221808014911 0.761638733705773
0.395153774464119 0.761638733705773
0.395153774464119 0.762569832402235
0.395153774464119 0.763500931098696
0.396085740913327 0.763500931098696
0.396085740913327 0.764432029795158
0.397017707362535 0.764432029795158
0.397949673811743 0.764432029795158
0.397949673811743 0.76536312849162
0.398881640260951 0.76536312849162
0.399813606710158 0.76536312849162
0.400745573159366 0.76536312849162
0.401677539608574 0.76536312849162
0.401677539608574 0.766294227188082
0.401677539608574 0.767225325884544
0.402609506057782 0.767225325884544
0.40354147250699 0.767225325884544
0.404473438956198 0.767225325884544
0.404473438956198 0.768156424581006
0.404473438956198 0.769087523277467
0.405405405405405 0.769087523277467
0.406337371854613 0.769087523277467
0.406337371854613 0.770018621973929
0.406337371854613 0.770949720670391
0.406337371854613 0.771880819366853
0.407269338303821 0.771880819366853
0.408201304753029 0.771880819366853
0.409133271202237 0.771880819366853
0.409133271202237 0.772811918063315
0.410065237651445 0.772811918063315
0.410997204100652 0.772811918063315
0.41192917054986 0.772811918063315
0.41192917054986 0.773743016759777
0.41192917054986 0.774674115456238
0.41192917054986 0.7756052141527
0.412861136999068 0.7756052141527
0.413793103448276 0.7756052141527
0.413793103448276 0.776536312849162
0.413793103448276 0.777467411545624
0.414725069897484 0.777467411545624
0.414725069897484 0.778398510242086
0.415657036346692 0.778398510242086
0.415657036346692 0.779329608938548
0.416589002795899 0.779329608938548
0.416589002795899 0.780260707635009
0.417520969245107 0.780260707635009
0.417520969245107 0.781191806331471
0.417520969245107 0.782122905027933
0.418452935694315 0.782122905027933
0.419384902143523 0.782122905027933
0.420316868592731 0.782122905027933
0.420316868592731 0.783054003724395
0.420316868592731 0.783985102420857
0.421248835041938 0.783985102420857
0.421248835041938 0.784916201117318
0.422180801491146 0.784916201117318
0.422180801491146 0.78584729981378
0.423112767940354 0.78584729981378
0.424044734389562 0.78584729981378
0.424044734389562 0.786778398510242
0.424044734389562 0.787709497206704
0.42497670083877 0.787709497206704
0.42497670083877 0.788640595903166
0.42497670083877 0.789571694599628
0.425908667287978 0.789571694599628
0.426840633737185 0.789571694599628
0.426840633737185 0.790502793296089
0.427772600186393 0.790502793296089
0.428704566635601 0.790502793296089
0.429636533084809 0.790502793296089
0.430568499534017 0.790502793296089
0.431500465983225 0.790502793296089
0.432432432432432 0.790502793296089
0.43336439888164 0.790502793296089
0.434296365330848 0.790502793296089
0.434296365330848 0.791433891992551
0.435228331780056 0.791433891992551
0.435228331780056 0.792364990689013
0.436160298229264 0.792364990689013
0.437092264678472 0.792364990689013
0.438024231127679 0.792364990689013
0.438956197576887 0.792364990689013
0.438956197576887 0.793296089385475
0.439888164026095 0.793296089385475
0.439888164026095 0.794227188081937
0.440820130475303 0.794227188081937
0.440820130475303 0.795158286778399
0.440820130475303 0.79608938547486
0.440820130475303 0.797020484171322
0.440820130475303 0.797951582867784
0.441752096924511 0.797951582867784
0.442684063373719 0.797951582867784
0.442684063373719 0.798882681564246
0.442684063373719 0.799813780260708
0.443616029822926 0.799813780260708
0.443616029822926 0.80074487895717
0.443616029822926 0.801675977653631
0.443616029822926 0.802607076350093
0.443616029822926 0.803538175046555
0.443616029822926 0.804469273743017
0.443616029822926 0.805400372439479
0.443616029822926 0.80633147113594
0.443616029822926 0.807262569832402
0.443616029822926 0.808193668528864
0.444547996272134 0.808193668528864
0.445479962721342 0.808193668528864
0.44641192917055 0.808193668528864
0.44641192917055 0.809124767225326
0.44641192917055 0.810055865921788
0.447343895619758 0.810055865921788
0.447343895619758 0.810986964618249
0.448275862068966 0.810986964618249
0.448275862068966 0.811918063314711
0.448275862068966 0.812849162011173
0.449207828518173 0.812849162011173
0.450139794967381 0.812849162011173
0.451071761416589 0.812849162011173
0.452003727865797 0.812849162011173
0.452935694315005 0.812849162011173
0.452935694315005 0.813780260707635
0.453867660764212 0.813780260707635
0.453867660764212 0.814711359404097
0.45479962721342 0.814711359404097
0.455731593662628 0.814711359404097
0.455731593662628 0.815642458100559
0.456663560111836 0.815642458100559
0.456663560111836 0.81657355679702
0.456663560111836 0.817504655493482
0.456663560111836 0.818435754189944
0.457595526561044 0.818435754189944
0.458527493010252 0.818435754189944
0.459459459459459 0.818435754189944
0.460391425908667 0.818435754189944
0.461323392357875 0.818435754189944
0.462255358807083 0.818435754189944
0.463187325256291 0.818435754189944
0.463187325256291 0.819366852886406
0.463187325256291 0.820297951582868
0.463187325256291 0.82122905027933
0.464119291705499 0.82122905027933
0.464119291705499 0.822160148975791
0.465051258154706 0.822160148975791
0.465051258154706 0.823091247672253
0.465051258154706 0.824022346368715
0.465051258154706 0.824953445065177
0.465983224603914 0.824953445065177
0.465983224603914 0.825884543761639
0.466915191053122 0.825884543761639
0.46784715750233 0.825884543761639
0.468779123951538 0.825884543761639
0.469711090400746 0.825884543761639
0.470643056849953 0.825884543761639
0.470643056849953 0.826815642458101
0.471575023299161 0.826815642458101
0.472506989748369 0.826815642458101
0.473438956197577 0.826815642458101
0.474370922646785 0.826815642458101
0.475302889095993 0.826815642458101
0.475302889095993 0.827746741154562
0.475302889095993 0.828677839851024
0.475302889095993 0.829608938547486
0.4762348555452 0.829608938547486
0.4762348555452 0.830540037243948
0.4762348555452 0.83147113594041
0.4762348555452 0.832402234636871
0.477166821994408 0.832402234636871
0.477166821994408 0.833333333333333
0.478098788443616 0.833333333333333
0.478098788443616 0.834264432029795
0.478098788443616 0.835195530726257
0.479030754892824 0.835195530726257
0.479962721342032 0.835195530726257
0.479962721342032 0.836126629422719
0.48089468779124 0.836126629422719
0.48089468779124 0.837057728119181
0.48089468779124 0.837988826815642
0.481826654240447 0.837988826815642
0.481826654240447 0.838919925512104
0.482758620689655 0.838919925512104
0.483690587138863 0.838919925512104
0.484622553588071 0.838919925512104
0.485554520037279 0.838919925512104
0.485554520037279 0.839851024208566
0.485554520037279 0.840782122905028
0.486486486486487 0.840782122905028
0.486486486486487 0.84171322160149
0.486486486486487 0.842644320297952
0.486486486486487 0.843575418994413
0.486486486486487 0.844506517690875
0.487418452935694 0.844506517690875
0.488350419384902 0.844506517690875
0.48928238583411 0.844506517690875
0.48928238583411 0.845437616387337
0.48928238583411 0.846368715083799
0.48928238583411 0.847299813780261
0.490214352283318 0.847299813780261
0.491146318732526 0.847299813780261
0.492078285181733 0.847299813780261
0.492078285181733 0.848230912476723
0.493010251630941 0.848230912476723
0.493010251630941 0.849162011173184
0.493942218080149 0.849162011173184
0.493942218080149 0.850093109869646
0.493942218080149 0.851024208566108
0.494874184529357 0.851024208566108
0.494874184529357 0.85195530726257
0.495806150978565 0.85195530726257
0.496738117427773 0.85195530726257
0.49767008387698 0.85195530726257
0.498602050326188 0.85195530726257
0.499534016775396 0.85195530726257
0.500465983224604 0.85195530726257
0.500465983224604 0.852886405959032
0.501397949673812 0.852886405959032
0.50232991612302 0.852886405959032
0.503261882572227 0.852886405959032
0.504193849021435 0.852886405959032
0.504193849021435 0.853817504655493
0.504193849021435 0.854748603351955
0.504193849021435 0.855679702048417
0.504193849021435 0.856610800744879
0.505125815470643 0.856610800744879
0.506057781919851 0.856610800744879
0.506057781919851 0.857541899441341
0.506989748369059 0.857541899441341
0.506989748369059 0.858472998137803
0.506989748369059 0.859404096834264
0.507921714818267 0.859404096834264
0.507921714818267 0.860335195530726
0.507921714818267 0.861266294227188
0.508853681267474 0.861266294227188
0.508853681267474 0.86219739292365
0.509785647716682 0.86219739292365
0.51071761416589 0.86219739292365
0.511649580615098 0.86219739292365
0.511649580615098 0.863128491620112
0.512581547064306 0.863128491620112
0.512581547064306 0.864059590316574
0.512581547064306 0.864990689013035
0.513513513513513 0.864990689013035
0.513513513513513 0.865921787709497
0.513513513513513 0.866852886405959
0.514445479962721 0.866852886405959
0.515377446411929 0.866852886405959
0.516309412861137 0.866852886405959
0.517241379310345 0.866852886405959
0.518173345759553 0.866852886405959
0.518173345759553 0.867783985102421
0.51910531220876 0.867783985102421
0.51910531220876 0.868715083798883
0.520037278657968 0.868715083798883
0.520969245107176 0.868715083798883
0.521901211556384 0.868715083798883
0.522833178005592 0.868715083798883
0.522833178005592 0.869646182495345
0.5237651444548 0.869646182495345
0.5237651444548 0.870577281191806
0.5237651444548 0.871508379888268
0.524697110904008 0.871508379888268
0.524697110904008 0.87243947858473
0.524697110904008 0.873370577281192
0.524697110904008 0.874301675977654
0.525629077353215 0.874301675977654
0.525629077353215 0.875232774674115
0.526561043802423 0.875232774674115
0.526561043802423 0.876163873370577
0.527493010251631 0.876163873370577
0.527493010251631 0.877094972067039
0.528424976700839 0.877094972067039
0.529356943150047 0.877094972067039
0.529356943150047 0.878026070763501
0.529356943150047 0.878957169459963
0.529356943150047 0.879888268156425
0.529356943150047 0.880819366852886
0.529356943150047 0.881750465549348
0.529356943150047 0.88268156424581
0.529356943150047 0.883612662942272
0.530288909599254 0.883612662942272
0.531220876048462 0.883612662942272
0.53215284249767 0.883612662942272
0.533084808946878 0.883612662942272
0.534016775396086 0.883612662942272
0.534016775396086 0.884543761638734
0.534016775396086 0.885474860335196
0.534948741845294 0.885474860335196
0.534948741845294 0.886405959031657
0.535880708294501 0.886405959031657
0.536812674743709 0.886405959031657
0.537744641192917 0.886405959031657
0.537744641192917 0.887337057728119
0.537744641192917 0.888268156424581
0.538676607642125 0.888268156424581
0.539608574091333 0.888268156424581
0.540540540540541 0.888268156424581
0.541472506989748 0.888268156424581
0.542404473438956 0.888268156424581
0.543336439888164 0.888268156424581
0.543336439888164 0.889199255121043
0.543336439888164 0.890130353817505
0.543336439888164 0.891061452513967
0.544268406337372 0.891061452513967
0.54520037278658 0.891061452513967
0.54520037278658 0.891992551210428
0.54520037278658 0.89292364990689
0.54520037278658 0.893854748603352
0.54520037278658 0.894785847299814
0.546132339235788 0.894785847299814
0.547064305684995 0.894785847299814
0.547996272134203 0.894785847299814
0.548928238583411 0.894785847299814
0.549860205032619 0.894785847299814
0.550792171481827 0.894785847299814
0.550792171481827 0.895716945996276
0.550792171481827 0.896648044692737
0.551724137931034 0.896648044692737
0.552656104380242 0.896648044692737
0.55358807082945 0.896648044692737
0.55358807082945 0.897579143389199
0.554520037278658 0.897579143389199
0.555452003727866 0.897579143389199
0.555452003727866 0.898510242085661
0.556383970177074 0.898510242085661
0.557315936626281 0.898510242085661
0.558247903075489 0.898510242085661
0.559179869524697 0.898510242085661
0.560111835973905 0.898510242085661
0.561043802423113 0.898510242085661
0.561043802423113 0.899441340782123
0.561975768872321 0.899441340782123
0.562907735321528 0.899441340782123
0.563839701770736 0.899441340782123
0.563839701770736 0.900372439478585
0.564771668219944 0.900372439478585
0.564771668219944 0.901303538175047
0.565703634669152 0.901303538175047
0.565703634669152 0.902234636871508
0.582479030754893 0.909683426443203
0.583410997204101 0.909683426443203
0.584342963653309 0.909683426443203
0.585274930102516 0.909683426443203
0.586206896551724 0.909683426443203
0.587138863000932 0.909683426443203
0.587138863000932 0.910614525139665
0.58807082945014 0.910614525139665
0.589002795899348 0.910614525139665
0.589002795899348 0.911545623836127
0.589002795899348 0.912476722532588
0.589002795899348 0.91340782122905
0.589002795899348 0.914338919925512
0.589934762348555 0.914338919925512
0.590866728797763 0.914338919925512
0.590866728797763 0.915270018621974
0.591798695246971 0.915270018621974
0.592730661696179 0.915270018621974
0.593662628145387 0.915270018621974
0.594594594594595 0.915270018621974
0.595526561043802 0.915270018621974
0.59645852749301 0.915270018621974
0.597390493942218 0.915270018621974
0.597390493942218 0.916201117318436
0.598322460391426 0.916201117318436
0.599254426840634 0.916201117318436
0.600186393289842 0.916201117318436
0.601118359739049 0.916201117318436
0.602050326188257 0.916201117318436
0.602982292637465 0.916201117318436
0.603914259086673 0.916201117318436
0.604846225535881 0.916201117318436
0.605778191985089 0.916201117318436
0.606710158434296 0.916201117318436
0.607642124883504 0.916201117318436
0.608574091332712 0.916201117318436
0.60950605778192 0.916201117318436
0.610438024231128 0.916201117318436
0.611369990680335 0.916201117318436
0.611369990680335 0.917132216014898
0.611369990680335 0.918063314711359
0.611369990680335 0.918994413407821
0.612301957129543 0.918994413407821
0.613233923578751 0.918994413407821
0.614165890027959 0.918994413407821
0.615097856477167 0.918994413407821
0.616029822926375 0.918994413407821
0.616029822926375 0.919925512104283
0.616029822926375 0.920856610800745
0.616961789375582 0.920856610800745
0.616961789375582 0.921787709497207
0.61789375582479 0.921787709497207
0.618825722273998 0.921787709497207
0.619757688723206 0.921787709497207
0.620689655172414 0.921787709497207
0.620689655172414 0.922718808193669
0.620689655172414 0.92364990689013
0.621621621621622 0.92364990689013
0.62255358807083 0.92364990689013
0.623485554520037 0.92364990689013
0.623485554520037 0.924581005586592
0.623485554520037 0.925512104283054
0.624417520969245 0.925512104283054
0.625349487418453 0.925512104283054
0.625349487418453 0.926443202979516
0.626281453867661 0.926443202979516
0.627213420316869 0.926443202979516
0.628145386766076 0.926443202979516
0.629077353215284 0.926443202979516
0.629077353215284 0.927374301675978
0.630009319664492 0.927374301675978
0.6309412861137 0.927374301675978
0.631873252562908 0.927374301675978
0.632805219012116 0.927374301675978
0.633737185461323 0.927374301675978
0.634669151910531 0.927374301675978
0.635601118359739 0.927374301675978
0.636533084808947 0.927374301675978
0.636533084808947 0.928305400372439
0.637465051258155 0.928305400372439
0.638397017707363 0.928305400372439
0.63932898415657 0.928305400372439
0.63932898415657 0.929236499068901
0.63932898415657 0.930167597765363
0.640260950605778 0.930167597765363
0.641192917054986 0.930167597765363
0.642124883504194 0.930167597765363
0.642124883504194 0.931098696461825
0.643056849953402 0.931098696461825
0.64398881640261 0.931098696461825
0.644920782851817 0.931098696461825
0.645852749301025 0.931098696461825
0.646784715750233 0.931098696461825
0.647716682199441 0.931098696461825
0.648648648648649 0.931098696461825
0.649580615097856 0.931098696461825
0.649580615097856 0.932029795158287
0.649580615097856 0.932960893854749
0.649580615097856 0.93389199255121
0.650512581547064 0.93389199255121
0.651444547996272 0.93389199255121
0.65237651444548 0.93389199255121
0.653308480894688 0.93389199255121
0.654240447343896 0.93389199255121
0.654240447343896 0.934823091247672
0.654240447343896 0.935754189944134
0.655172413793103 0.935754189944134
0.655172413793103 0.936685288640596
0.656104380242311 0.936685288640596
0.657036346691519 0.936685288640596
0.657036346691519 0.937616387337058
0.657968313140727 0.937616387337058
0.658900279589935 0.937616387337058
0.659832246039143 0.937616387337058
0.66076421248835 0.937616387337058
0.661696178937558 0.937616387337058
0.662628145386766 0.937616387337058
0.663560111835974 0.937616387337058
0.664492078285182 0.937616387337058
0.66542404473439 0.937616387337058
0.666356011183597 0.937616387337058
0.666356011183597 0.93854748603352
0.667287977632805 0.93854748603352
0.667287977632805 0.939478584729981
0.668219944082013 0.939478584729981
0.669151910531221 0.939478584729981
0.669151910531221 0.940409683426443
0.670083876980429 0.940409683426443
0.671015843429636 0.940409683426443
0.671947809878844 0.940409683426443
0.672879776328052 0.940409683426443
0.672879776328052 0.941340782122905
0.67381174277726 0.941340782122905
0.67381174277726 0.942271880819367
0.674743709226468 0.942271880819367
0.675675675675676 0.942271880819367
0.676607642124884 0.942271880819367
0.677539608574091 0.942271880819367
0.678471575023299 0.942271880819367
0.679403541472507 0.942271880819367
0.680335507921715 0.942271880819367
0.681267474370923 0.942271880819367
0.682199440820131 0.942271880819367
0.683131407269338 0.942271880819367
0.684063373718546 0.942271880819367
0.684063373718546 0.943202979515829
0.684063373718546 0.94413407821229
0.684995340167754 0.94413407821229
0.685927306616962 0.94413407821229
0.68685927306617 0.94413407821229
0.68685927306617 0.945065176908752
0.687791239515377 0.945065176908752
0.687791239515377 0.945996275605214
0.688723205964585 0.945996275605214
0.688723205964585 0.946927374301676
0.689655172413793 0.946927374301676
0.690587138863001 0.946927374301676
0.691519105312209 0.946927374301676
0.692451071761417 0.946927374301676
0.693383038210624 0.946927374301676
0.694315004659832 0.946927374301676
0.69524697110904 0.946927374301676
0.696178937558248 0.946927374301676
0.697110904007456 0.946927374301676
0.698042870456664 0.946927374301676
0.698042870456664 0.947858472998138
0.698974836905871 0.947858472998138
0.699906803355079 0.947858472998138
0.700838769804287 0.947858472998138
0.701770736253495 0.947858472998138
0.702702702702703 0.947858472998138
0.703634669151911 0.947858472998138
0.704566635601118 0.947858472998138
0.704566635601118 0.9487895716946
0.705498602050326 0.9487895716946
0.705498602050326 0.949720670391061
0.706430568499534 0.949720670391061
0.706430568499534 0.950651769087523
0.707362534948742 0.950651769087523
0.70829450139795 0.950651769087523
0.70829450139795 0.951582867783985
0.709226467847157 0.951582867783985
0.710158434296365 0.951582867783985
0.711090400745573 0.951582867783985
0.712022367194781 0.951582867783985
0.712954333643989 0.951582867783985
0.713886300093197 0.951582867783985
0.714818266542404 0.951582867783985
0.715750232991612 0.951582867783985
0.71668219944082 0.951582867783985
0.717614165890028 0.951582867783985
0.718546132339236 0.951582867783985
0.719478098788444 0.951582867783985
0.720410065237651 0.951582867783985
0.720410065237651 0.952513966480447
0.720410065237651 0.953445065176909
0.721342031686859 0.953445065176909
0.722273998136067 0.953445065176909
0.723205964585275 0.953445065176909
0.724137931034483 0.953445065176909
0.725069897483691 0.953445065176909
0.726001863932898 0.953445065176909
0.726001863932898 0.954376163873371
0.726933830382106 0.954376163873371
0.727865796831314 0.954376163873371
0.727865796831314 0.955307262569832
0.728797763280522 0.955307262569832
0.728797763280522 0.956238361266294
0.72972972972973 0.956238361266294
0.72972972972973 0.957169459962756
0.730661696178938 0.957169459962756
0.731593662628145 0.957169459962756
0.732525629077353 0.957169459962756
0.733457595526561 0.957169459962756
0.734389561975769 0.957169459962756
0.735321528424977 0.957169459962756
0.736253494874185 0.957169459962756
0.737185461323392 0.957169459962756
0.7381174277726 0.957169459962756
0.739049394221808 0.957169459962756
0.739981360671016 0.957169459962756
0.739981360671016 0.958100558659218
0.740913327120224 0.958100558659218
0.740913327120224 0.95903165735568
0.741845293569432 0.95903165735568
0.742777260018639 0.95903165735568
0.743709226467847 0.95903165735568
0.744641192917055 0.95903165735568
0.745573159366263 0.95903165735568
0.746505125815471 0.95903165735568
0.747437092264678 0.95903165735568
0.748369058713886 0.95903165735568
0.749301025163094 0.95903165735568
0.750232991612302 0.95903165735568
0.75116495806151 0.95903165735568
0.752096924510718 0.95903165735568
0.752096924510718 0.959962756052142
0.753028890959925 0.959962756052142
0.753028890959925 0.960893854748603
0.753028890959925 0.961824953445065
0.753960857409133 0.961824953445065
0.754892823858341 0.961824953445065
0.755824790307549 0.961824953445065
0.756756756756757 0.961824953445065
0.757688723205965 0.961824953445065
0.758620689655172 0.961824953445065
0.75955265610438 0.961824953445065
0.760484622553588 0.961824953445065
0.761416589002796 0.961824953445065
0.762348555452004 0.961824953445065
0.763280521901212 0.961824953445065
0.763280521901212 0.962756052141527
0.764212488350419 0.962756052141527
0.764212488350419 0.963687150837989
0.765144454799627 0.963687150837989
0.766076421248835 0.963687150837989
0.766076421248835 0.964618249534451
0.767008387698043 0.964618249534451
0.767008387698043 0.965549348230912
0.767940354147251 0.965549348230912
0.768872320596458 0.965549348230912
0.769804287045666 0.965549348230912
0.769804287045666 0.966480446927374
0.770736253494874 0.966480446927374
0.770736253494874 0.967411545623836
0.771668219944082 0.967411545623836
0.77260018639329 0.967411545623836
0.773532152842498 0.967411545623836
0.774464119291705 0.967411545623836
0.775396085740913 0.967411545623836
0.776328052190121 0.967411545623836
0.776328052190121 0.968342644320298
0.776328052190121 0.96927374301676
0.777260018639329 0.96927374301676
0.778191985088537 0.96927374301676
0.779123951537745 0.96927374301676
0.780055917986953 0.96927374301676
0.78098788443616 0.96927374301676
0.781919850885368 0.96927374301676
0.782851817334576 0.96927374301676
0.783783783783784 0.96927374301676
0.784715750232992 0.96927374301676
0.784715750232992 0.970204841713222
0.784715750232992 0.971135940409683
0.785647716682199 0.971135940409683
0.786579683131407 0.971135940409683
0.787511649580615 0.971135940409683
0.787511649580615 0.972067039106145
0.788443616029823 0.972067039106145
0.788443616029823 0.972998137802607
0.788443616029823 0.973929236499069
0.788443616029823 0.974860335195531
0.789375582479031 0.974860335195531
0.790307548928239 0.974860335195531
0.791239515377446 0.974860335195531
0.792171481826654 0.974860335195531
0.793103448275862 0.974860335195531
0.79403541472507 0.974860335195531
0.794967381174278 0.974860335195531
0.795899347623486 0.974860335195531
0.796831314072693 0.974860335195531
0.797763280521901 0.974860335195531
0.797763280521901 0.975791433891993
0.798695246971109 0.975791433891993
0.799627213420317 0.975791433891993
0.800559179869525 0.975791433891993
0.801491146318733 0.975791433891993
0.80242311276794 0.975791433891993
0.803355079217148 0.975791433891993
0.804287045666356 0.975791433891993
0.805219012115564 0.975791433891993
0.806150978564772 0.975791433891993
0.807082945013979 0.975791433891993
0.808014911463187 0.975791433891993
0.808946877912395 0.975791433891993
0.809878844361603 0.975791433891993
0.810810810810811 0.975791433891993
0.811742777260019 0.975791433891993
0.812674743709226 0.975791433891993
0.812674743709226 0.976722532588454
0.813606710158434 0.976722532588454
0.813606710158434 0.977653631284916
0.814538676607642 0.977653631284916
0.81547064305685 0.977653631284916
0.816402609506058 0.977653631284916
0.817334575955266 0.977653631284916
0.818266542404473 0.977653631284916
0.819198508853681 0.977653631284916
0.820130475302889 0.977653631284916
0.821062441752097 0.977653631284916
0.821994408201305 0.977653631284916
0.822926374650513 0.977653631284916
0.82385834109972 0.977653631284916
0.82385834109972 0.978584729981378
0.824790307548928 0.978584729981378
0.825722273998136 0.978584729981378
0.826654240447344 0.978584729981378
0.827586206896552 0.978584729981378
0.82851817334576 0.978584729981378
0.829450139794967 0.978584729981378
0.830382106244175 0.978584729981378
0.831314072693383 0.978584729981378
0.832246039142591 0.978584729981378
0.833178005591799 0.978584729981378
0.834109972041007 0.978584729981378
0.835041938490214 0.978584729981378
0.835973904939422 0.978584729981378
0.83690587138863 0.978584729981378
0.837837837837838 0.978584729981378
0.838769804287046 0.978584729981378
0.839701770736254 0.978584729981378
0.840633737185461 0.978584729981378
0.841565703634669 0.978584729981378
0.841565703634669 0.97951582867784
0.842497670083877 0.97951582867784
0.843429636533085 0.97951582867784
0.844361602982293 0.97951582867784
0.8452935694315 0.97951582867784
0.846225535880708 0.97951582867784
0.846225535880708 0.980446927374302
0.847157502329916 0.980446927374302
0.848089468779124 0.980446927374302
0.848089468779124 0.981378026070764
0.849021435228332 0.981378026070764
0.84995340167754 0.981378026070764
0.84995340167754 0.982309124767225
0.850885368126747 0.982309124767225
0.851817334575955 0.982309124767225
0.852749301025163 0.982309124767225
0.853681267474371 0.982309124767225
0.854613233923579 0.982309124767225
0.855545200372787 0.982309124767225
0.855545200372787 0.983240223463687
0.856477166821994 0.983240223463687
0.857409133271202 0.983240223463687
0.85834109972041 0.983240223463687
0.85834109972041 0.984171322160149
0.859273066169618 0.984171322160149
0.860205032618826 0.984171322160149
0.860205032618826 0.985102420856611
0.861136999068034 0.985102420856611
0.862068965517241 0.985102420856611
0.863000931966449 0.985102420856611
0.863932898415657 0.985102420856611
0.864864864864865 0.985102420856611
0.865796831314073 0.985102420856611
0.86672879776328 0.985102420856611
0.867660764212488 0.985102420856611
0.868592730661696 0.985102420856611
0.868592730661696 0.986033519553073
0.869524697110904 0.986033519553073
0.870456663560112 0.986033519553073
0.87138863000932 0.986033519553073
0.872320596458527 0.986033519553073
0.873252562907735 0.986033519553073
0.874184529356943 0.986033519553073
0.875116495806151 0.986033519553073
0.876048462255359 0.986033519553073
0.876980428704567 0.986033519553073
0.877912395153775 0.986033519553073
0.878844361602982 0.986033519553073
0.87977632805219 0.986033519553073
0.880708294501398 0.986033519553073
0.881640260950606 0.986033519553073
0.881640260950606 0.986964618249534
0.882572227399814 0.986964618249534
0.883504193849021 0.986964618249534
0.884436160298229 0.986964618249534
0.885368126747437 0.986964618249534
0.886300093196645 0.986964618249534
0.887232059645853 0.986964618249534
0.888164026095061 0.986964618249534
0.889095992544268 0.986964618249534
0.890027958993476 0.986964618249534
0.890959925442684 0.986964618249534
0.891891891891892 0.986964618249534
0.8928238583411 0.986964618249534
0.893755824790308 0.986964618249534
0.894687791239515 0.986964618249534
0.895619757688723 0.986964618249534
0.896551724137931 0.986964618249534
0.897483690587139 0.986964618249534
0.898415657036347 0.986964618249534
0.898415657036347 0.987895716945996
0.899347623485555 0.987895716945996
0.900279589934762 0.987895716945996
0.90121155638397 0.987895716945996
0.902143522833178 0.987895716945996
0.903075489282386 0.987895716945996
0.903075489282386 0.988826815642458
0.904007455731594 0.988826815642458
0.904939422180801 0.988826815642458
0.905871388630009 0.988826815642458
0.905871388630009 0.98975791433892
0.906803355079217 0.98975791433892
0.907735321528425 0.98975791433892
0.908667287977633 0.98975791433892
0.909599254426841 0.98975791433892
0.910531220876048 0.98975791433892
0.911463187325256 0.98975791433892
0.912395153774464 0.98975791433892
0.913327120223672 0.98975791433892
0.91425908667288 0.98975791433892
0.915191053122088 0.98975791433892
0.916123019571295 0.98975791433892
0.916123019571295 0.990689013035382
0.916123019571295 0.991620111731844
0.917054986020503 0.991620111731844
0.917986952469711 0.991620111731844
0.918918918918919 0.991620111731844
0.919850885368127 0.991620111731844
0.920782851817335 0.991620111731844
0.921714818266542 0.991620111731844
0.92264678471575 0.991620111731844
0.923578751164958 0.991620111731844
0.924510717614166 0.991620111731844
0.925442684063374 0.991620111731844
0.926374650512581 0.991620111731844
0.926374650512581 0.992551210428305
0.927306616961789 0.992551210428305
0.928238583410997 0.992551210428305
0.928238583410997 0.993482309124767
0.929170549860205 0.993482309124767
0.930102516309413 0.993482309124767
0.931034482758621 0.993482309124767
0.931966449207829 0.993482309124767
0.932898415657036 0.993482309124767
0.933830382106244 0.993482309124767
0.934762348555452 0.993482309124767
0.93569431500466 0.993482309124767
0.936626281453868 0.993482309124767
0.937558247903076 0.993482309124767
0.938490214352283 0.993482309124767
0.939422180801491 0.993482309124767
0.940354147250699 0.993482309124767
0.941286113699907 0.993482309124767
0.942218080149115 0.993482309124767
0.943150046598322 0.993482309124767
0.94408201304753 0.993482309124767
0.945013979496738 0.993482309124767
0.945945945945946 0.993482309124767
0.946877912395154 0.993482309124767
0.946877912395154 0.994413407821229
0.947809878844362 0.994413407821229
0.948741845293569 0.994413407821229
0.949673811742777 0.994413407821229
0.950605778191985 0.994413407821229
0.950605778191985 0.995344506517691
0.951537744641193 0.995344506517691
0.952469711090401 0.995344506517691
0.953401677539609 0.995344506517691
0.954333643988816 0.995344506517691
0.955265610438024 0.995344506517691
0.956197576887232 0.995344506517691
0.956197576887232 0.996275605214153
0.95712954333644 0.996275605214153
0.958061509785648 0.996275605214153
0.958993476234856 0.996275605214153
0.959925442684063 0.996275605214153
0.960857409133271 0.996275605214153
0.961789375582479 0.996275605214153
0.962721342031687 0.996275605214153
0.963653308480895 0.996275605214153
0.964585274930102 0.996275605214153
0.964585274930102 0.997206703910615
0.96551724137931 0.997206703910615
0.96551724137931 0.998137802607076
0.966449207828518 0.998137802607076
0.967381174277726 0.998137802607076
0.968313140726934 0.998137802607076
0.969245107176142 0.998137802607076
0.970177073625349 0.998137802607076
0.970177073625349 0.999068901303538
0.971109040074557 0.999068901303538
0.972041006523765 0.999068901303538
0.972972972972973 0.999068901303538
0.973904939422181 0.999068901303538
0.974836905871389 0.999068901303538
0.975768872320597 0.999068901303538
0.976700838769804 0.999068901303538
0.977632805219012 0.999068901303538
0.97856477166822 0.999068901303538
0.979496738117428 0.999068901303538
0.980428704566636 0.999068901303538
0.981360671015843 0.999068901303538
0.982292637465051 0.999068901303538
0.983224603914259 0.999068901303538
0.984156570363467 0.999068901303538
0.985088536812675 0.999068901303538
0.986020503261883 0.999068901303538
0.98695246971109 0.999068901303538
0.987884436160298 0.999068901303538
0.988816402609506 0.999068901303538
0.989748369058714 0.999068901303538
0.990680335507922 0.999068901303538
0.99161230195713 0.999068901303538
0.992544268406337 0.999068901303538
0.993476234855545 0.999068901303538
0.994408201304753 0.999068901303538
0.994408201304753 1
0.995340167753961 1
0.996272134203169 1
0.997204100652377 1
0.998136067101584 1
0.999068033550792 1
1 1
