0 0
0 0.00103950103950104
0 0.00207900207900208
0 0.00311850311850312
0 0.00415800415800416
0 0.0051975051975052
0 0.00623700623700624
0.00104058272632674 0.00623700623700624
0.00104058272632674 0.00727650727650728
0.00104058272632674 0.00831600831600832
0.00104058272632674 0.00935550935550936
0.00104058272632674 0.0103950103950104
0.00104058272632674 0.0114345114345114
0.00104058272632674 0.0124740124740125
0.00104058272632674 0.0135135135135135
0.00104058272632674 0.0145530145530146
0.00208116545265349 0.0145530145530146
0.00208116545265349 0.0155925155925156
0.00208116545265349 0.0166320166320166
0.00208116545265349 0.0176715176715177
0.00208116545265349 0.0187110187110187
0.00208116545265349 0.0197505197505198
0.00208116545265349 0.0207900207900208
0.00208116545265349 0.0218295218295218
0.00208116545265349 0.0228690228690229
0.00208116545265349 0.0239085239085239
0.00208116545265349 0.0249480249480249
0.00208116545265349 0.025987525987526
0.00208116545265349 0.027027027027027
0.00208116545265349 0.0280665280665281
0.00312174817898023 0.0280665280665281
0.00312174817898023 0.0291060291060291
0.00416233090530697 0.0291060291060291
0.00520291363163371 0.0291060291060291
0.00520291363163371 0.0301455301455301
0.00520291363163371 0.0311850311850312
0.00520291363163371 0.0322245322245322
0.00520291363163371 0.0332640332640333
0.00520291363163371 0.0343035343035343
0.00520291363163371 0.0353430353430353
0.00520291363163371 0.0363825363825364
0.00520291363163371 0.0374220374220374
0.00520291363163371 0.0384615384615385
0.00520291363163371 0.0395010395010395
0.00520291363163371 0.0405405405405405
0.00624349635796046 0.0405405405405405
0.0072840790842872 0.0405405405405405
0.0072840790842872 0.0415800415800416
0.0072840790842872 0.0426195426195426
0.00832466181061394 0.0426195426195426
0.00832466181061394 0.0436590436590437
0.00832466181061394 0.0446985446985447
0.00832466181061394 0.0457380457380457
0.00832466181061394 0.0467775467775468
0.00832466181061394 0.0478170478170478
0.00832466181061394 0.0488565488565489
0.00832466181061394 0.0498960498960499
0.00832466181061394 0.0509355509355509
0.00832466181061394 0.051975051975052
0.00936524453694069 0.051975051975052
0.00936524453694069 0.053014553014553
0.0104058272632674 0.053014553014553
0.0104058272632674 0.0540540540540541
0.0104058272632674 0.0550935550935551
0.0104058272632674 0.0561330561330561
0.0114464099895942 0.0561330561330561
0.0114464099895942 0.0571725571725572
0.0114464099895942 0.0582120582120582
0.0114464099895942 0.0592515592515593
0.0114464099895942 0.0602910602910603
0.0114464099895942 0.0613305613305613
0.0114464099895942 0.0623700623700624
0.0114464099895942 0.0634095634095634
0.0114464099895942 0.0644490644490645
0.0114464099895942 0.0654885654885655
0.0124869927159209 0.0654885654885655
0.0135275754422477 0.0665280665280665
0.0145681581685744 0.0665280665280665
0.0156087408949011 0.0665280665280665
0.0156087408949011 0.0675675675675676
0.0156087408949011 0.0686070686070686
0.0156087408949011 0.0696465696465697
0.0156087408949011 0.0706860706860707
0.0166493236212279 0.0706860706860707
0.0166493236212279 0.0717255717255717
0.0166493236212279 0.0727650727650728
0.0166493236212279 0.0738045738045738
0.0166493236212279 0.0748440748440748
0.0166493236212279 0.0758835758835759
0.0166493236212279 0.0769230769230769
0.0166493236212279 0.077962577962578
0.0166493236212279 0.079002079002079
0.0166493236212279 0.08004158004158
0.0166493236212279 0.0810810810810811
0.0166493236212279 0.0821205821205821
0.0166493236212279 0.0831600831600832
0.0176899063475546 0.0831600831600832
0.0176899063475546 0.0841995841995842
0.0187304890738814 0.0841995841995842
0.0197710718002081 0.0841995841995842
0.0197710718002081 0.0862785862785863
0.0197710718002081 0.0873180873180873
0.0197710718002081 0.0883575883575884
0.0208116545265349 0.0883575883575884
0.0218522372528616 0.0883575883575884
0.0218522372528616 0.0893970893970894
0.0228928199791883 0.0893970893970894
0.0228928199791883 0.0904365904365904
0.0239334027055151 0.0904365904365904
0.0239334027055151 0.0914760914760915
0.0239334027055151 0.0925155925155925
0.0239334027055151 0.0935550935550936
0.0249739854318418 0.0935550935550936
0.0249739854318418 0.0945945945945946
0.0260145681581686 0.0945945945945946
0.0260145681581686 0.0956340956340956
0.0270551508844953 0.0956340956340956
0.0280957336108221 0.0956340956340956
0.0280957336108221 0.0966735966735967
0.0280957336108221 0.0977130977130977
0.0280957336108221 0.0987525987525988
0.0280957336108221 0.0997920997920998
0.0280957336108221 0.100831600831601
0.0291363163371488 0.100831600831601
0.0291363163371488 0.101871101871102
0.0291363163371488 0.102910602910603
0.0291363163371488 0.103950103950104
0.0301768990634755 0.103950103950104
0.0301768990634755 0.104989604989605
0.0301768990634755 0.106029106029106
0.0301768990634755 0.107068607068607
0.0312174817898023 0.107068607068607
0.0312174817898023 0.108108108108108
0.0312174817898023 0.109147609147609
0.0312174817898023 0.11018711018711
0.0312174817898023 0.111226611226611
0.0312174817898023 0.112266112266112
0.032258064516129 0.112266112266112
0.032258064516129 0.113305613305613
0.032258064516129 0.114345114345114
0.0332986472424558 0.114345114345114
0.0343392299687825 0.114345114345114
0.0343392299687825 0.115384615384615
0.0353798126951093 0.115384615384615
0.0353798126951093 0.116424116424116
0.0353798126951093 0.117463617463617
0.0353798126951093 0.118503118503119
0.0353798126951093 0.11954261954262
0.036420395421436 0.11954261954262
0.036420395421436 0.120582120582121
0.0374609781477627 0.120582120582121
0.0374609781477627 0.121621621621622
0.0374609781477627 0.122661122661123
0.0374609781477627 0.123700623700624
0.0374609781477627 0.124740124740125
0.0374609781477627 0.125779625779626
0.0374609781477627 0.126819126819127
0.0374609781477627 0.127858627858628
0.0385015608740895 0.127858627858628
0.0385015608740895 0.128898128898129
0.0385015608740895 0.12993762993763
0.0395421436004162 0.12993762993763
0.040582726326743 0.12993762993763
0.040582726326743 0.130977130977131
0.040582726326743 0.132016632016632
0.0416233090530697 0.132016632016632
0.0426638917793965 0.132016632016632
0.0426638917793965 0.133056133056133
0.0426638917793965 0.134095634095634
0.0426638917793965 0.135135135135135
0.0426638917793965 0.136174636174636
0.0426638917793965 0.137214137214137
0.0437044745057232 0.137214137214137
0.0447450572320499 0.137214137214137
0.0457856399583767 0.137214137214137
0.0468262226847034 0.137214137214137
0.0468262226847034 0.138253638253638
0.0468262226847034 0.139293139293139
0.0468262226847034 0.14033264033264
0.0468262226847034 0.141372141372141
0.0468262226847034 0.142411642411642
0.0468262226847034 0.143451143451143
0.0468262226847034 0.144490644490644
0.0478668054110302 0.144490644490644
0.0489073881373569 0.144490644490644
0.0489073881373569 0.145530145530146
0.0489073881373569 0.146569646569647
0.0489073881373569 0.147609147609148
0.0489073881373569 0.148648648648649
0.0489073881373569 0.14968814968815
0.0489073881373569 0.150727650727651
0.0489073881373569 0.151767151767152
0.0489073881373569 0.152806652806653
0.0489073881373569 0.153846153846154
0.0489073881373569 0.154885654885655
0.0489073881373569 0.155925155925156
0.0499479708636837 0.155925155925156
0.0499479708636837 0.156964656964657
0.0499479708636837 0.158004158004158
0.0509885535900104 0.158004158004158
0.0509885535900104 0.159043659043659
0.0509885535900104 0.16008316008316
0.0509885535900104 0.161122661122661
0.0520291363163371 0.161122661122661
0.0520291363163371 0.162162162162162
0.0520291363163371 0.163201663201663
0.0520291363163371 0.164241164241164
0.0530697190426639 0.164241164241164
0.0530697190426639 0.165280665280665
0.0530697190426639 0.166320166320166
0.0530697190426639 0.167359667359667
0.0530697190426639 0.168399168399168
0.0530697190426639 0.169438669438669
0.0530697190426639 0.17047817047817
0.0530697190426639 0.171517671517672
0.0541103017689906 0.171517671517672
0.0541103017689906 0.172557172557173
0.0541103017689906 0.173596673596674
0.0541103017689906 0.174636174636175
0.0541103017689906 0.175675675675676
0.0541103017689906 0.176715176715177
0.0541103017689906 0.177754677754678
0.0541103017689906 0.178794178794179
0.0541103017689906 0.17983367983368
0.0541103017689906 0.180873180873181
0.0551508844953174 0.180873180873181
0.0551508844953174 0.181912681912682
0.0551508844953174 0.182952182952183
0.0561914672216441 0.182952182952183
0.0561914672216441 0.183991683991684
0.0561914672216441 0.185031185031185
0.0561914672216441 0.186070686070686
0.0561914672216441 0.187110187110187
0.0561914672216441 0.188149688149688
0.0561914672216441 0.189189189189189
0.0561914672216441 0.19022869022869
0.0572320499479709 0.19022869022869
0.0572320499479709 0.191268191268191
0.0572320499479709 0.192307692307692
0.0572320499479709 0.193347193347193
0.0582726326742976 0.193347193347193
0.0582726326742976 0.194386694386694
0.0582726326742976 0.195426195426195
0.0593132154006243 0.195426195426195
0.0593132154006243 0.196465696465696
0.0593132154006243 0.197505197505198
0.0603537981269511 0.197505197505198
0.0603537981269511 0.198544698544699
0.0603537981269511 0.1995841995842
0.0613943808532778 0.1995841995842
0.0613943808532778 0.200623700623701
0.0624349635796046 0.200623700623701
0.0624349635796046 0.201663201663202
0.0634755463059313 0.201663201663202
0.0634755463059313 0.202702702702703
0.0634755463059313 0.203742203742204
0.0634755463059313 0.204781704781705
0.0645161290322581 0.204781704781705
0.0645161290322581 0.205821205821206
0.0655567117585848 0.205821205821206
0.0655567117585848 0.206860706860707
0.0665972944849116 0.206860706860707
0.0665972944849116 0.207900207900208
0.0676378772112383 0.207900207900208
0.0676378772112383 0.208939708939709
0.0676378772112383 0.20997920997921
0.068678459937565 0.20997920997921
0.068678459937565 0.211018711018711
0.0697190426638918 0.211018711018711
0.0697190426638918 0.212058212058212
0.0697190426638918 0.213097713097713
0.0697190426638918 0.214137214137214
0.0697190426638918 0.215176715176715
0.0697190426638918 0.216216216216216
0.0697190426638918 0.217255717255717
0.0697190426638918 0.218295218295218
0.0697190426638918 0.219334719334719
0.0697190426638918 0.22037422037422
0.0697190426638918 0.221413721413721
0.0697190426638918 0.222453222453222
0.0697190426638918 0.223492723492724
0.0697190426638918 0.224532224532225
0.0697190426638918 0.225571725571726
0.0707596253902185 0.225571725571726
0.0707596253902185 0.226611226611227
0.0718002081165453 0.226611226611227
0.072840790842872 0.226611226611227
0.072840790842872 0.227650727650728
0.072840790842872 0.228690228690229
0.072840790842872 0.22972972972973
0.072840790842872 0.230769230769231
0.072840790842872 0.231808731808732
0.072840790842872 0.232848232848233
0.072840790842872 0.233887733887734
0.072840790842872 0.234927234927235
0.072840790842872 0.235966735966736
0.0738813735691988 0.235966735966736
0.0738813735691988 0.237006237006237
0.0749219562955255 0.237006237006237
0.0759625390218522 0.237006237006237
0.077003121748179 0.237006237006237
0.077003121748179 0.238045738045738
0.077003121748179 0.239085239085239
0.077003121748179 0.24012474012474
0.077003121748179 0.241164241164241
0.077003121748179 0.242203742203742
0.077003121748179 0.243243243243243
0.0780437044745057 0.243243243243243
0.0790842872008325 0.243243243243243
0.0801248699271592 0.244282744282744
0.081165452653486 0.244282744282744
0.081165452653486 0.245322245322245
0.0822060353798127 0.245322245322245
0.0832466181061394 0.245322245322245
0.0832466181061394 0.246361746361746
0.0842872008324662 0.246361746361746
0.0853277835587929 0.246361746361746
0.0853277835587929 0.247401247401247
0.0853277835587929 0.248440748440748
0.0853277835587929 0.249480249480249
0.0853277835587929 0.250519750519751
0.0853277835587929 0.251559251559252
0.0863683662851197 0.251559251559252
0.0863683662851197 0.252598752598753
0.0863683662851197 0.253638253638254
0.0863683662851197 0.254677754677755
0.0863683662851197 0.255717255717256
0.0874089490114464 0.255717255717256
0.0874089490114464 0.256756756756757
0.0884495317377731 0.256756756756757
0.0894901144640999 0.256756756756757
0.0905306971904266 0.256756756756757
0.0915712799167534 0.256756756756757
0.0926118626430801 0.256756756756757
0.0926118626430801 0.257796257796258
0.0936524453694069 0.257796257796258
0.0936524453694069 0.258835758835759
0.0936524453694069 0.25987525987526
0.0936524453694069 0.260914760914761
0.0936524453694069 0.261954261954262
0.0936524453694069 0.262993762993763
0.0936524453694069 0.264033264033264
0.0936524453694069 0.265072765072765
0.0936524453694069 0.266112266112266
0.0936524453694069 0.267151767151767
0.0936524453694069 0.268191268191268
0.0946930280957336 0.268191268191268
0.0946930280957336 0.269230769230769
0.0957336108220603 0.269230769230769
0.0967741935483871 0.269230769230769
0.0967741935483871 0.27027027027027
0.0967741935483871 0.271309771309771
0.0967741935483871 0.272349272349272
0.0967741935483871 0.273388773388773
0.0967741935483871 0.274428274428274
0.0967741935483871 0.275467775467775
0.0967741935483871 0.276507276507277
0.0978147762747138 0.276507276507277
0.0988553590010406 0.276507276507277
0.0988553590010406 0.277546777546778
0.0988553590010406 0.278586278586279
0.0998959417273673 0.278586278586279
0.0998959417273673 0.27962577962578
0.0998959417273673 0.280665280665281
0.0998959417273673 0.281704781704782
0.100936524453694 0.281704781704782
0.101977107180021 0.281704781704782
0.101977107180021 0.282744282744283
0.101977107180021 0.283783783783784
0.103017689906348 0.283783783783784
0.104058272632674 0.283783783783784
0.104058272632674 0.284823284823285
0.104058272632674 0.285862785862786
0.105098855359001 0.285862785862786
0.105098855359001 0.286902286902287
0.105098855359001 0.287941787941788
0.105098855359001 0.288981288981289
0.106139438085328 0.288981288981289
0.106139438085328 0.29002079002079
0.106139438085328 0.291060291060291
0.106139438085328 0.292099792099792
0.107180020811655 0.292099792099792
0.107180020811655 0.294178794178794
0.108220603537981 0.294178794178794
0.108220603537981 0.295218295218295
0.109261186264308 0.295218295218295
0.109261186264308 0.296257796257796
0.109261186264308 0.297297297297297
0.110301768990635 0.297297297297297
0.110301768990635 0.298336798336798
0.110301768990635 0.299376299376299
0.110301768990635 0.3004158004158
0.110301768990635 0.301455301455301
0.111342351716961 0.301455301455301
0.111342351716961 0.302494802494802
0.111342351716961 0.303534303534304
0.112382934443288 0.303534303534304
0.112382934443288 0.304573804573805
0.112382934443288 0.305613305613306
0.113423517169615 0.305613305613306
0.113423517169615 0.306652806652807
0.113423517169615 0.307692307692308
0.113423517169615 0.308731808731809
0.114464099895942 0.308731808731809
0.114464099895942 0.30977130977131
0.114464099895942 0.310810810810811
0.114464099895942 0.311850311850312
0.115504682622268 0.311850311850312
0.115504682622268 0.312889812889813
0.115504682622268 0.313929313929314
0.115504682622268 0.314968814968815
0.115504682622268 0.316008316008316
0.115504682622268 0.317047817047817
0.115504682622268 0.318087318087318
0.115504682622268 0.319126819126819
0.116545265348595 0.319126819126819
0.116545265348595 0.32016632016632
0.117585848074922 0.321205821205821
0.117585848074922 0.322245322245322
0.117585848074922 0.323284823284823
0.117585848074922 0.324324324324324
0.117585848074922 0.325363825363825
0.118626430801249 0.325363825363825
0.118626430801249 0.326403326403326
0.118626430801249 0.327442827442827
0.118626430801249 0.328482328482329
0.118626430801249 0.32952182952183
0.118626430801249 0.330561330561331
0.119667013527575 0.330561330561331
0.119667013527575 0.331600831600832
0.119667013527575 0.332640332640333
0.119667013527575 0.333679833679834
0.120707596253902 0.333679833679834
0.120707596253902 0.334719334719335
0.121748178980229 0.334719334719335
0.121748178980229 0.335758835758836
0.121748178980229 0.336798336798337
0.121748178980229 0.337837837837838
0.121748178980229 0.338877338877339
0.121748178980229 0.33991683991684
0.121748178980229 0.340956340956341
0.121748178980229 0.341995841995842
0.121748178980229 0.343035343035343
0.121748178980229 0.344074844074844
0.121748178980229 0.345114345114345
0.121748178980229 0.346153846153846
0.121748178980229 0.347193347193347
0.121748178980229 0.348232848232848
0.122788761706556 0.348232848232848
0.122788761706556 0.349272349272349
0.122788761706556 0.35031185031185
0.123829344432882 0.35031185031185
0.124869927159209 0.35031185031185
0.124869927159209 0.351351351351351
0.124869927159209 0.352390852390852
0.124869927159209 0.353430353430353
0.124869927159209 0.354469854469854
0.124869927159209 0.355509355509356
0.124869927159209 0.356548856548857
0.124869927159209 0.357588357588358
0.124869927159209 0.358627858627859
0.124869927159209 0.35966735966736
0.124869927159209 0.360706860706861
0.124869927159209 0.361746361746362
0.124869927159209 0.362785862785863
0.124869927159209 0.363825363825364
0.124869927159209 0.364864864864865
0.125910509885536 0.364864864864865
0.126951092611863 0.364864864864865
0.127991675338189 0.364864864864865
0.129032258064516 0.364864864864865
0.130072840790843 0.364864864864865
0.130072840790843 0.365904365904366
0.130072840790843 0.366943866943867
0.13111342351717 0.366943866943867
0.132154006243496 0.366943866943867
0.133194588969823 0.366943866943867
0.13423517169615 0.366943866943867
0.13423517169615 0.367983367983368
0.135275754422477 0.367983367983368
0.135275754422477 0.369022869022869
0.135275754422477 0.37006237006237
0.136316337148803 0.37006237006237
0.13735691987513 0.37006237006237
0.13735691987513 0.371101871101871
0.13735691987513 0.372141372141372
0.13735691987513 0.373180873180873
0.138397502601457 0.373180873180873
0.139438085327784 0.373180873180873
0.139438085327784 0.374220374220374
0.139438085327784 0.375259875259875
0.139438085327784 0.376299376299376
0.139438085327784 0.377338877338877
0.14047866805411 0.377338877338877
0.14047866805411 0.378378378378378
0.141519250780437 0.378378378378378
0.141519250780437 0.379417879417879
0.142559833506764 0.379417879417879
0.143600416233091 0.379417879417879
0.143600416233091 0.38045738045738
0.144640998959417 0.38045738045738
0.145681581685744 0.38045738045738
0.146722164412071 0.38045738045738
0.146722164412071 0.381496881496881
0.146722164412071 0.382536382536383
0.147762747138398 0.382536382536383
0.147762747138398 0.383575883575884
0.148803329864724 0.383575883575884
0.149843912591051 0.383575883575884
0.149843912591051 0.384615384615385
0.149843912591051 0.385654885654886
0.149843912591051 0.386694386694387
0.150884495317378 0.386694386694387
0.151925078043704 0.386694386694387
0.151925078043704 0.387733887733888
0.151925078043704 0.388773388773389
0.151925078043704 0.38981288981289
0.151925078043704 0.390852390852391
0.151925078043704 0.391891891891892
0.151925078043704 0.392931392931393
0.151925078043704 0.393970893970894
0.151925078043704 0.395010395010395
0.151925078043704 0.396049896049896
0.152965660770031 0.396049896049896
0.152965660770031 0.397089397089397
0.154006243496358 0.397089397089397
0.155046826222685 0.397089397089397
0.155046826222685 0.398128898128898
0.155046826222685 0.399168399168399
0.155046826222685 0.4002079002079
0.155046826222685 0.401247401247401
0.156087408949011 0.401247401247401
0.156087408949011 0.402286902286902
0.157127991675338 0.402286902286902
0.157127991675338 0.403326403326403
0.158168574401665 0.403326403326403
0.159209157127992 0.403326403326403
0.159209157127992 0.404365904365904
0.159209157127992 0.405405405405405
0.159209157127992 0.406444906444906
0.160249739854318 0.406444906444906
0.161290322580645 0.406444906444906
0.161290322580645 0.407484407484408
0.162330905306972 0.407484407484408
0.162330905306972 0.408523908523909
0.162330905306972 0.40956340956341
0.162330905306972 0.410602910602911
0.162330905306972 0.411642411642412
0.162330905306972 0.412681912681913
0.162330905306972 0.413721413721414
0.162330905306972 0.414760914760915
0.162330905306972 0.415800415800416
0.163371488033299 0.415800415800416
0.163371488033299 0.416839916839917
0.164412070759625 0.416839916839917
0.165452653485952 0.416839916839917
0.165452653485952 0.417879417879418
0.165452653485952 0.418918918918919
0.165452653485952 0.41995841995842
0.165452653485952 0.420997920997921
0.166493236212279 0.420997920997921
0.166493236212279 0.422037422037422
0.166493236212279 0.423076923076923
0.166493236212279 0.424116424116424
0.166493236212279 0.425155925155925
0.167533818938606 0.425155925155925
0.167533818938606 0.426195426195426
0.167533818938606 0.427234927234927
0.168574401664932 0.427234927234927
0.168574401664932 0.428274428274428
0.169614984391259 0.428274428274428
0.170655567117586 0.428274428274428
0.171696149843913 0.428274428274428
0.171696149843913 0.429313929313929
0.172736732570239 0.429313929313929
0.172736732570239 0.43035343035343
0.173777315296566 0.43035343035343
0.173777315296566 0.431392931392931
0.173777315296566 0.432432432432432
0.173777315296566 0.433471933471933
0.173777315296566 0.434511434511435
0.174817898022893 0.434511434511435
0.17585848074922 0.434511434511435
0.176899063475546 0.434511434511435
0.176899063475546 0.435550935550936
0.177939646201873 0.435550935550936
0.177939646201873 0.436590436590437
0.1789802289282 0.436590436590437
0.1789802289282 0.437629937629938
0.1789802289282 0.438669438669439
0.180020811654527 0.438669438669439
0.181061394380853 0.438669438669439
0.181061394380853 0.43970893970894
0.181061394380853 0.440748440748441
0.18210197710718 0.440748440748441
0.183142559833507 0.440748440748441
0.183142559833507 0.441787941787942
0.184183142559834 0.441787941787942
0.18522372528616 0.441787941787942
0.18522372528616 0.442827442827443
0.186264308012487 0.442827442827443
0.187304890738814 0.442827442827443
0.18834547346514 0.442827442827443
0.18834547346514 0.443866943866944
0.18834547346514 0.444906444906445
0.18834547346514 0.445945945945946
0.18834547346514 0.446985446985447
0.189386056191467 0.446985446985447
0.189386056191467 0.448024948024948
0.189386056191467 0.449064449064449
0.189386056191467 0.45010395010395
0.189386056191467 0.451143451143451
0.189386056191467 0.452182952182952
0.189386056191467 0.453222453222453
0.189386056191467 0.454261954261954
0.190426638917794 0.454261954261954
0.191467221644121 0.454261954261954
0.191467221644121 0.455301455301455
0.191467221644121 0.456340956340956
0.192507804370447 0.456340956340956
0.193548387096774 0.456340956340956
0.193548387096774 0.457380457380457
0.193548387096774 0.458419958419958
0.194588969823101 0.458419958419958
0.195629552549428 0.458419958419958
0.196670135275754 0.458419958419958
0.196670135275754 0.459459459459459
0.196670135275754 0.46049896049896
0.196670135275754 0.461538461538462
0.196670135275754 0.462577962577963
0.196670135275754 0.463617463617464
0.196670135275754 0.464656964656965
0.197710718002081 0.464656964656965
0.197710718002081 0.465696465696466
0.197710718002081 0.466735966735967
0.197710718002081 0.467775467775468
0.197710718002081 0.468814968814969
0.198751300728408 0.468814968814969
0.199791883454735 0.468814968814969
0.199791883454735 0.46985446985447
0.199791883454735 0.470893970893971
0.199791883454735 0.471933471933472
0.200832466181061 0.471933471933472
0.200832466181061 0.472972972972973
0.200832466181061 0.474012474012474
0.200832466181061 0.475051975051975
0.201873048907388 0.475051975051975
0.201873048907388 0.476091476091476
0.201873048907388 0.477130977130977
0.201873048907388 0.478170478170478
0.201873048907388 0.479209979209979
0.201873048907388 0.48024948024948
0.201873048907388 0.481288981288981
0.201873048907388 0.482328482328482
0.202913631633715 0.482328482328482
0.202913631633715 0.483367983367983
0.202913631633715 0.484407484407484
0.202913631633715 0.485446985446985
0.203954214360042 0.485446985446985
0.203954214360042 0.486486486486487
0.204994797086368 0.486486486486487
0.204994797086368 0.487525987525988
0.204994797086368 0.488565488565489
0.206035379812695 0.488565488565489
0.206035379812695 0.48960498960499
0.206035379812695 0.490644490644491
0.206035379812695 0.491683991683992
0.206035379812695 0.492723492723493
0.207075962539022 0.492723492723493
0.208116545265349 0.492723492723493
0.208116545265349 0.493762993762994
0.208116545265349 0.494802494802495
0.208116545265349 0.495841995841996
0.209157127991675 0.495841995841996
0.210197710718002 0.495841995841996
0.210197710718002 0.496881496881497
0.210197710718002 0.497920997920998
0.211238293444329 0.497920997920998
0.211238293444329 0.498960498960499
0.211238293444329 0.5
0.212278876170656 0.5
0.212278876170656 0.501039501039501
0.212278876170656 0.502079002079002
0.213319458896982 0.502079002079002
0.213319458896982 0.503118503118503
0.213319458896982 0.504158004158004
0.213319458896982 0.505197505197505
0.213319458896982 0.506237006237006
0.213319458896982 0.507276507276507
0.214360041623309 0.507276507276507
0.215400624349636 0.507276507276507
0.215400624349636 0.508316008316008
0.216441207075963 0.508316008316008
0.216441207075963 0.509355509355509
0.216441207075963 0.51039501039501
0.217481789802289 0.51039501039501
0.218522372528616 0.51039501039501
0.218522372528616 0.511434511434511
0.218522372528616 0.512474012474012
0.219562955254943 0.512474012474012
0.219562955254943 0.513513513513513
0.219562955254943 0.514553014553014
0.220603537981269 0.514553014553014
0.220603537981269 0.515592515592516
0.220603537981269 0.516632016632017
0.220603537981269 0.517671517671518
0.221644120707596 0.517671517671518
0.221644120707596 0.518711018711019
0.222684703433923 0.518711018711019
0.222684703433923 0.51975051975052
0.222684703433923 0.520790020790021
0.22372528616025 0.520790020790021
0.224765868886576 0.520790020790021
0.224765868886576 0.521829521829522
0.224765868886576 0.522869022869023
0.225806451612903 0.522869022869023
0.22684703433923 0.522869022869023
0.22684703433923 0.523908523908524
0.22684703433923 0.524948024948025
0.22684703433923 0.525987525987526
0.22684703433923 0.527027027027027
0.227887617065557 0.527027027027027
0.227887617065557 0.528066528066528
0.227887617065557 0.529106029106029
0.228928199791883 0.529106029106029
0.228928199791883 0.53014553014553
0.228928199791883 0.531185031185031
0.228928199791883 0.532224532224532
0.228928199791883 0.533264033264033
0.228928199791883 0.534303534303534
0.22996878251821 0.534303534303534
0.22996878251821 0.535343035343035
0.22996878251821 0.536382536382536
0.231009365244537 0.536382536382536
0.231009365244537 0.537422037422037
0.231009365244537 0.538461538461538
0.231009365244537 0.539501039501039
0.231009365244537 0.540540540540541
0.231009365244537 0.541580041580042
0.231009365244537 0.542619542619543
0.232049947970864 0.542619542619543
0.232049947970864 0.543659043659044
0.232049947970864 0.544698544698545
0.232049947970864 0.545738045738046
0.23309053069719 0.545738045738046
0.23309053069719 0.546777546777547
0.23309053069719 0.547817047817048
0.234131113423517 0.547817047817048
0.234131113423517 0.548856548856549
0.234131113423517 0.54989604989605
0.235171696149844 0.54989604989605
0.235171696149844 0.550935550935551
0.235171696149844 0.551975051975052
0.235171696149844 0.553014553014553
0.236212278876171 0.553014553014553
0.237252861602497 0.553014553014553
0.237252861602497 0.554054054054054
0.238293444328824 0.554054054054054
0.238293444328824 0.555093555093555
0.239334027055151 0.555093555093555
0.239334027055151 0.556133056133056
0.239334027055151 0.557172557172557
0.239334027055151 0.558212058212058
0.240374609781478 0.558212058212058
0.240374609781478 0.559251559251559
0.240374609781478 0.56029106029106
0.241415192507804 0.56029106029106
0.241415192507804 0.561330561330561
0.242455775234131 0.561330561330561
0.242455775234131 0.562370062370062
0.242455775234131 0.563409563409563
0.242455775234131 0.564449064449064
0.242455775234131 0.565488565488566
0.243496357960458 0.565488565488566
0.244536940686785 0.565488565488566
0.244536940686785 0.566528066528067
0.244536940686785 0.567567567567568
0.244536940686785 0.568607068607069
0.244536940686785 0.56964656964657
0.244536940686785 0.570686070686071
0.245577523413111 0.570686070686071
0.246618106139438 0.570686070686071
0.246618106139438 0.571725571725572
0.247658688865765 0.571725571725572
0.247658688865765 0.572765072765073
0.248699271592092 0.572765072765073
0.249739854318418 0.572765072765073
0.249739854318418 0.573804573804574
0.250780437044745 0.573804573804574
0.251821019771072 0.573804573804574
0.251821019771072 0.574844074844075
0.252861602497399 0.574844074844075
0.252861602497399 0.575883575883576
0.253902185223725 0.575883575883576
0.254942767950052 0.575883575883576
0.255983350676379 0.575883575883576
0.255983350676379 0.576923076923077
0.257023933402706 0.576923076923077
0.258064516129032 0.576923076923077
0.259105098855359 0.576923076923077
0.259105098855359 0.577962577962578
0.260145681581686 0.577962577962578
0.260145681581686 0.579002079002079
0.261186264308013 0.579002079002079
0.262226847034339 0.579002079002079
0.262226847034339 0.58004158004158
0.263267429760666 0.58004158004158
0.264308012486993 0.58004158004158
0.264308012486993 0.581081081081081
0.264308012486993 0.582120582120582
0.264308012486993 0.583160083160083
0.265348595213319 0.583160083160083
0.266389177939646 0.583160083160083
0.266389177939646 0.584199584199584
0.267429760665973 0.584199584199584
0.2684703433923 0.584199584199584
0.269510926118626 0.584199584199584
0.269510926118626 0.585239085239085
0.269510926118626 0.586278586278586
0.270551508844953 0.586278586278586
0.27159209157128 0.586278586278586
0.272632674297607 0.586278586278586
0.273673257023933 0.586278586278586
0.27471383975026 0.586278586278586
0.27471383975026 0.587318087318087
0.27471383975026 0.588357588357588
0.27471383975026 0.589397089397089
0.27471383975026 0.59043659043659
0.27471383975026 0.591476091476091
0.27471383975026 0.592515592515592
0.275754422476587 0.592515592515592
0.275754422476587 0.593555093555094
0.275754422476587 0.594594594594595
0.275754422476587 0.595634095634096
0.275754422476587 0.596673596673597
0.275754422476587 0.597713097713098
0.275754422476587 0.598752598752599
0.276795005202914 0.598752598752599
0.276795005202914 0.5997920997921
0.27783558792924 0.5997920997921
0.278876170655567 0.5997920997921
0.278876170655567 0.600831600831601
0.278876170655567 0.601871101871102
0.278876170655567 0.602910602910603
0.278876170655567 0.603950103950104
0.279916753381894 0.603950103950104
0.280957336108221 0.603950103950104
0.280957336108221 0.604989604989605
0.280957336108221 0.606029106029106
0.280957336108221 0.607068607068607
0.281997918834547 0.607068607068607
0.281997918834547 0.608108108108108
0.281997918834547 0.609147609147609
0.281997918834547 0.61018711018711
0.283038501560874 0.61018711018711
0.283038501560874 0.611226611226611
0.284079084287201 0.611226611226611
0.284079084287201 0.612266112266112
0.284079084287201 0.613305613305613
0.284079084287201 0.614345114345114
0.285119667013528 0.614345114345114
0.285119667013528 0.615384615384615
0.286160249739854 0.615384615384615
0.286160249739854 0.616424116424116
0.286160249739854 0.617463617463617
0.286160249739854 0.618503118503118
0.287200832466181 0.618503118503118
0.288241415192508 0.618503118503118
0.288241415192508 0.61954261954262
0.289281997918835 0.61954261954262
0.290322580645161 0.61954261954262
0.290322580645161 0.620582120582121
0.291363163371488 0.620582120582121
0.292403746097815 0.620582120582121
0.293444328824142 0.620582120582121
0.293444328824142 0.621621621621622
0.294484911550468 0.621621621621622
0.294484911550468 0.622661122661123
0.294484911550468 0.623700623700624
0.295525494276795 0.623700623700624
0.296566077003122 0.623700623700624
0.297606659729448 0.623700623700624
0.297606659729448 0.624740124740125
0.297606659729448 0.625779625779626
0.298647242455775 0.625779625779626
0.298647242455775 0.626819126819127
0.299687825182102 0.626819126819127
0.299687825182102 0.627858627858628
0.299687825182102 0.628898128898129
0.300728407908429 0.628898128898129
0.300728407908429 0.62993762993763
0.301768990634755 0.62993762993763
0.301768990634755 0.630977130977131
0.301768990634755 0.632016632016632
0.301768990634755 0.633056133056133
0.302809573361082 0.633056133056133
0.302809573361082 0.634095634095634
0.302809573361082 0.635135135135135
0.302809573361082 0.636174636174636
0.302809573361082 0.637214137214137
0.303850156087409 0.637214137214137
0.304890738813736 0.637214137214137
0.304890738813736 0.638253638253638
0.305931321540062 0.638253638253638
0.306971904266389 0.639293139293139
0.306971904266389 0.64033264033264
0.306971904266389 0.641372141372141
0.306971904266389 0.642411642411642
0.308012486992716 0.642411642411642
0.309053069719043 0.642411642411642
0.309053069719043 0.643451143451143
0.309053069719043 0.644490644490645
0.310093652445369 0.644490644490645
0.310093652445369 0.645530145530146
0.310093652445369 0.646569646569647
0.311134235171696 0.646569646569647
0.311134235171696 0.647609147609148
0.312174817898023 0.647609147609148
0.312174817898023 0.648648648648649
0.312174817898023 0.64968814968815
0.31321540062435 0.64968814968815
0.314255983350676 0.64968814968815
0.315296566077003 0.64968814968815
0.31633714880333 0.64968814968815
0.31633714880333 0.650727650727651
0.31633714880333 0.651767151767152
0.31633714880333 0.652806652806653
0.317377731529657 0.652806652806653
0.317377731529657 0.653846153846154
0.318418314255983 0.653846153846154
0.318418314255983 0.654885654885655
0.318418314255983 0.655925155925156
0.31945889698231 0.655925155925156
0.31945889698231 0.656964656964657
0.31945889698231 0.658004158004158
0.320499479708637 0.658004158004158
0.321540062434964 0.658004158004158
0.32258064516129 0.658004158004158
0.32258064516129 0.659043659043659
0.32258064516129 0.66008316008316
0.32258064516129 0.661122661122661
0.323621227887617 0.661122661122661
0.323621227887617 0.662162162162162
0.323621227887617 0.663201663201663
0.324661810613944 0.663201663201663
0.325702393340271 0.663201663201663
0.325702393340271 0.664241164241164
0.326742976066597 0.664241164241164
0.327783558792924 0.664241164241164
0.327783558792924 0.665280665280665
0.328824141519251 0.665280665280665
0.329864724245578 0.665280665280665
0.329864724245578 0.666320166320166
0.329864724245578 0.667359667359667
0.330905306971904 0.667359667359667
0.331945889698231 0.667359667359667
0.332986472424558 0.667359667359667
0.332986472424558 0.668399168399168
0.332986472424558 0.669438669438669
0.334027055150884 0.669438669438669
0.335067637877211 0.669438669438669
0.336108220603538 0.669438669438669
0.336108220603538 0.67047817047817
0.336108220603538 0.671517671517671
0.336108220603538 0.672557172557173
0.336108220603538 0.673596673596674
0.336108220603538 0.674636174636175
0.337148803329865 0.674636174636175
0.338189386056191 0.674636174636175
0.339229968782518 0.674636174636175
0.340270551508845 0.674636174636175
0.341311134235172 0.674636174636175
0.342351716961498 0.674636174636175
0.342351716961498 0.675675675675676
0.343392299687825 0.675675675675676
0.343392299687825 0.676715176715177
0.343392299687825 0.677754677754678
0.343392299687825 0.678794178794179
0.344432882414152 0.678794178794179
0.344432882414152 0.67983367983368
0.344432882414152 0.680873180873181
0.344432882414152 0.681912681912682
0.344432882414152 0.682952182952183
0.344432882414152 0.683991683991684
0.345473465140479 0.683991683991684
0.345473465140479 0.685031185031185
0.345473465140479 0.686070686070686
0.346514047866805 0.686070686070686
0.346514047866805 0.687110187110187
0.347554630593132 0.687110187110187
0.348595213319459 0.687110187110187
0.348595213319459 0.688149688149688
0.348595213319459 0.689189189189189
0.349635796045786 0.689189189189189
0.350676378772112 0.689189189189189
0.351716961498439 0.689189189189189
0.351716961498439 0.69022869022869
0.352757544224766 0.69022869022869
0.353798126951093 0.69022869022869
0.354838709677419 0.69022869022869
0.355879292403746 0.69022869022869
0.355879292403746 0.691268191268191
0.355879292403746 0.692307692307692
0.356919875130073 0.692307692307692
0.356919875130073 0.693347193347193
0.3579604578564 0.693347193347193
0.359001040582726 0.693347193347193
0.360041623309053 0.693347193347193
0.360041623309053 0.694386694386694
0.36108220603538 0.694386694386694
0.36108220603538 0.695426195426195
0.362122788761707 0.695426195426195
0.362122788761707 0.696465696465696
0.363163371488033 0.696465696465696
0.363163371488033 0.697505197505197
0.36420395421436 0.697505197505197
0.36420395421436 0.698544698544699
0.365244536940687 0.698544698544699
0.365244536940687 0.6995841995842
0.365244536940687 0.700623700623701
0.366285119667014 0.700623700623701
0.366285119667014 0.701663201663202
0.366285119667014 0.702702702702703
0.36732570239334 0.702702702702703
0.36732570239334 0.703742203742204
0.36732570239334 0.704781704781705
0.368366285119667 0.704781704781705
0.368366285119667 0.705821205821206
0.369406867845994 0.705821205821206
0.369406867845994 0.706860706860707
0.369406867845994 0.707900207900208
0.37044745057232 0.707900207900208
0.37044745057232 0.708939708939709
0.371488033298647 0.708939708939709
0.371488033298647 0.70997920997921
0.371488033298647 0.711018711018711
0.372528616024974 0.711018711018711
0.372528616024974 0.712058212058212
0.373569198751301 0.712058212058212
0.373569198751301 0.713097713097713
0.373569198751301 0.714137214137214
0.374609781477627 0.714137214137214
0.375650364203954 0.714137214137214
0.376690946930281 0.714137214137214
0.376690946930281 0.715176715176715
0.376690946930281 0.716216216216216
0.376690946930281 0.717255717255717
0.377731529656608 0.717255717255717
0.378772112382934 0.717255717255717
0.379812695109261 0.717255717255717
0.379812695109261 0.718295218295218
0.379812695109261 0.719334719334719
0.380853277835588 0.719334719334719
0.380853277835588 0.72037422037422
0.381893860561915 0.72037422037422
0.382934443288241 0.72037422037422
0.383975026014568 0.72037422037422
0.383975026014568 0.721413721413721
0.385015608740895 0.721413721413721
0.386056191467222 0.721413721413721
0.386056191467222 0.722453222453222
0.387096774193548 0.722453222453222
0.387096774193548 0.723492723492724
0.387096774193548 0.724532224532225
0.387096774193548 0.725571725571726
0.388137356919875 0.725571725571726
0.389177939646202 0.725571725571726
0.390218522372529 0.725571725571726
0.391259105098855 0.725571725571726
0.392299687825182 0.725571725571726
0.392299687825182 0.726611226611227
0.393340270551509 0.726611226611227
0.394380853277836 0.726611226611227
0.394380853277836 0.727650727650728
0.395421436004162 0.727650727650728
0.396462018730489 0.727650727650728
0.397502601456816 0.727650727650728
0.398543184183143 0.727650727650728
0.398543184183143 0.728690228690229
0.398543184183143 0.72972972972973
0.398543184183143 0.730769230769231
0.399583766909469 0.730769230769231
0.399583766909469 0.731808731808732
0.400624349635796 0.731808731808732
0.401664932362123 0.731808731808732
0.401664932362123 0.732848232848233
0.40270551508845 0.732848232848233
0.403746097814776 0.732848232848233
0.404786680541103 0.732848232848233
0.404786680541103 0.733887733887734
0.40582726326743 0.733887733887734
0.406867845993757 0.733887733887734
0.406867845993757 0.734927234927235
0.406867845993757 0.735966735966736
0.407908428720083 0.735966735966736
0.407908428720083 0.737006237006237
0.40894901144641 0.737006237006237
0.40894901144641 0.738045738045738
0.409989594172737 0.738045738045738
0.409989594172737 0.739085239085239
0.411030176899063 0.739085239085239
0.41207075962539 0.739085239085239
0.41207075962539 0.74012474012474
0.413111342351717 0.74012474012474
0.414151925078044 0.741164241164241
0.414151925078044 0.742203742203742
0.414151925078044 0.743243243243243
0.414151925078044 0.744282744282744
0.41519250780437 0.744282744282744
0.41519250780437 0.745322245322245
0.416233090530697 0.745322245322245
0.417273673257024 0.745322245322245
0.418314255983351 0.745322245322245
0.419354838709677 0.745322245322245
0.419354838709677 0.746361746361746
0.419354838709677 0.747401247401247
0.420395421436004 0.747401247401247
0.420395421436004 0.748440748440748
0.421436004162331 0.748440748440748
0.422476586888658 0.748440748440748
0.423517169614984 0.748440748440748
0.424557752341311 0.748440748440748
0.424557752341311 0.749480249480249
0.424557752341311 0.750519750519751
0.425598335067638 0.750519750519751
0.425598335067638 0.751559251559252
0.426638917793965 0.751559251559252
0.427679500520291 0.751559251559252
0.428720083246618 0.751559251559252
0.429760665972945 0.751559251559252
0.429760665972945 0.752598752598753
0.429760665972945 0.753638253638254
0.430801248699272 0.753638253638254
0.430801248699272 0.754677754677755
0.430801248699272 0.755717255717256
0.430801248699272 0.756756756756757
0.431841831425598 0.756756756756757
0.431841831425598 0.757796257796258
0.432882414151925 0.757796257796258
0.433922996878252 0.757796257796258
0.434963579604579 0.757796257796258
0.434963579604579 0.758835758835759
0.436004162330905 0.758835758835759
0.437044745057232 0.758835758835759
0.438085327783559 0.758835758835759
0.438085327783559 0.75987525987526
0.438085327783559 0.760914760914761
0.438085327783559 0.761954261954262
0.439125910509886 0.761954261954262
0.440166493236212 0.761954261954262
0.441207075962539 0.761954261954262
0.441207075962539 0.762993762993763
0.442247658688866 0.762993762993763
0.442247658688866 0.764033264033264
0.442247658688866 0.765072765072765
0.443288241415193 0.765072765072765
0.444328824141519 0.765072765072765
0.445369406867846 0.765072765072765
0.445369406867846 0.766112266112266
0.446409989594173 0.766112266112266
0.446409989594173 0.767151767151767
0.4474505723205 0.767151767151767
0.4474505723205 0.768191268191268
0.4474505723205 0.769230769230769
0.4474505723205 0.77027027027027
0.448491155046826 0.77027027027027
0.449531737773153 0.77027027027027
0.45057232049948 0.77027027027027
0.45057232049948 0.771309771309771
0.45057232049948 0.772349272349272
0.45057232049948 0.773388773388773
0.45057232049948 0.774428274428274
0.45057232049948 0.775467775467775
0.45057232049948 0.776507276507276
0.45057232049948 0.777546777546778
0.451612903225806 0.777546777546778
0.451612903225806 0.778586278586279
0.452653485952133 0.778586278586279
0.452653485952133 0.77962577962578
0.452653485952133 0.780665280665281
0.452653485952133 0.781704781704782
0.452653485952133 0.782744282744283
0.45369406867846 0.782744282744283
0.45369406867846 0.783783783783784
0.454734651404787 0.783783783783784
0.455775234131113 0.783783783783784
0.45681581685744 0.783783783783784
0.457856399583767 0.783783783783784
0.458896982310094 0.783783783783784
0.45993756503642 0.783783783783784
0.45993756503642 0.784823284823285
0.45993756503642 0.785862785862786
0.460978147762747 0.785862785862786
0.460978147762747 0.786902286902287
0.460978147762747 0.787941787941788
0.460978147762747 0.788981288981289
0.462018730489074 0.79002079002079
0.463059313215401 0.79002079002079
0.463059313215401 0.791060291060291
0.463059313215401 0.792099792099792
0.464099895941727 0.792099792099792
0.465140478668054 0.792099792099792
0.465140478668054 0.793139293139293
0.466181061394381 0.793139293139293
0.466181061394381 0.794178794178794
0.467221644120708 0.794178794178794
0.468262226847034 0.794178794178794
0.469302809573361 0.794178794178794
0.470343392299688 0.794178794178794
0.471383975026015 0.794178794178794
0.471383975026015 0.795218295218295
0.472424557752341 0.795218295218295
0.472424557752341 0.796257796257796
0.472424557752341 0.797297297297297
0.473465140478668 0.797297297297297
0.473465140478668 0.798336798336798
0.474505723204995 0.798336798336798
0.475546305931322 0.798336798336798
0.475546305931322 0.799376299376299
0.476586888657648 0.799376299376299
0.477627471383975 0.799376299376299
0.477627471383975 0.8004158004158
0.477627471383975 0.801455301455301
0.478668054110302 0.801455301455301
0.478668054110302 0.802494802494803
0.479708636836629 0.802494802494803
0.480749219562955 0.802494802494803
0.481789802289282 0.802494802494803
0.481789802289282 0.803534303534304
0.482830385015609 0.803534303534304
0.483870967741935 0.803534303534304
0.483870967741935 0.804573804573805
0.484911550468262 0.804573804573805
0.485952133194589 0.804573804573805
0.486992715920916 0.804573804573805
0.488033298647242 0.804573804573805
0.489073881373569 0.804573804573805
0.490114464099896 0.804573804573805
0.491155046826223 0.804573804573805
0.492195629552549 0.804573804573805
0.493236212278876 0.804573804573805
0.493236212278876 0.805613305613306
0.494276795005203 0.805613305613306
0.49531737773153 0.805613305613306
0.496357960457856 0.805613305613306
0.497398543184183 0.805613305613306
0.497398543184183 0.806652806652807
0.497398543184183 0.807692307692308
0.49843912591051 0.807692307692308
0.499479708636837 0.807692307692308
0.500520291363163 0.807692307692308
0.50156087408949 0.807692307692308
0.502601456815817 0.807692307692308
0.502601456815817 0.808731808731809
0.502601456815817 0.80977130977131
0.503642039542144 0.80977130977131
0.503642039542144 0.810810810810811
0.50468262226847 0.810810810810811
0.505723204994797 0.810810810810811
0.506763787721124 0.810810810810811
0.507804370447451 0.810810810810811
0.508844953173777 0.810810810810811
0.509885535900104 0.810810810810811
0.510926118626431 0.810810810810811
0.511966701352758 0.810810810810811
0.513007284079084 0.810810810810811
0.514047866805411 0.810810810810811
0.515088449531738 0.810810810810811
0.515088449531738 0.811850311850312
0.515088449531738 0.812889812889813
0.516129032258065 0.812889812889813
0.516129032258065 0.813929313929314
0.516129032258065 0.814968814968815
0.516129032258065 0.816008316008316
0.517169614984391 0.816008316008316
0.518210197710718 0.816008316008316
0.518210197710718 0.817047817047817
0.519250780437045 0.817047817047817
0.519250780437045 0.818087318087318
0.520291363163371 0.818087318087318
0.520291363163371 0.819126819126819
0.521331945889698 0.819126819126819
0.522372528616025 0.819126819126819
0.523413111342352 0.819126819126819
0.524453694068678 0.819126819126819
0.525494276795005 0.819126819126819
0.526534859521332 0.819126819126819
0.527575442247659 0.819126819126819
0.528616024973985 0.819126819126819
0.528616024973985 0.82016632016632
0.529656607700312 0.82016632016632
0.529656607700312 0.821205821205821
0.530697190426639 0.821205821205821
0.530697190426639 0.822245322245322
0.530697190426639 0.823284823284823
0.531737773152966 0.823284823284823
0.532778355879292 0.823284823284823
0.533818938605619 0.823284823284823
0.534859521331946 0.823284823284823
0.535900104058273 0.823284823284823
0.536940686784599 0.823284823284823
0.537981269510926 0.823284823284823
0.539021852237253 0.823284823284823
0.54006243496358 0.823284823284823
0.54006243496358 0.824324324324324
0.541103017689906 0.824324324324324
0.542143600416233 0.824324324324324
0.54318418314256 0.824324324324324
0.544224765868887 0.825363825363825
0.545265348595213 0.825363825363825
0.54630593132154 0.825363825363825
0.54630593132154 0.826403326403326
0.54630593132154 0.827442827442827
0.547346514047867 0.827442827442827
0.547346514047867 0.828482328482329
0.54942767950052 0.828482328482329
0.550468262226847 0.828482328482329
0.550468262226847 0.82952182952183
0.550468262226847 0.830561330561331
0.551508844953174 0.830561330561331
0.552549427679501 0.830561330561331
0.553590010405827 0.830561330561331
0.554630593132154 0.830561330561331
0.554630593132154 0.831600831600832
0.554630593132154 0.832640332640333
0.555671175858481 0.832640332640333
0.556711758584807 0.832640332640333
0.557752341311134 0.832640332640333
0.558792924037461 0.832640332640333
0.558792924037461 0.833679833679834
0.559833506763788 0.833679833679834
0.560874089490114 0.833679833679834
0.560874089490114 0.834719334719335
0.561914672216441 0.834719334719335
0.562955254942768 0.834719334719335
0.562955254942768 0.835758835758836
0.562955254942768 0.836798336798337
0.563995837669095 0.836798336798337
0.563995837669095 0.837837837837838
0.563995837669095 0.838877338877339
0.565036420395421 0.838877338877339
0.566077003121748 0.838877338877339
0.566077003121748 0.83991683991684
0.567117585848075 0.83991683991684
0.567117585848075 0.840956340956341
0.567117585848075 0.841995841995842
0.568158168574402 0.841995841995842
0.569198751300728 0.841995841995842
0.569198751300728 0.843035343035343
0.570239334027055 0.843035343035343
0.571279916753382 0.843035343035343
0.572320499479709 0.843035343035343
0.573361082206035 0.843035343035343
0.573361082206035 0.844074844074844
0.573361082206035 0.845114345114345
0.573361082206035 0.846153846153846
0.574401664932362 0.846153846153846
0.575442247658689 0.846153846153846
0.575442247658689 0.847193347193347
0.576482830385016 0.847193347193347
0.577523413111342 0.847193347193347
0.578563995837669 0.847193347193347
0.578563995837669 0.848232848232848
0.578563995837669 0.849272349272349
0.578563995837669 0.85031185031185
0.579604578563996 0.85031185031185
0.580645161290323 0.85031185031185
0.581685744016649 0.85031185031185
0.581685744016649 0.851351351351351
0.582726326742976 0.851351351351351
0.582726326742976 0.852390852390852
0.583766909469303 0.852390852390852
0.58480749219563 0.852390852390852
0.58480749219563 0.853430353430353
0.585848074921956 0.853430353430353
0.586888657648283 0.853430353430353
0.58792924037461 0.853430353430353
0.588969823100936 0.853430353430353
0.590010405827263 0.853430353430353
0.590010405827263 0.854469854469854
0.590010405827263 0.855509355509355
0.59105098855359 0.855509355509355
0.59105098855359 0.856548856548857
0.592091571279917 0.856548856548857
0.593132154006244 0.856548856548857
0.593132154006244 0.857588357588358
0.59417273673257 0.857588357588358
0.595213319458897 0.857588357588358
0.595213319458897 0.858627858627859
0.595213319458897 0.85966735966736
0.595213319458897 0.860706860706861
0.596253902185224 0.860706860706861
0.59729448491155 0.860706860706861
0.59729448491155 0.861746361746362
0.598335067637877 0.861746361746362
0.598335067637877 0.862785862785863
0.598335067637877 0.863825363825364
0.598335067637877 0.864864864864865
0.599375650364204 0.864864864864865
0.600416233090531 0.864864864864865
0.601456815816857 0.864864864864865
0.602497398543184 0.864864864864865
0.603537981269511 0.864864864864865
0.604578563995838 0.864864864864865
0.604578563995838 0.865904365904366
0.605619146722164 0.865904365904366
0.606659729448491 0.865904365904366
0.607700312174818 0.865904365904366
0.607700312174818 0.866943866943867
0.608740894901145 0.866943866943867
0.609781477627471 0.866943866943867
0.610822060353798 0.866943866943867
0.611862643080125 0.866943866943867
0.611862643080125 0.867983367983368
0.612903225806452 0.867983367983368
0.613943808532778 0.867983367983368
0.614984391259105 0.867983367983368
0.614984391259105 0.869022869022869
0.614984391259105 0.87006237006237
0.614984391259105 0.871101871101871
0.614984391259105 0.872141372141372
0.616024973985432 0.872141372141372
0.617065556711759 0.872141372141372
0.618106139438085 0.872141372141372
0.618106139438085 0.873180873180873
0.619146722164412 0.873180873180873
0.620187304890739 0.873180873180873
0.620187304890739 0.874220374220374
0.620187304890739 0.875259875259875
0.621227887617066 0.875259875259875
0.621227887617066 0.876299376299376
0.621227887617066 0.877338877338877
0.622268470343392 0.877338877338877
0.622268470343392 0.878378378378378
0.623309053069719 0.878378378378378
0.623309053069719 0.879417879417879
0.623309053069719 0.88045738045738
0.624349635796046 0.88045738045738
0.625390218522373 0.88045738045738
0.626430801248699 0.88045738045738
0.626430801248699 0.881496881496882
0.627471383975026 0.881496881496882
0.627471383975026 0.882536382536383
0.627471383975026 0.883575883575884
0.628511966701353 0.883575883575884
0.629552549427679 0.883575883575884
0.630593132154006 0.883575883575884
0.630593132154006 0.884615384615385
0.631633714880333 0.884615384615385
0.63267429760666 0.884615384615385
0.633714880332987 0.884615384615385
0.634755463059313 0.884615384615385
0.63579604578564 0.884615384615385
0.636836628511967 0.884615384615385
0.636836628511967 0.885654885654886
0.636836628511967 0.886694386694387
0.637877211238293 0.886694386694387
0.637877211238293 0.887733887733888
0.63891779396462 0.887733887733888
0.639958376690947 0.887733887733888
0.639958376690947 0.888773388773389
0.640998959417274 0.888773388773389
0.6420395421436 0.888773388773389
0.6420395421436 0.88981288981289
0.643080124869927 0.88981288981289
0.644120707596254 0.88981288981289
0.645161290322581 0.88981288981289
0.646201873048907 0.88981288981289
0.647242455775234 0.88981288981289
0.648283038501561 0.88981288981289
0.648283038501561 0.890852390852391
0.648283038501561 0.891891891891892
0.649323621227888 0.891891891891892
0.649323621227888 0.892931392931393
0.650364203954214 0.892931392931393
0.650364203954214 0.893970893970894
0.650364203954214 0.895010395010395
0.651404786680541 0.895010395010395
0.652445369406868 0.895010395010395
0.653485952133195 0.895010395010395
0.654526534859521 0.895010395010395
0.655567117585848 0.895010395010395
0.656607700312175 0.895010395010395
0.657648283038502 0.895010395010395
0.658688865764828 0.895010395010395
0.659729448491155 0.895010395010395
0.660770031217482 0.895010395010395
0.661810613943809 0.895010395010395
0.661810613943809 0.896049896049896
0.662851196670135 0.896049896049896
0.663891779396462 0.896049896049896
0.663891779396462 0.897089397089397
0.664932362122789 0.897089397089397
0.665972944849116 0.897089397089397
0.667013527575442 0.897089397089397
0.668054110301769 0.897089397089397
0.669094693028096 0.897089397089397
0.670135275754422 0.897089397089397
0.671175858480749 0.897089397089397
0.672216441207076 0.897089397089397
0.673257023933403 0.897089397089397
0.673257023933403 0.898128898128898
0.673257023933403 0.899168399168399
0.674297606659729 0.899168399168399
0.675338189386056 0.899168399168399
0.676378772112383 0.899168399168399
0.676378772112383 0.9002079002079
0.67741935483871 0.9002079002079
0.678459937565036 0.9002079002079
0.679500520291363 0.9002079002079
0.68054110301769 0.9002079002079
0.681581685744017 0.9002079002079
0.682622268470343 0.9002079002079
0.682622268470343 0.901247401247401
0.68366285119667 0.901247401247401
0.684703433922997 0.901247401247401
0.685744016649324 0.901247401247401
0.68678459937565 0.901247401247401
0.687825182101977 0.901247401247401
0.688865764828304 0.901247401247401
0.689906347554631 0.901247401247401
0.690946930280957 0.901247401247401
0.690946930280957 0.902286902286902
0.691987513007284 0.902286902286902
0.693028095733611 0.902286902286902
0.693028095733611 0.903326403326403
0.693028095733611 0.904365904365904
0.693028095733611 0.905405405405405
0.694068678459938 0.905405405405405
0.695109261186264 0.905405405405405
0.695109261186264 0.906444906444906
0.696149843912591 0.906444906444906
0.697190426638918 0.906444906444906
0.698231009365245 0.906444906444906
0.699271592091571 0.906444906444906
0.700312174817898 0.906444906444906
0.701352757544225 0.906444906444906
0.702393340270552 0.906444906444906
0.703433922996878 0.906444906444906
0.703433922996878 0.907484407484408
0.703433922996878 0.908523908523909
0.703433922996878 0.90956340956341
0.704474505723205 0.90956340956341
0.705515088449532 0.90956340956341
0.706555671175858 0.90956340956341
0.706555671175858 0.910602910602911
0.707596253902185 0.910602910602911
0.707596253902185 0.911642411642412
0.708636836628512 0.911642411642412
0.709677419354839 0.911642411642412
0.710718002081165 0.911642411642412
0.711758584807492 0.911642411642412
0.712799167533819 0.911642411642412
0.712799167533819 0.912681912681913
0.712799167533819 0.913721413721414
0.712799167533819 0.914760914760915
0.713839750260146 0.914760914760915
0.714880332986472 0.914760914760915
0.715920915712799 0.914760914760915
0.716961498439126 0.914760914760915
0.718002081165453 0.914760914760915
0.719042663891779 0.914760914760915
0.720083246618106 0.914760914760915
0.720083246618106 0.915800415800416
0.721123829344433 0.915800415800416
0.721123829344433 0.916839916839917
0.72216441207076 0.916839916839917
0.72216441207076 0.917879417879418
0.72216441207076 0.918918918918919
0.723204994797086 0.918918918918919
0.724245577523413 0.918918918918919
0.72528616024974 0.918918918918919
0.726326742976067 0.918918918918919
0.727367325702393 0.918918918918919
0.727367325702393 0.91995841995842
0.72840790842872 0.91995841995842
0.72840790842872 0.920997920997921
0.72840790842872 0.922037422037422
0.72840790842872 0.923076923076923
0.729448491155047 0.923076923076923
0.729448491155047 0.924116424116424
0.730489073881374 0.924116424116424
0.7315296566077 0.924116424116424
0.7315296566077 0.925155925155925
0.732570239334027 0.925155925155925
0.733610822060354 0.925155925155925
0.734651404786681 0.925155925155925
0.735691987513007 0.925155925155925
0.736732570239334 0.925155925155925
0.737773152965661 0.925155925155925
0.738813735691987 0.925155925155925
0.739854318418314 0.925155925155925
0.740894901144641 0.925155925155925
0.741935483870968 0.925155925155925
0.742976066597295 0.925155925155925
0.742976066597295 0.926195426195426
0.744016649323621 0.926195426195426
0.745057232049948 0.926195426195426
0.746097814776275 0.926195426195426
0.746097814776275 0.927234927234927
0.747138397502601 0.927234927234927
0.748178980228928 0.927234927234927
0.748178980228928 0.928274428274428
0.749219562955255 0.928274428274428
0.750260145681582 0.928274428274428
0.751300728407908 0.928274428274428
0.752341311134235 0.928274428274428
0.753381893860562 0.928274428274428
0.754422476586889 0.928274428274428
0.754422476586889 0.929313929313929
0.755463059313215 0.929313929313929
0.755463059313215 0.93035343035343
0.756503642039542 0.93035343035343
0.757544224765869 0.93035343035343
0.758584807492196 0.93035343035343
0.759625390218522 0.93035343035343
0.760665972944849 0.93035343035343
0.761706555671176 0.93035343035343
0.762747138397503 0.93035343035343
0.763787721123829 0.93035343035343
0.763787721123829 0.931392931392931
0.764828303850156 0.931392931392931
0.765868886576483 0.931392931392931
0.765868886576483 0.932432432432432
0.765868886576483 0.933471933471933
0.765868886576483 0.934511434511434
0.76690946930281 0.934511434511434
0.767950052029136 0.934511434511434
0.768990634755463 0.934511434511434
0.77003121748179 0.934511434511434
0.771071800208116 0.934511434511434
0.772112382934443 0.934511434511434
0.77315296566077 0.934511434511434
0.774193548387097 0.934511434511434
0.775234131113424 0.934511434511434
0.77627471383975 0.934511434511434
0.77627471383975 0.935550935550936
0.777315296566077 0.935550935550936
0.777315296566077 0.936590436590437
0.777315296566077 0.937629937629938
0.777315296566077 0.938669438669439
0.777315296566077 0.93970893970894
0.778355879292404 0.93970893970894
0.77939646201873 0.93970893970894
0.780437044745057 0.93970893970894
0.781477627471384 0.93970893970894
0.782518210197711 0.93970893970894
0.782518210197711 0.940748440748441
0.783558792924037 0.940748440748441
0.783558792924037 0.941787941787942
0.783558792924037 0.942827442827443
0.785639958376691 0.942827442827443
0.786680541103018 0.942827442827443
0.787721123829344 0.942827442827443
0.788761706555671 0.942827442827443
0.789802289281998 0.942827442827443
0.790842872008325 0.942827442827443
0.791883454734651 0.942827442827443
0.792924037460978 0.942827442827443
0.792924037460978 0.943866943866944
0.792924037460978 0.944906444906445
0.793964620187305 0.945945945945946
0.795005202913632 0.945945945945946
0.796045785639958 0.945945945945946
0.797086368366285 0.945945945945946
0.798126951092612 0.945945945945946
0.799167533818939 0.945945945945946
0.799167533818939 0.946985446985447
0.799167533818939 0.948024948024948
0.800208116545265 0.948024948024948
0.801248699271592 0.948024948024948
0.802289281997919 0.948024948024948
0.803329864724246 0.948024948024948
0.804370447450572 0.948024948024948
0.804370447450572 0.949064449064449
0.805411030176899 0.949064449064449
0.806451612903226 0.949064449064449
0.807492195629553 0.949064449064449
0.808532778355879 0.949064449064449
0.809573361082206 0.949064449064449
0.810613943808533 0.949064449064449
0.811654526534859 0.949064449064449
0.812695109261186 0.949064449064449
0.813735691987513 0.949064449064449
0.81477627471384 0.949064449064449
0.815816857440167 0.949064449064449
0.815816857440167 0.95010395010395
0.816857440166493 0.95010395010395
0.81789802289282 0.95010395010395
0.81789802289282 0.951143451143451
0.818938605619147 0.951143451143451
0.818938605619147 0.952182952182952
0.818938605619147 0.953222453222453
0.818938605619147 0.954261954261954
0.819979188345473 0.954261954261954
0.819979188345473 0.955301455301455
0.8210197710718 0.955301455301455
0.822060353798127 0.955301455301455
0.823100936524454 0.955301455301455
0.823100936524454 0.956340956340956
0.82414151925078 0.956340956340956
0.825182101977107 0.956340956340956
0.825182101977107 0.957380457380457
0.825182101977107 0.958419958419958
0.826222684703434 0.958419958419958
0.827263267429761 0.958419958419958
0.828303850156087 0.958419958419958
0.829344432882414 0.958419958419958
0.830385015608741 0.958419958419958
0.831425598335068 0.958419958419958
0.832466181061394 0.958419958419958
0.833506763787721 0.958419958419958
0.834547346514048 0.958419958419958
0.834547346514048 0.959459459459459
0.835587929240375 0.959459459459459
0.836628511966701 0.959459459459459
0.836628511966701 0.960498960498961
0.837669094693028 0.960498960498961
0.837669094693028 0.961538461538462
0.838709677419355 0.961538461538462
0.839750260145682 0.961538461538462
0.840790842872008 0.961538461538462
0.841831425598335 0.961538461538462
0.842872008324662 0.961538461538462
0.843912591050989 0.961538461538462
0.844953173777315 0.961538461538462
0.845993756503642 0.961538461538462
0.845993756503642 0.962577962577963
0.847034339229969 0.962577962577963
0.847034339229969 0.963617463617464
0.847034339229969 0.964656964656965
0.848074921956296 0.964656964656965
0.848074921956296 0.965696465696466
0.849115504682622 0.965696465696466
0.850156087408949 0.965696465696466
0.851196670135276 0.965696465696466
0.851196670135276 0.966735966735967
0.852237252861602 0.966735966735967
0.853277835587929 0.966735966735967
0.854318418314256 0.966735966735967
0.854318418314256 0.967775467775468
0.854318418314256 0.968814968814969
0.855359001040583 0.968814968814969
0.85639958376691 0.968814968814969
0.857440166493236 0.968814968814969
0.858480749219563 0.968814968814969
0.85952133194589 0.968814968814969
0.860561914672216 0.968814968814969
0.861602497398543 0.968814968814969
0.861602497398543 0.96985446985447
0.86264308012487 0.96985446985447
0.863683662851197 0.96985446985447
0.863683662851197 0.970893970893971
0.864724245577523 0.970893970893971
0.86576482830385 0.970893970893971
0.866805411030177 0.970893970893971
0.867845993756504 0.970893970893971
0.86888657648283 0.970893970893971
0.86888657648283 0.971933471933472
0.869927159209157 0.971933471933472
0.870967741935484 0.971933471933472
0.872008324661811 0.971933471933472
0.873048907388137 0.971933471933472
0.874089490114464 0.971933471933472
0.874089490114464 0.972972972972973
0.875130072840791 0.972972972972973
0.877211238293444 0.972972972972973
0.878251821019771 0.972972972972973
0.879292403746098 0.972972972972973
0.879292403746098 0.974012474012474
0.880332986472425 0.974012474012474
0.881373569198751 0.974012474012474
0.882414151925078 0.974012474012474
0.883454734651405 0.974012474012474
0.884495317377732 0.974012474012474
0.885535900104058 0.974012474012474
0.886576482830385 0.974012474012474
0.886576482830385 0.975051975051975
0.887617065556712 0.975051975051975
0.888657648283039 0.975051975051975
0.889698231009365 0.975051975051975
0.890738813735692 0.975051975051975
0.891779396462019 0.975051975051975
0.892819979188345 0.975051975051975
0.894901144640999 0.975051975051975
0.895941727367326 0.975051975051975
0.896982310093652 0.975051975051975
0.898022892819979 0.975051975051975
0.899063475546306 0.975051975051975
0.900104058272633 0.975051975051975
0.901144640998959 0.975051975051975
0.902185223725286 0.975051975051975
0.903225806451613 0.975051975051975
0.90426638917794 0.975051975051975
0.90426638917794 0.976091476091476
0.905306971904266 0.976091476091476
0.906347554630593 0.976091476091476
0.90738813735692 0.976091476091476
0.908428720083247 0.976091476091476
0.909469302809573 0.976091476091476
0.9105098855359 0.976091476091476
0.911550468262227 0.976091476091476
0.912591050988554 0.976091476091476
0.91363163371488 0.976091476091476
0.914672216441207 0.976091476091476
0.915712799167534 0.976091476091476
0.915712799167534 0.977130977130977
0.915712799167534 0.978170478170478
0.916753381893861 0.978170478170478
0.916753381893861 0.979209979209979
0.917793964620187 0.979209979209979
0.917793964620187 0.98024948024948
0.917793964620187 0.981288981288981
0.918834547346514 0.981288981288981
0.919875130072841 0.981288981288981
0.920915712799168 0.981288981288981
0.921956295525494 0.981288981288981
0.922996878251821 0.981288981288981
0.922996878251821 0.982328482328482
0.924037460978148 0.982328482328482
0.925078043704475 0.982328482328482
0.926118626430801 0.982328482328482
0.927159209157128 0.982328482328482
0.928199791883455 0.982328482328482
0.929240374609781 0.982328482328482
0.930280957336108 0.982328482328482
0.931321540062435 0.982328482328482
0.931321540062435 0.983367983367983
0.932362122788762 0.983367983367983
0.933402705515088 0.983367983367983
0.934443288241415 0.983367983367983
0.935483870967742 0.983367983367983
0.936524453694069 0.983367983367983
0.937565036420395 0.983367983367983
0.938605619146722 0.983367983367983
0.939646201873049 0.983367983367983
0.940686784599376 0.983367983367983
0.941727367325702 0.983367983367983
0.942767950052029 0.983367983367983
0.942767950052029 0.984407484407484
0.943808532778356 0.984407484407484
0.944849115504683 0.984407484407484
0.945889698231009 0.984407484407484
0.946930280957336 0.984407484407484
0.947970863683663 0.984407484407484
0.94901144640999 0.984407484407484
0.950052029136316 0.984407484407484
0.950052029136316 0.985446985446986
0.950052029136316 0.986486486486487
0.951092611862643 0.986486486486487
0.951092611862643 0.987525987525988
0.95213319458897 0.987525987525988
0.953173777315297 0.987525987525988
0.954214360041623 0.987525987525988
0.954214360041623 0.988565488565489
0.95525494276795 0.988565488565489
0.95525494276795 0.98960498960499
0.95525494276795 0.990644490644491
0.956295525494277 0.990644490644491
0.957336108220604 0.990644490644491
0.957336108220604 0.991683991683992
0.95837669094693 0.991683991683992
0.959417273673257 0.991683991683992
0.960457856399584 0.991683991683992
0.960457856399584 0.992723492723493
0.96149843912591 0.992723492723493
0.962539021852237 0.992723492723493
0.962539021852237 0.993762993762994
0.963579604578564 0.993762993762994
0.964620187304891 0.993762993762994
0.966701352757544 0.993762993762994
0.967741935483871 0.993762993762994
0.968782518210198 0.993762993762994
0.969823100936524 0.993762993762994
0.970863683662851 0.993762993762994
0.971904266389178 0.994802494802495
0.972944849115505 0.994802494802495
0.973985431841831 0.994802494802495
0.975026014568158 0.994802494802495
0.976066597294485 0.994802494802495
0.976066597294485 0.995841995841996
0.977107180020812 0.995841995841996
0.978147762747138 0.995841995841996
0.979188345473465 0.995841995841996
0.980228928199792 0.995841995841996
0.981269510926119 0.995841995841996
0.982310093652445 0.995841995841996
0.983350676378772 0.995841995841996
0.984391259105099 0.995841995841996
0.985431841831426 0.995841995841996
0.985431841831426 0.996881496881497
0.986472424557752 0.996881496881497
0.987513007284079 0.996881496881497
0.988553590010406 0.996881496881497
0.989594172736733 0.996881496881497
0.989594172736733 0.997920997920998
0.990634755463059 0.997920997920998
0.990634755463059 0.998960498960499
0.990634755463059 1
0.991675338189386 1
0.992715920915713 1
0.993756503642039 1
0.994797086368366 1
0.995837669094693 1
0.99687825182102 1
0.997918834547347 1
0.998959417273673 1
1 1
