0 0
0 0.00392156862745098
0 0.00784313725490196
0 0.0117647058823529
0.00392156862745098 0.0117647058823529
0.00784313725490196 0.0117647058823529
0.0117647058823529 0.0117647058823529
0.0117647058823529 0.0156862745098039
0.0156862745098039 0.0156862745098039
0.0156862745098039 0.0196078431372549
0.0196078431372549 0.0196078431372549
0.0196078431372549 0.0235294117647059
0.0196078431372549 0.0274509803921569
0.0235294117647059 0.0274509803921569
0.0235294117647059 0.0313725490196078
0.0274509803921569 0.0313725490196078
0.0274509803921569 0.0352941176470588
0.0313725490196078 0.0352941176470588
0.0352941176470588 0.0352941176470588
0.0392156862745098 0.0352941176470588
0.0431372549019608 0.0352941176470588
0.0470588235294118 0.0352941176470588
0.0470588235294118 0.0392156862745098
0.0470588235294118 0.0431372549019608
0.0470588235294118 0.0470588235294118
0.0509803921568627 0.0470588235294118
0.0509803921568627 0.0509803921568627
0.0509803921568627 0.0549019607843137
0.0549019607843137 0.0549019607843137
0.0588235294117647 0.0549019607843137
0.0588235294117647 0.0588235294117647
0.0627450980392157 0.0588235294117647
0.0666666666666667 0.0588235294117647
0.0705882352941176 0.0588235294117647
0.0705882352941176 0.0627450980392157
0.0745098039215686 0.0627450980392157
0.0745098039215686 0.0666666666666667
0.0784313725490196 0.0666666666666667
0.0784313725490196 0.0705882352941176
0.0784313725490196 0.0745098039215686
0.0823529411764706 0.0745098039215686
0.0862745098039216 0.0745098039215686
0.0862745098039216 0.0784313725490196
0.0901960784313725 0.0784313725490196
0.0941176470588235 0.0784313725490196
0.0980392156862745 0.0784313725490196
0.0980392156862745 0.0823529411764706
0.101960784313725 0.0823529411764706
0.101960784313725 0.0862745098039216
0.105882352941176 0.0862745098039216
0.109803921568627 0.0862745098039216
0.109803921568627 0.0901960784313725
0.109803921568627 0.0941176470588235
0.113725490196078 0.0941176470588235
0.113725490196078 0.0980392156862745
0.113725490196078 0.101960784313725
0.113725490196078 0.105882352941176
0.113725490196078 0.109803921568627
0.113725490196078 0.113725490196078
0.113725490196078 0.117647058823529
0.117647058823529 0.117647058823529
0.117647058823529 0.12156862745098
0.12156862745098 0.12156862745098
0.12156862745098 0.125490196078431
0.12156862745098 0.129411764705882
0.12156862745098 0.133333333333333
0.125490196078431 0.133333333333333
0.125490196078431 0.137254901960784
0.125490196078431 0.141176470588235
0.125490196078431 0.145098039215686
0.129411764705882 0.145098039215686
0.133333333333333 0.145098039215686
0.133333333333333 0.149019607843137
0.137254901960784 0.149019607843137
0.137254901960784 0.152941176470588
0.137254901960784 0.156862745098039
0.141176470588235 0.156862745098039
0.145098039215686 0.156862745098039
0.149019607843137 0.156862745098039
0.149019607843137 0.16078431372549
0.152941176470588 0.16078431372549
0.152941176470588 0.164705882352941
0.156862745098039 0.164705882352941
0.156862745098039 0.168627450980392
0.16078431372549 0.168627450980392
0.164705882352941 0.168627450980392
0.164705882352941 0.172549019607843
0.164705882352941 0.176470588235294
0.164705882352941 0.180392156862745
0.164705882352941 0.184313725490196
0.164705882352941 0.188235294117647
0.164705882352941 0.192156862745098
0.168627450980392 0.192156862745098
0.172549019607843 0.192156862745098
0.176470588235294 0.192156862745098
0.180392156862745 0.192156862745098
0.180392156862745 0.196078431372549
0.184313725490196 0.196078431372549
0.184313725490196 0.2
0.188235294117647 0.2
0.188235294117647 0.203921568627451
0.192156862745098 0.203921568627451
0.196078431372549 0.203921568627451
0.196078431372549 0.207843137254902
0.2 0.207843137254902
0.2 0.211764705882353
0.2 0.215686274509804
0.203921568627451 0.215686274509804
0.203921568627451 0.219607843137255
0.203921568627451 0.223529411764706
0.207843137254902 0.223529411764706
0.207843137254902 0.227450980392157
0.211764705882353 0.227450980392157
0.211764705882353 0.231372549019608
0.211764705882353 0.235294117647059
0.215686274509804 0.235294117647059
0.215686274509804 0.23921568627451
0.215686274509804 0.243137254901961
0.215686274509804 0.247058823529412
0.215686274509804 0.250980392156863
0.215686274509804 0.254901960784314
0.215686274509804 0.258823529411765
0.215686274509804 0.262745098039216
0.215686274509804 0.266666666666667
0.215686274509804 0.270588235294118
0.215686274509804 0.274509803921569
0.219607843137255 0.274509803921569
0.219607843137255 0.27843137254902
0.219607843137255 0.282352941176471
0.219607843137255 0.286274509803922
0.223529411764706 0.286274509803922
0.227450980392157 0.286274509803922
0.227450980392157 0.290196078431373
0.227450980392157 0.294117647058824
0.227450980392157 0.298039215686275
0.227450980392157 0.301960784313725
0.231372549019608 0.301960784313725
0.235294117647059 0.301960784313725
0.235294117647059 0.305882352941176
0.23921568627451 0.305882352941176
0.23921568627451 0.309803921568627
0.23921568627451 0.313725490196078
0.243137254901961 0.313725490196078
0.247058823529412 0.313725490196078
0.247058823529412 0.317647058823529
0.250980392156863 0.317647058823529
0.250980392156863 0.32156862745098
0.254901960784314 0.32156862745098
0.258823529411765 0.32156862745098
0.262745098039216 0.32156862745098
0.266666666666667 0.32156862745098
0.266666666666667 0.325490196078431
0.266666666666667 0.329411764705882
0.266666666666667 0.333333333333333
0.266666666666667 0.337254901960784
0.266666666666667 0.341176470588235
0.266666666666667 0.345098039215686
0.266666666666667 0.349019607843137
0.266666666666667 0.352941176470588
0.266666666666667 0.356862745098039
0.266666666666667 0.36078431372549
0.266666666666667 0.364705882352941
0.266666666666667 0.368627450980392
0.266666666666667 0.372549019607843
0.270588235294118 0.372549019607843
0.270588235294118 0.376470588235294
0.270588235294118 0.380392156862745
0.270588235294118 0.384313725490196
0.270588235294118 0.388235294117647
0.274509803921569 0.388235294117647
0.274509803921569 0.392156862745098
0.274509803921569 0.396078431372549
0.274509803921569 0.4
0.274509803921569 0.403921568627451
0.274509803921569 0.407843137254902
0.274509803921569 0.411764705882353
0.274509803921569 0.415686274509804
0.27843137254902 0.415686274509804
0.27843137254902 0.419607843137255
0.282352941176471 0.419607843137255
0.290196078431373 0.419607843137255
0.290196078431373 0.423529411764706
0.294117647058824 0.423529411764706
0.298039215686275 0.423529411764706
0.301960784313725 0.423529411764706
0.301960784313725 0.427450980392157
0.301960784313725 0.431372549019608
0.301960784313725 0.435294117647059
0.305882352941176 0.435294117647059
0.305882352941176 0.43921568627451
0.305882352941176 0.443137254901961
0.309803921568627 0.443137254901961
0.309803921568627 0.447058823529412
0.313725490196078 0.447058823529412
0.313725490196078 0.450980392156863
0.317647058823529 0.450980392156863
0.32156862745098 0.450980392156863
0.32156862745098 0.454901960784314
0.32156862745098 0.458823529411765
0.32156862745098 0.462745098039216
0.32156862745098 0.466666666666667
0.325490196078431 0.466666666666667
0.329411764705882 0.466666666666667
0.333333333333333 0.466666666666667
0.333333333333333 0.470588235294118
0.333333333333333 0.474509803921569
0.337254901960784 0.474509803921569
0.341176470588235 0.474509803921569
0.341176470588235 0.47843137254902
0.341176470588235 0.482352941176471
0.345098039215686 0.482352941176471
0.349019607843137 0.482352941176471
0.349019607843137 0.486274509803922
0.349019607843137 0.490196078431373
0.349019607843137 0.494117647058824
0.352941176470588 0.494117647058824
0.356862745098039 0.494117647058824
0.36078431372549 0.494117647058824
0.36078431372549 0.498039215686275
0.36078431372549 0.501960784313725
0.36078431372549 0.505882352941176
0.364705882352941 0.505882352941176
0.368627450980392 0.505882352941176
0.372549019607843 0.505882352941176
0.372549019607843 0.509803921568627
0.376470588235294 0.509803921568627
0.376470588235294 0.513725490196078
0.380392156862745 0.513725490196078
0.380392156862745 0.517647058823529
0.380392156862745 0.52156862745098
0.380392156862745 0.525490196078431
0.380392156862745 0.529411764705882
0.384313725490196 0.529411764705882
0.384313725490196 0.533333333333333
0.384313725490196 0.537254901960784
0.388235294117647 0.537254901960784
0.392156862745098 0.537254901960784
0.396078431372549 0.537254901960784
0.4 0.537254901960784
0.4 0.541176470588235
0.403921568627451 0.541176470588235
0.407843137254902 0.541176470588235
0.411764705882353 0.541176470588235
0.411764705882353 0.545098039215686
0.415686274509804 0.545098039215686
0.415686274509804 0.549019607843137
0.415686274509804 0.552941176470588
0.415686274509804 0.556862745098039
0.419607843137255 0.556862745098039
0.423529411764706 0.556862745098039
0.423529411764706 0.56078431372549
0.427450980392157 0.56078431372549
0.431372549019608 0.56078431372549
0.435294117647059 0.56078431372549
0.435294117647059 0.564705882352941
0.43921568627451 0.564705882352941
0.43921568627451 0.568627450980392
0.43921568627451 0.572549019607843
0.443137254901961 0.572549019607843
0.443137254901961 0.576470588235294
0.443137254901961 0.580392156862745
0.443137254901961 0.584313725490196
0.447058823529412 0.584313725490196
0.447058823529412 0.588235294117647
0.447058823529412 0.592156862745098
0.447058823529412 0.596078431372549
0.447058823529412 0.6
0.450980392156863 0.6
0.454901960784314 0.6
0.454901960784314 0.603921568627451
0.458823529411765 0.603921568627451
0.458823529411765 0.607843137254902
0.458823529411765 0.611764705882353
0.458823529411765 0.615686274509804
0.458823529411765 0.619607843137255
0.462745098039216 0.619607843137255
0.462745098039216 0.623529411764706
0.462745098039216 0.627450980392157
0.462745098039216 0.631372549019608
0.466666666666667 0.631372549019608
0.470588235294118 0.631372549019608
0.474509803921569 0.631372549019608
0.474509803921569 0.635294117647059
0.474509803921569 0.63921568627451
0.474509803921569 0.643137254901961
0.47843137254902 0.643137254901961
0.482352941176471 0.643137254901961
0.482352941176471 0.647058823529412
0.482352941176471 0.650980392156863
0.486274509803922 0.650980392156863
0.486274509803922 0.654901960784314
0.490196078431373 0.654901960784314
0.494117647058824 0.654901960784314
0.494117647058824 0.658823529411765
0.498039215686275 0.658823529411765
0.498039215686275 0.662745098039216
0.498039215686275 0.666666666666667
0.498039215686275 0.670588235294118
0.498039215686275 0.674509803921569
0.498039215686275 0.67843137254902
0.501960784313725 0.67843137254902
0.501960784313725 0.682352941176471
0.501960784313725 0.686274509803922
0.501960784313725 0.690196078431373
0.505882352941176 0.690196078431373
0.509803921568627 0.690196078431373
0.509803921568627 0.694117647058824
0.513725490196078 0.694117647058824
0.517647058823529 0.694117647058824
0.52156862745098 0.694117647058824
0.52156862745098 0.698039215686274
0.525490196078431 0.698039215686274
0.525490196078431 0.701960784313725
0.529411764705882 0.701960784313725
0.529411764705882 0.705882352941177
0.529411764705882 0.709803921568627
0.533333333333333 0.709803921568627
0.537254901960784 0.709803921568627
0.537254901960784 0.713725490196078
0.537254901960784 0.717647058823529
0.537254901960784 0.72156862745098
0.541176470588235 0.72156862745098
0.541176470588235 0.725490196078431
0.541176470588235 0.729411764705882
0.541176470588235 0.733333333333333
0.541176470588235 0.737254901960784
0.545098039215686 0.737254901960784
0.549019607843137 0.737254901960784
0.549019607843137 0.741176470588235
0.552941176470588 0.741176470588235
0.552941176470588 0.745098039215686
0.556862745098039 0.745098039215686
0.56078431372549 0.745098039215686
0.56078431372549 0.749019607843137
0.564705882352941 0.749019607843137
0.568627450980392 0.749019607843137
0.572549019607843 0.749019607843137
0.576470588235294 0.749019607843137
0.576470588235294 0.752941176470588
0.580392156862745 0.752941176470588
0.580392156862745 0.756862745098039
0.584313725490196 0.756862745098039
0.588235294117647 0.756862745098039
0.592156862745098 0.756862745098039
0.596078431372549 0.756862745098039
0.596078431372549 0.76078431372549
0.596078431372549 0.764705882352941
0.6 0.764705882352941
0.6 0.768627450980392
0.603921568627451 0.768627450980392
0.603921568627451 0.772549019607843
0.607843137254902 0.772549019607843
0.611764705882353 0.772549019607843
0.615686274509804 0.772549019607843
0.615686274509804 0.776470588235294
0.615686274509804 0.780392156862745
0.619607843137255 0.780392156862745
0.623529411764706 0.780392156862745
0.627450980392157 0.780392156862745
0.631372549019608 0.780392156862745
0.631372549019608 0.784313725490196
0.631372549019608 0.788235294117647
0.635294117647059 0.788235294117647
0.63921568627451 0.788235294117647
0.643137254901961 0.788235294117647
0.643137254901961 0.792156862745098
0.647058823529412 0.792156862745098
0.650980392156863 0.792156862745098
0.650980392156863 0.796078431372549
0.654901960784314 0.796078431372549
0.658823529411765 0.796078431372549
0.662745098039216 0.796078431372549
0.662745098039216 0.8
0.662745098039216 0.803921568627451
0.662745098039216 0.807843137254902
0.666666666666667 0.807843137254902
0.666666666666667 0.811764705882353
0.670588235294118 0.811764705882353
0.674509803921569 0.811764705882353
0.67843137254902 0.811764705882353
0.682352941176471 0.811764705882353
0.686274509803922 0.811764705882353
0.686274509803922 0.815686274509804
0.686274509803922 0.819607843137255
0.690196078431373 0.819607843137255
0.694117647058824 0.819607843137255
0.694117647058824 0.823529411764706
0.698039215686274 0.823529411764706
0.698039215686274 0.827450980392157
0.701960784313725 0.827450980392157
0.705882352941177 0.827450980392157
0.705882352941177 0.831372549019608
0.705882352941177 0.835294117647059
0.705882352941177 0.83921568627451
0.709803921568627 0.83921568627451
0.713725490196078 0.83921568627451
0.717647058823529 0.83921568627451
0.717647058823529 0.843137254901961
0.72156862745098 0.843137254901961
0.725490196078431 0.843137254901961
0.725490196078431 0.847058823529412
0.725490196078431 0.850980392156863
0.729411764705882 0.850980392156863
0.729411764705882 0.854901960784314
0.733333333333333 0.854901960784314
0.737254901960784 0.854901960784314
0.741176470588235 0.854901960784314
0.745098039215686 0.854901960784314
0.745098039215686 0.858823529411765
0.749019607843137 0.858823529411765
0.752941176470588 0.858823529411765
0.756862745098039 0.858823529411765
0.76078431372549 0.858823529411765
0.764705882352941 0.858823529411765
0.768627450980392 0.858823529411765
0.772549019607843 0.858823529411765
0.772549019607843 0.862745098039216
0.776470588235294 0.862745098039216
0.780392156862745 0.862745098039216
0.780392156862745 0.866666666666667
0.780392156862745 0.870588235294118
0.784313725490196 0.870588235294118
0.788235294117647 0.870588235294118
0.792156862745098 0.870588235294118
0.792156862745098 0.874509803921569
0.796078431372549 0.874509803921569
0.8 0.874509803921569
0.8 0.87843137254902
0.803921568627451 0.87843137254902
0.803921568627451 0.882352941176471
0.807843137254902 0.882352941176471
0.811764705882353 0.882352941176471
0.815686274509804 0.882352941176471
0.819607843137255 0.882352941176471
0.823529411764706 0.882352941176471
0.823529411764706 0.886274509803922
0.823529411764706 0.890196078431372
0.827450980392157 0.890196078431372
0.831372549019608 0.890196078431372
0.835294117647059 0.890196078431372
0.83921568627451 0.890196078431372
0.843137254901961 0.890196078431372
0.847058823529412 0.890196078431372
0.850980392156863 0.890196078431372
0.854901960784314 0.890196078431372
0.854901960784314 0.894117647058824
0.858823529411765 0.894117647058824
0.862745098039216 0.894117647058824
0.862745098039216 0.898039215686275
0.866666666666667 0.898039215686275
0.866666666666667 0.901960784313726
0.870588235294118 0.901960784313726
0.870588235294118 0.905882352941176
0.874509803921569 0.905882352941176
0.874509803921569 0.909803921568627
0.874509803921569 0.913725490196078
0.87843137254902 0.913725490196078
0.882352941176471 0.913725490196078
0.886274509803922 0.913725490196078
0.886274509803922 0.917647058823529
0.886274509803922 0.92156862745098
0.886274509803922 0.925490196078431
0.890196078431372 0.925490196078431
0.894117647058824 0.925490196078431
0.894117647058824 0.929411764705882
0.898039215686275 0.929411764705882
0.901960784313726 0.929411764705882
0.905882352941176 0.929411764705882
0.905882352941176 0.933333333333333
0.905882352941176 0.937254901960784
0.905882352941176 0.941176470588235
0.905882352941176 0.945098039215686
0.909803921568627 0.945098039215686
0.909803921568627 0.949019607843137
0.909803921568627 0.952941176470588
0.913725490196078 0.952941176470588
0.917647058823529 0.952941176470588
0.92156862745098 0.952941176470588
0.92156862745098 0.956862745098039
0.925490196078431 0.956862745098039
0.925490196078431 0.96078431372549
0.929411764705882 0.96078431372549
0.929411764705882 0.964705882352941
0.929411764705882 0.968627450980392
0.929411764705882 0.972549019607843
0.933333333333333 0.972549019607843
0.937254901960784 0.972549019607843
0.937254901960784 0.976470588235294
0.941176470588235 0.976470588235294
0.945098039215686 0.976470588235294
0.949019607843137 0.976470588235294
0.952941176470588 0.976470588235294
0.956862745098039 0.976470588235294
0.956862745098039 0.980392156862745
0.96078431372549 0.980392156862745
0.964705882352941 0.980392156862745
0.968627450980392 0.980392156862745
0.968627450980392 0.984313725490196
0.968627450980392 0.988235294117647
0.972549019607843 0.988235294117647
0.972549019607843 0.992156862745098
0.976470588235294 0.992156862745098
0.976470588235294 0.996078431372549
0.980392156862745 0.996078431372549
0.984313725490196 0.996078431372549
0.988235294117647 0.996078431372549
0.992156862745098 0.996078431372549
0.996078431372549 0.996078431372549
0.996078431372549 1
1 1
