0 NA
0.00392156862745098 1
0.00784313725490196 1
0.0117647058823529 1
0.0156862745098039 1
0.0196078431372549 1
0.0196078431372549 0.833333333333333
0.0235294117647059 0.857142857142857
0.0274509803921569 0.875
0.0313725490196078 0.888888888888889
0.0313725490196078 0.8
0.0352941176470588 0.818181818181818
0.0392156862745098 0.833333333333333
0.0431372549019608 0.846153846153846
0.0470588235294118 0.857142857142857
0.0470588235294118 0.8
0.0509803921568627 0.8125
0.0549019607843137 0.823529411764706
0.0588235294117647 0.833333333333333
0.0627450980392157 0.842105263157895
0.0666666666666667 0.85
0.0666666666666667 0.80952380952381
0.0666666666666667 0.772727272727273
0.0705882352941176 0.782608695652174
0.0745098039215686 0.791666666666667
0.0745098039215686 0.76
0.0784313725490196 0.769230769230769
0.0823529411764706 0.777777777777778
0.0862745098039216 0.785714285714286
0.0901960784313725 0.793103448275862
0.0901960784313725 0.766666666666667
0.0941176470588235 0.774193548387097
0.0980392156862745 0.78125
0.101960784313725 0.787878787878788
0.101960784313725 0.764705882352941
0.105882352941176 0.771428571428571
0.109803921568627 0.777777777777778
0.113725490196078 0.783783783783784
0.113725490196078 0.763157894736842
0.117647058823529 0.769230769230769
0.12156862745098 0.775
0.125490196078431 0.780487804878049
0.129411764705882 0.785714285714286
0.133333333333333 0.790697674418605
0.137254901960784 0.795454545454545
0.141176470588235 0.8
0.141176470588235 0.782608695652174
0.145098039215686 0.787234042553192
0.145098039215686 0.770833333333333
0.145098039215686 0.755102040816326
0.149019607843137 0.76
0.152941176470588 0.764705882352941
0.152941176470588 0.75
0.152941176470588 0.735849056603774
0.156862745098039 0.740740740740741
0.156862745098039 0.727272727272727
0.16078431372549 0.732142857142857
0.164705882352941 0.736842105263158
0.168627450980392 0.741379310344828
0.172549019607843 0.745762711864407
0.176470588235294 0.75
0.180392156862745 0.754098360655738
0.184313725490196 0.758064516129032
0.188235294117647 0.761904761904762
0.192156862745098 0.765625
0.192156862745098 0.753846153846154
0.196078431372549 0.757575757575758
0.196078431372549 0.746268656716418
0.2 0.75
0.2 0.739130434782609
0.2 0.728571428571429
0.203921568627451 0.732394366197183
0.207843137254902 0.736111111111111
0.211764705882353 0.73972602739726
0.215686274509804 0.743243243243243
0.215686274509804 0.733333333333333
0.215686274509804 0.723684210526316
0.215686274509804 0.714285714285714
0.219607843137255 0.717948717948718
0.223529411764706 0.721518987341772
0.223529411764706 0.7125
0.227450980392157 0.716049382716049
0.227450980392157 0.707317073170732
0.231372549019608 0.710843373493976
0.235294117647059 0.714285714285714
0.23921568627451 0.717647058823529
0.243137254901961 0.720930232558139
0.243137254901961 0.71264367816092
0.243137254901961 0.704545454545455
0.243137254901961 0.696629213483146
0.247058823529412 0.7
0.250980392156863 0.703296703296703
0.254901960784314 0.706521739130435
0.254901960784314 0.698924731182796
0.258823529411765 0.702127659574468
0.262745098039216 0.705263157894737
0.266666666666667 0.708333333333333
0.266666666666667 0.701030927835051
0.266666666666667 0.693877551020408
0.270588235294118 0.696969696969697
0.274509803921569 0.7
0.27843137254902 0.702970297029703
0.282352941176471 0.705882352941177
0.286274509803922 0.70873786407767
0.290196078431373 0.711538461538462
0.290196078431373 0.704761904761905
0.290196078431373 0.69811320754717
0.294117647058824 0.700934579439252
0.294117647058824 0.694444444444444
0.298039215686275 0.697247706422018
0.301960784313725 0.7
0.305882352941176 0.702702702702703
0.309803921568627 0.705357142857143
0.309803921568627 0.699115044247788
0.313725490196078 0.701754385964912
0.313725490196078 0.695652173913043
0.313725490196078 0.689655172413793
0.317647058823529 0.692307692307692
0.32156862745098 0.694915254237288
0.325490196078431 0.697478991596639
0.329411764705882 0.7
0.329411764705882 0.694214876033058
0.329411764705882 0.688524590163934
0.329411764705882 0.682926829268293
0.329411764705882 0.67741935483871
0.333333333333333 0.68
0.333333333333333 0.674603174603175
0.337254901960784 0.677165354330709
0.341176470588235 0.6796875
0.345098039215686 0.682170542635659
0.345098039215686 0.676923076923077
0.345098039215686 0.67175572519084
0.349019607843137 0.674242424242424
0.352941176470588 0.676691729323308
0.356862745098039 0.67910447761194
0.36078431372549 0.681481481481481
0.364705882352941 0.683823529411765
0.364705882352941 0.678832116788321
0.364705882352941 0.673913043478261
0.364705882352941 0.669064748201439
0.368627450980392 0.671428571428571
0.372549019607843 0.673758865248227
0.372549019607843 0.669014084507042
0.376470588235294 0.671328671328671
0.380392156862745 0.673611111111111
0.380392156862745 0.668965517241379
0.380392156862745 0.664383561643836
0.384313725490196 0.666666666666667
0.384313725490196 0.662162162162162
0.384313725490196 0.657718120805369
0.384313725490196 0.653333333333333
0.388235294117647 0.655629139072848
0.392156862745098 0.657894736842105
0.396078431372549 0.660130718954248
0.396078431372549 0.655844155844156
0.396078431372549 0.651612903225806
0.396078431372549 0.647435897435897
0.4 0.64968152866242
0.4 0.645569620253165
0.403921568627451 0.647798742138365
0.407843137254902 0.65
0.407843137254902 0.645962732919255
0.407843137254902 0.641975308641975
0.411764705882353 0.644171779141104
0.415686274509804 0.646341463414634
0.419607843137255 0.648484848484848
0.419607843137255 0.644578313253012
0.423529411764706 0.646706586826347
0.423529411764706 0.642857142857143
0.427450980392157 0.644970414201183
0.427450980392157 0.641176470588235
0.431372549019608 0.64327485380117
0.435294117647059 0.645348837209302
0.435294117647059 0.641618497109827
0.435294117647059 0.637931034482759
0.435294117647059 0.634285714285714
0.435294117647059 0.630681818181818
0.43921568627451 0.632768361581921
0.43921568627451 0.629213483146067
0.443137254901961 0.631284916201117
0.443137254901961 0.627777777777778
0.443137254901961 0.624309392265193
0.447058823529412 0.626373626373626
0.450980392156863 0.628415300546448
0.450980392156863 0.625
0.454901960784314 0.627027027027027
0.454901960784314 0.623655913978495
0.458823529411765 0.625668449197861
0.458823529411765 0.622340425531915
0.458823529411765 0.619047619047619
0.462745098039216 0.621052631578947
0.462745098039216 0.617801047120419
0.466666666666667 0.619791666666667
0.470588235294118 0.621761658031088
0.470588235294118 0.618556701030928
0.474509803921569 0.620512820512821
0.474509803921569 0.61734693877551
0.474509803921569 0.614213197969543
0.47843137254902 0.616161616161616
0.47843137254902 0.613065326633166
0.482352941176471 0.615
0.482352941176471 0.611940298507463
0.482352941176471 0.608910891089109
0.486274509803922 0.610837438423645
0.486274509803922 0.607843137254902
0.490196078431373 0.609756097560976
0.494117647058824 0.611650485436893
0.498039215686275 0.613526570048309
0.498039215686275 0.610576923076923
0.501960784313725 0.61244019138756
0.501960784313725 0.60952380952381
0.505882352941176 0.611374407582938
0.505882352941176 0.608490566037736
0.509803921568627 0.610328638497653
0.509803921568627 0.607476635514019
0.509803921568627 0.604651162790698
0.509803921568627 0.601851851851852
0.513725490196078 0.603686635944701
0.517647058823529 0.605504587155963
0.52156862745098 0.607305936073059
0.525490196078431 0.609090909090909
0.529411764705882 0.610859728506787
0.529411764705882 0.608108108108108
0.533333333333333 0.609865470852018
0.533333333333333 0.607142857142857
0.537254901960784 0.608888888888889
0.537254901960784 0.606194690265487
0.541176470588235 0.607929515418502
0.541176470588235 0.605263157894737
0.541176470588235 0.602620087336245
0.545098039215686 0.604347826086956
0.545098039215686 0.601731601731602
0.549019607843137 0.603448275862069
0.552941176470588 0.605150214592275
0.552941176470588 0.602564102564103
0.552941176470588 0.6
0.556862745098039 0.601694915254237
0.56078431372549 0.60337552742616
0.564705882352941 0.605042016806723
0.568627450980392 0.606694560669456
0.572549019607843 0.608333333333333
0.572549019607843 0.605809128630705
0.576470588235294 0.607438016528926
0.580392156862745 0.609053497942387
0.580392156862745 0.60655737704918
0.584313725490196 0.608163265306122
0.584313725490196 0.605691056910569
0.584313725490196 0.603238866396761
0.584313725490196 0.600806451612903
0.588235294117647 0.602409638554217
0.592156862745098 0.604
0.592156862745098 0.601593625498008
0.592156862745098 0.599206349206349
0.592156862745098 0.596837944664032
0.592156862745098 0.594488188976378
0.592156862745098 0.592156862745098
0.592156862745098 0.58984375
0.592156862745098 0.587548638132296
0.592156862745098 0.585271317829457
0.592156862745098 0.583011583011583
0.592156862745098 0.580769230769231
0.596078431372549 0.582375478927203
0.596078431372549 0.580152671755725
0.596078431372549 0.577946768060836
0.6 0.579545454545455
0.6 0.577358490566038
0.603921568627451 0.578947368421053
0.603921568627451 0.576779026217228
0.603921568627451 0.574626865671642
0.607843137254902 0.576208178438662
0.611764705882353 0.577777777777778
0.611764705882353 0.575645756457565
0.615686274509804 0.577205882352941
0.619607843137255 0.578754578754579
0.619607843137255 0.576642335766423
0.623529411764706 0.578181818181818
0.627450980392157 0.579710144927536
0.631372549019608 0.581227436823105
0.635294117647059 0.58273381294964
0.635294117647059 0.580645161290323
0.63921568627451 0.582142857142857
0.643137254901961 0.583629893238434
0.643137254901961 0.581560283687943
0.647058823529412 0.583038869257951
0.647058823529412 0.580985915492958
0.647058823529412 0.578947368421053
0.650980392156863 0.58041958041958
0.650980392156863 0.578397212543554
0.650980392156863 0.576388888888889
0.650980392156863 0.57439446366782
0.650980392156863 0.572413793103448
0.650980392156863 0.570446735395189
0.650980392156863 0.568493150684932
0.654901960784314 0.569965870307167
0.654901960784314 0.568027210884354
0.658823529411765 0.569491525423729
0.662745098039216 0.570945945945946
0.662745098039216 0.569023569023569
0.662745098039216 0.567114093959732
0.662745098039216 0.565217391304348
0.666666666666667 0.566666666666667
0.666666666666667 0.564784053156146
0.666666666666667 0.562913907284768
0.670588235294118 0.564356435643564
0.674509803921569 0.565789473684211
0.674509803921569 0.563934426229508
0.674509803921569 0.562091503267974
0.67843137254902 0.563517915309446
0.682352941176471 0.564935064935065
0.686274509803922 0.566343042071197
0.690196078431373 0.567741935483871
0.690196078431373 0.565916398713826
0.694117647058824 0.567307692307692
0.694117647058824 0.565495207667732
0.694117647058824 0.563694267515924
0.698039215686274 0.565079365079365
0.701960784313725 0.566455696202532
0.705882352941177 0.56782334384858
0.709803921568627 0.569182389937107
0.713725490196078 0.570532915360502
0.717647058823529 0.571875
0.72156862745098 0.573208722741433
0.72156862745098 0.571428571428571
0.72156862745098 0.569659442724458
0.72156862745098 0.567901234567901
0.725490196078431 0.569230769230769
0.725490196078431 0.567484662576687
0.725490196078431 0.565749235474006
0.729411764705882 0.567073170731707
0.733333333333333 0.56838905775076
0.737254901960784 0.56969696969697
0.741176470588235 0.570996978851964
0.741176470588235 0.569277108433735
0.741176470588235 0.567567567567568
0.741176470588235 0.565868263473054
0.745098039215686 0.567164179104478
0.745098039215686 0.56547619047619
0.745098039215686 0.56379821958457
0.745098039215686 0.562130177514793
0.745098039215686 0.56047197640118
0.749019607843137 0.561764705882353
0.749019607843137 0.560117302052786
0.749019607843137 0.558479532163743
0.749019607843137 0.556851311953353
0.749019607843137 0.555232558139535
0.749019607843137 0.553623188405797
0.752941176470588 0.554913294797688
0.752941176470588 0.553314121037464
0.752941176470588 0.551724137931034
0.752941176470588 0.550143266475645
0.752941176470588 0.548571428571429
0.756862745098039 0.54985754985755
0.76078431372549 0.551136363636364
0.764705882352941 0.552407932011331
0.764705882352941 0.550847457627119
0.768627450980392 0.552112676056338
0.768627450980392 0.550561797752809
0.772549019607843 0.551820728291317
0.772549019607843 0.550279329608939
0.772549019607843 0.54874651810585
0.772549019607843 0.547222222222222
0.772549019607843 0.545706371191136
0.772549019607843 0.544198895027624
0.772549019607843 0.542699724517906
0.776470588235294 0.543956043956044
0.776470588235294 0.542465753424658
0.776470588235294 0.540983606557377
0.776470588235294 0.539509536784741
0.780392156862745 0.540760869565217
0.784313725490196 0.5420054200542
0.788235294117647 0.543243243243243
0.788235294117647 0.54177897574124
0.788235294117647 0.540322580645161
0.788235294117647 0.53887399463807
0.792156862745098 0.540106951871658
0.792156862745098 0.538666666666667
0.796078431372549 0.539893617021277
0.796078431372549 0.538461538461538
0.8 0.53968253968254
0.803921568627451 0.54089709762533
0.803921568627451 0.539473684210526
0.803921568627451 0.538057742782152
0.807843137254902 0.539267015706806
0.807843137254902 0.537859007832898
0.811764705882353 0.5390625
0.815686274509804 0.54025974025974
0.815686274509804 0.538860103626943
0.815686274509804 0.537467700258398
0.819607843137255 0.538659793814433
0.823529411764706 0.539845758354756
0.823529411764706 0.538461538461538
0.823529411764706 0.537084398976982
0.827450980392157 0.538265306122449
0.827450980392157 0.536895674300254
0.831372549019608 0.538071065989848
0.835294117647059 0.539240506329114
0.835294117647059 0.537878787878788
0.835294117647059 0.536523929471033
0.835294117647059 0.535175879396985
0.835294117647059 0.533834586466165
0.835294117647059 0.5325
0.83921568627451 0.533665835411471
0.843137254901961 0.534825870646766
0.843137254901961 0.533498759305211
0.847058823529412 0.534653465346535
0.850980392156863 0.535802469135802
0.850980392156863 0.53448275862069
0.854901960784314 0.535626535626536
0.854901960784314 0.534313725490196
0.858823529411765 0.535452322738386
0.862745098039216 0.536585365853659
0.862745098039216 0.535279805352798
0.866666666666667 0.536407766990291
0.866666666666667 0.535108958837772
0.866666666666667 0.533816425120773
0.870588235294118 0.534939759036145
0.874509803921569 0.536057692307692
0.874509803921569 0.534772182254197
0.874509803921569 0.533492822966507
0.87843137254902 0.534606205250597
0.882352941176471 0.535714285714286
0.886274509803922 0.536817102137767
0.890196078431372 0.537914691943128
0.890196078431372 0.536643026004728
0.894117647058824 0.537735849056604
0.894117647058824 0.536470588235294
0.894117647058824 0.535211267605634
0.898039215686275 0.536299765807963
0.898039215686275 0.535046728971963
0.898039215686275 0.533799533799534
0.901960784313726 0.534883720930233
0.905882352941176 0.535962877030162
0.905882352941176 0.534722222222222
0.909803921568627 0.535796766743649
0.913725490196078 0.536866359447005
0.913725490196078 0.535632183908046
0.917647058823529 0.536697247706422
0.917647058823529 0.535469107551487
0.92156862745098 0.536529680365297
0.925490196078431 0.537585421412301
0.929411764705882 0.538636363636364
0.929411764705882 0.537414965986395
0.929411764705882 0.536199095022624
0.929411764705882 0.534988713318284
0.933333333333333 0.536036036036036
0.933333333333333 0.534831460674157
0.933333333333333 0.533632286995516
0.937254901960784 0.534675615212528
0.937254901960784 0.533482142857143
0.937254901960784 0.532293986636971
0.937254901960784 0.531111111111111
0.937254901960784 0.529933481152993
0.937254901960784 0.528761061946903
0.937254901960784 0.527593818984547
0.937254901960784 0.526431718061674
0.937254901960784 0.525274725274725
0.937254901960784 0.524122807017544
0.937254901960784 0.522975929978118
0.937254901960784 0.521834061135371
0.937254901960784 0.520697167755991
0.941176470588235 0.521739130434783
0.941176470588235 0.52060737527115
0.945098039215686 0.521645021645022
0.949019607843137 0.52267818574514
0.949019607843137 0.521551724137931
0.952941176470588 0.52258064516129
0.956862745098039 0.523605150214592
0.956862745098039 0.522483940042827
0.96078431372549 0.523504273504274
0.964705882352941 0.524520255863539
0.964705882352941 0.523404255319149
0.964705882352941 0.522292993630573
0.968627450980392 0.523305084745763
0.968627450980392 0.522198731501057
0.968627450980392 0.521097046413502
0.968627450980392 0.52
0.968627450980392 0.51890756302521
0.972549019607843 0.519916142557652
0.972549019607843 0.518828451882845
0.972549019607843 0.517745302713987
0.972549019607843 0.516666666666667
0.972549019607843 0.515592515592516
0.972549019607843 0.514522821576763
0.972549019607843 0.513457556935818
0.972549019607843 0.512396694214876
0.972549019607843 0.511340206185567
0.972549019607843 0.510288065843621
0.972549019607843 0.509240246406571
0.972549019607843 0.508196721311475
0.976470588235294 0.50920245398773
0.976470588235294 0.508163265306122
0.980392156862745 0.509164969450102
0.984313725490196 0.510162601626016
0.984313725490196 0.509127789046653
0.988235294117647 0.510121457489879
0.988235294117647 0.509090909090909
0.988235294117647 0.508064516129032
0.988235294117647 0.507042253521127
0.988235294117647 0.506024096385542
0.992156862745098 0.507014028056112
0.992156862745098 0.506
0.992156862745098 0.50499001996008
0.992156862745098 0.50398406374502
0.992156862745098 0.502982107355865
0.992156862745098 0.501984126984127
0.996078431372549 0.502970297029703
1 0.50395256916996
1 0.502958579881657
1 0.501968503937008
1 0.50098231827112
1 0.5
