0 NA
0.00392156862745098 1
0.00784313725490196 1
0.0117647058823529 1
0.0117647058823529 0.75
0.0117647058823529 0.6
0.0117647058823529 0.5
0.0156862745098039 0.571428571428571
0.0156862745098039 0.5
0.0196078431372549 0.555555555555556
0.0196078431372549 0.5
0.0235294117647059 0.545454545454545
0.0274509803921569 0.583333333333333
0.0274509803921569 0.538461538461538
0.0313725490196078 0.571428571428571
0.0313725490196078 0.533333333333333
0.0352941176470588 0.5625
0.0352941176470588 0.529411764705882
0.0352941176470588 0.5
0.0352941176470588 0.473684210526316
0.0352941176470588 0.45
0.0352941176470588 0.428571428571429
0.0392156862745098 0.454545454545455
0.0431372549019608 0.478260869565217
0.0470588235294118 0.5
0.0470588235294118 0.48
0.0509803921568627 0.5
0.0549019607843137 0.518518518518518
0.0549019607843137 0.5
0.0549019607843137 0.482758620689655
0.0588235294117647 0.5
0.0588235294117647 0.483870967741935
0.0588235294117647 0.46875
0.0588235294117647 0.454545454545455
0.0627450980392157 0.470588235294118
0.0627450980392157 0.457142857142857
0.0666666666666667 0.472222222222222
0.0666666666666667 0.459459459459459
0.0705882352941176 0.473684210526316
0.0745098039215686 0.487179487179487
0.0745098039215686 0.475
0.0745098039215686 0.463414634146341
0.0784313725490196 0.476190476190476
0.0784313725490196 0.465116279069767
0.0784313725490196 0.454545454545455
0.0784313725490196 0.444444444444444
0.0823529411764706 0.456521739130435
0.0823529411764706 0.446808510638298
0.0862745098039216 0.458333333333333
0.0862745098039216 0.448979591836735
0.0862745098039216 0.44
0.0901960784313725 0.450980392156863
0.0941176470588235 0.461538461538462
0.0941176470588235 0.452830188679245
0.0980392156862745 0.462962962962963
0.101960784313725 0.472727272727273
0.105882352941176 0.482142857142857
0.109803921568627 0.491228070175439
0.113725490196078 0.5
0.117647058823529 0.508474576271186
0.117647058823529 0.5
0.12156862745098 0.508196721311475
0.12156862745098 0.5
0.125490196078431 0.507936507936508
0.129411764705882 0.515625
0.133333333333333 0.523076923076923
0.133333333333333 0.515151515151515
0.137254901960784 0.522388059701492
0.141176470588235 0.529411764705882
0.145098039215686 0.536231884057971
0.145098039215686 0.528571428571429
0.145098039215686 0.52112676056338
0.149019607843137 0.527777777777778
0.149019607843137 0.520547945205479
0.152941176470588 0.527027027027027
0.156862745098039 0.533333333333333
0.156862745098039 0.526315789473684
0.156862745098039 0.519480519480519
0.156862745098039 0.512820512820513
0.16078431372549 0.518987341772152
0.16078431372549 0.5125
0.164705882352941 0.518518518518518
0.164705882352941 0.51219512195122
0.168627450980392 0.518072289156627
0.168627450980392 0.511904761904762
0.168627450980392 0.505882352941176
0.172549019607843 0.511627906976744
0.176470588235294 0.517241379310345
0.180392156862745 0.522727272727273
0.184313725490196 0.528089887640449
0.188235294117647 0.533333333333333
0.192156862745098 0.538461538461538
0.192156862745098 0.532608695652174
0.192156862745098 0.526881720430108
0.192156862745098 0.521276595744681
0.192156862745098 0.515789473684211
0.196078431372549 0.520833333333333
0.196078431372549 0.515463917525773
0.2 0.520408163265306
0.2 0.515151515151515
0.203921568627451 0.52
0.203921568627451 0.514851485148515
0.203921568627451 0.509803921568627
0.207843137254902 0.514563106796116
0.207843137254902 0.509615384615385
0.211764705882353 0.514285714285714
0.215686274509804 0.518867924528302
0.215686274509804 0.514018691588785
0.219607843137255 0.518518518518518
0.223529411764706 0.522935779816514
0.223529411764706 0.518181818181818
0.227450980392157 0.522522522522523
0.227450980392157 0.517857142857143
0.231372549019608 0.52212389380531
0.235294117647059 0.526315789473684
0.235294117647059 0.521739130434783
0.23921568627451 0.525862068965517
0.243137254901961 0.52991452991453
0.247058823529412 0.533898305084746
0.250980392156863 0.53781512605042
0.254901960784314 0.541666666666667
0.258823529411765 0.545454545454545
0.262745098039216 0.549180327868853
0.266666666666667 0.552845528455285
0.270588235294118 0.556451612903226
0.274509803921569 0.56
0.274509803921569 0.555555555555556
0.27843137254902 0.559055118110236
0.282352941176471 0.5625
0.286274509803922 0.565891472868217
0.286274509803922 0.561538461538462
0.286274509803922 0.557251908396947
0.290196078431373 0.560606060606061
0.294117647058824 0.56390977443609
0.298039215686275 0.567164179104478
0.301960784313725 0.57037037037037
0.301960784313725 0.566176470588235
0.301960784313725 0.562043795620438
0.305882352941176 0.565217391304348
0.305882352941176 0.561151079136691
0.309803921568627 0.564285714285714
0.313725490196078 0.567375886524823
0.313725490196078 0.563380281690141
0.313725490196078 0.559440559440559
0.317647058823529 0.5625
0.317647058823529 0.558620689655172
0.32156862745098 0.561643835616438
0.32156862745098 0.557823129251701
0.32156862745098 0.554054054054054
0.32156862745098 0.550335570469799
0.32156862745098 0.546666666666667
0.325490196078431 0.549668874172185
0.329411764705882 0.552631578947368
0.333333333333333 0.555555555555556
0.337254901960784 0.558441558441558
0.341176470588235 0.561290322580645
0.345098039215686 0.564102564102564
0.349019607843137 0.56687898089172
0.352941176470588 0.569620253164557
0.356862745098039 0.572327044025157
0.36078431372549 0.575
0.364705882352941 0.577639751552795
0.368627450980392 0.580246913580247
0.372549019607843 0.582822085889571
0.372549019607843 0.579268292682927
0.376470588235294 0.581818181818182
0.380392156862745 0.58433734939759
0.384313725490196 0.586826347305389
0.388235294117647 0.589285714285714
0.388235294117647 0.585798816568047
0.392156862745098 0.588235294117647
0.396078431372549 0.590643274853801
0.4 0.593023255813954
0.403921568627451 0.595375722543353
0.407843137254902 0.597701149425287
0.411764705882353 0.6
0.415686274509804 0.602272727272727
0.415686274509804 0.598870056497175
0.419607843137255 0.601123595505618
0.419607843137255 0.597765363128492
0.419607843137255 0.591160220994475
0.423529411764706 0.593406593406593
0.423529411764706 0.590163934426229
0.423529411764706 0.58695652173913
0.423529411764706 0.583783783783784
0.427450980392157 0.586021505376344
0.431372549019608 0.588235294117647
0.435294117647059 0.590425531914894
0.435294117647059 0.587301587301587
0.43921568627451 0.589473684210526
0.443137254901961 0.591623036649215
0.443137254901961 0.588541666666667
0.447058823529412 0.590673575129534
0.447058823529412 0.587628865979381
0.450980392156863 0.58974358974359
0.450980392156863 0.586734693877551
0.450980392156863 0.583756345177665
0.454901960784314 0.585858585858586
0.458823529411765 0.587939698492462
0.462745098039216 0.59
0.466666666666667 0.592039800995025
0.466666666666667 0.589108910891089
0.466666666666667 0.586206896551724
0.466666666666667 0.583333333333333
0.470588235294118 0.585365853658537
0.474509803921569 0.587378640776699
0.474509803921569 0.584541062801932
0.474509803921569 0.581730769230769
0.47843137254902 0.583732057416268
0.482352941176471 0.585714285714286
0.482352941176471 0.582938388625592
0.482352941176471 0.580188679245283
0.486274509803922 0.582159624413146
0.490196078431373 0.58411214953271
0.494117647058824 0.586046511627907
0.494117647058824 0.583333333333333
0.494117647058824 0.580645161290323
0.494117647058824 0.577981651376147
0.498039215686275 0.579908675799087
0.501960784313725 0.581818181818182
0.505882352941176 0.583710407239819
0.505882352941176 0.581081081081081
0.505882352941176 0.57847533632287
0.505882352941176 0.575892857142857
0.509803921568627 0.577777777777778
0.509803921568627 0.575221238938053
0.513725490196078 0.577092511013216
0.513725490196078 0.574561403508772
0.517647058823529 0.576419213973799
0.52156862745098 0.578260869565217
0.525490196078431 0.58008658008658
0.529411764705882 0.581896551724138
0.529411764705882 0.579399141630901
0.533333333333333 0.581196581196581
0.537254901960784 0.582978723404255
0.537254901960784 0.580508474576271
0.537254901960784 0.578059071729958
0.537254901960784 0.57563025210084
0.537254901960784 0.573221757322176
0.541176470588235 0.575
0.541176470588235 0.572614107883817
0.541176470588235 0.570247933884298
0.541176470588235 0.567901234567901
0.545098039215686 0.569672131147541
0.545098039215686 0.56734693877551
0.549019607843137 0.569105691056911
0.552941176470588 0.57085020242915
0.556862745098039 0.57258064516129
0.556862745098039 0.570281124497992
0.556862745098039 0.568
0.56078431372549 0.569721115537849
0.56078431372549 0.567460317460317
0.56078431372549 0.565217391304348
0.56078431372549 0.562992125984252
0.564705882352941 0.564705882352941
0.564705882352941 0.5625
0.568627450980392 0.56420233463035
0.572549019607843 0.565891472868217
0.572549019607843 0.563706563706564
0.576470588235294 0.565384615384615
0.580392156862745 0.567049808429119
0.584313725490196 0.568702290076336
0.584313725490196 0.566539923954373
0.588235294117647 0.568181818181818
0.592156862745098 0.569811320754717
0.596078431372549 0.571428571428571
0.6 0.573033707865168
0.6 0.57089552238806
0.6 0.568773234200744
0.603921568627451 0.57037037037037
0.603921568627451 0.568265682656827
0.607843137254902 0.569852941176471
0.611764705882353 0.571428571428571
0.615686274509804 0.572992700729927
0.619607843137255 0.574545454545455
0.619607843137255 0.572463768115942
0.623529411764706 0.574007220216607
0.627450980392157 0.575539568345324
0.631372549019608 0.577060931899642
0.631372549019608 0.575
0.631372549019608 0.572953736654804
0.631372549019608 0.570921985815603
0.635294117647059 0.57243816254417
0.63921568627451 0.573943661971831
0.643137254901961 0.575438596491228
0.643137254901961 0.573426573426573
0.643137254901961 0.571428571428571
0.647058823529412 0.572916666666667
0.650980392156863 0.57439446366782
0.650980392156863 0.572413793103448
0.654901960784314 0.573883161512027
0.654901960784314 0.571917808219178
0.654901960784314 0.569965870307167
0.658823529411765 0.571428571428571
0.658823529411765 0.569491525423729
0.662745098039216 0.570945945945946
0.666666666666667 0.572390572390572
0.670588235294118 0.573825503355705
0.674509803921569 0.575250836120401
0.67843137254902 0.576666666666667
0.67843137254902 0.574750830564784
0.682352941176471 0.576158940397351
0.686274509803922 0.577557755775578
0.690196078431373 0.578947368421053
0.690196078431373 0.577049180327869
0.690196078431373 0.57516339869281
0.694117647058824 0.576547231270358
0.694117647058824 0.574675324675325
0.694117647058824 0.572815533980582
0.694117647058824 0.570967741935484
0.698039215686274 0.572347266881029
0.698039215686274 0.57051282051282
0.701960784313725 0.571884984025559
0.701960784313725 0.570063694267516
0.705882352941177 0.571428571428571
0.709803921568627 0.572784810126582
0.709803921568627 0.570977917981073
0.709803921568627 0.569182389937107
0.713725490196078 0.570532915360502
0.717647058823529 0.571875
0.72156862745098 0.573208722741433
0.72156862745098 0.571428571428571
0.725490196078431 0.572755417956656
0.729411764705882 0.574074074074074
0.733333333333333 0.575384615384615
0.737254901960784 0.576687116564417
0.737254901960784 0.574923547400612
0.737254901960784 0.573170731707317
0.741176470588235 0.574468085106383
0.741176470588235 0.572727272727273
0.745098039215686 0.574018126888218
0.745098039215686 0.572289156626506
0.745098039215686 0.570570570570571
0.749019607843137 0.57185628742515
0.749019607843137 0.570149253731343
0.749019607843137 0.568452380952381
0.749019607843137 0.566765578635015
0.749019607843137 0.56508875739645
0.752941176470588 0.566371681415929
0.752941176470588 0.564705882352941
0.756862745098039 0.565982404692082
0.756862745098039 0.564327485380117
0.756862745098039 0.56268221574344
0.756862745098039 0.561046511627907
0.756862745098039 0.559420289855072
0.76078431372549 0.560693641618497
0.764705882352941 0.561959654178674
0.764705882352941 0.560344827586207
0.768627450980392 0.561604584527221
0.768627450980392 0.56
0.772549019607843 0.561253561253561
0.772549019607843 0.559659090909091
0.772549019607843 0.558073654390935
0.772549019607843 0.556497175141243
0.776470588235294 0.557746478873239
0.780392156862745 0.558988764044944
0.780392156862745 0.557422969187675
0.780392156862745 0.55586592178771
0.780392156862745 0.554317548746518
0.780392156862745 0.552777777777778
0.784313725490196 0.554016620498615
0.788235294117647 0.55524861878453
0.788235294117647 0.553719008264463
0.788235294117647 0.552197802197802
0.788235294117647 0.550684931506849
0.792156862745098 0.551912568306011
0.792156862745098 0.550408719346049
0.792156862745098 0.548913043478261
0.796078431372549 0.550135501355014
0.796078431372549 0.548648648648649
0.796078431372549 0.547169811320755
0.796078431372549 0.545698924731183
0.8 0.546916890080429
0.803921568627451 0.548128342245989
0.807843137254902 0.549333333333333
0.807843137254902 0.547872340425532
0.811764705882353 0.549071618037135
0.811764705882353 0.547619047619048
0.811764705882353 0.546174142480211
0.811764705882353 0.544736842105263
0.811764705882353 0.543307086614173
0.811764705882353 0.541884816753927
0.815686274509804 0.543080939947781
0.819607843137255 0.544270833333333
0.819607843137255 0.542857142857143
0.819607843137255 0.541450777202073
0.823529411764706 0.542635658914729
0.823529411764706 0.541237113402062
0.827450980392157 0.542416452442159
0.827450980392157 0.541025641025641
0.827450980392157 0.539641943734015
0.831372549019608 0.540816326530612
0.835294117647059 0.541984732824427
0.83921568627451 0.543147208121827
0.83921568627451 0.541772151898734
0.83921568627451 0.54040404040404
0.83921568627451 0.53904282115869
0.843137254901961 0.540201005025126
0.843137254901961 0.538847117794486
0.843137254901961 0.5375
0.847058823529412 0.538653366583541
0.850980392156863 0.539800995024876
0.850980392156863 0.538461538461538
0.854901960784314 0.53960396039604
0.854901960784314 0.538271604938272
0.854901960784314 0.536945812807882
0.854901960784314 0.535626535626536
0.854901960784314 0.534313725490196
0.858823529411765 0.535452322738386
0.858823529411765 0.534146341463415
0.858823529411765 0.532846715328467
0.858823529411765 0.531553398058252
0.858823529411765 0.530266343825666
0.858823529411765 0.528985507246377
0.858823529411765 0.527710843373494
0.858823529411765 0.526442307692308
0.862745098039216 0.52757793764988
0.862745098039216 0.526315789473684
0.862745098039216 0.525059665871122
0.866666666666667 0.526190476190476
0.870588235294118 0.527315914489311
0.870588235294118 0.5260663507109
0.870588235294118 0.524822695035461
0.870588235294118 0.523584905660377
0.874509803921569 0.524705882352941
0.874509803921569 0.523474178403756
0.874509803921569 0.522248243559719
0.87843137254902 0.523364485981308
0.87843137254902 0.522144522144522
0.882352941176471 0.523255813953488
0.882352941176471 0.522041763341067
0.882352941176471 0.520833333333333
0.882352941176471 0.519630484988453
0.882352941176471 0.518433179723502
0.882352941176471 0.517241379310345
0.886274509803922 0.518348623853211
0.890196078431372 0.519450800915332
0.890196078431372 0.518264840182648
0.890196078431372 0.517084282460137
0.890196078431372 0.515909090909091
0.890196078431372 0.514739229024943
0.890196078431372 0.513574660633484
0.890196078431372 0.512415349887133
0.890196078431372 0.511261261261261
0.890196078431372 0.510112359550562
0.894117647058824 0.511210762331839
0.894117647058824 0.51006711409396
0.894117647058824 0.508928571428571
0.898039215686275 0.510022271714922
0.898039215686275 0.508888888888889
0.901960784313726 0.509977827050998
0.901960784313726 0.508849557522124
0.905882352941176 0.509933774834437
0.905882352941176 0.508810572687225
0.909803921568627 0.50989010989011
0.913725490196078 0.510964912280702
0.913725490196078 0.509846827133479
0.913725490196078 0.508733624454148
0.913725490196078 0.507625272331155
0.917647058823529 0.508695652173913
0.92156862745098 0.509761388286334
0.925490196078431 0.510822510822511
0.925490196078431 0.509719222462203
0.925490196078431 0.508620689655172
0.929411764705882 0.509677419354839
0.929411764705882 0.508583690987124
0.929411764705882 0.507494646680942
0.929411764705882 0.506410256410256
0.933333333333333 0.507462686567164
0.937254901960784 0.508510638297872
0.941176470588235 0.509554140127389
0.945098039215686 0.510593220338983
0.945098039215686 0.509513742071882
0.949019607843137 0.510548523206751
0.952941176470588 0.511578947368421
0.952941176470588 0.510504201680672
0.952941176470588 0.509433962264151
0.952941176470588 0.50836820083682
0.956862745098039 0.509394572025052
0.956862745098039 0.508333333333333
0.96078431372549 0.509355509355509
0.96078431372549 0.508298755186722
0.964705882352941 0.509316770186335
0.968627450980392 0.510330578512397
0.972549019607843 0.511340206185567
0.972549019607843 0.510288065843621
0.972549019607843 0.509240246406571
0.976470588235294 0.510245901639344
0.976470588235294 0.50920245398773
0.976470588235294 0.508163265306122
0.976470588235294 0.507128309572301
0.976470588235294 0.50609756097561
0.976470588235294 0.505070993914807
0.980392156862745 0.506072874493927
0.980392156862745 0.505050505050505
0.980392156862745 0.504032258064516
0.980392156862745 0.503018108651911
0.984313725490196 0.504016064257028
0.988235294117647 0.50501002004008
0.988235294117647 0.504
0.992156862745098 0.50499001996008
0.992156862745098 0.50398406374502
0.996078431372549 0.504970178926441
0.996078431372549 0.503968253968254
0.996078431372549 0.502970297029703
0.996078431372549 0.50197628458498
0.996078431372549 0.500986193293886
0.996078431372549 0.5
1 0.50098231827112
1 0.5
