0 NA
0.00392156862745098 1
0.00784313725490196 1
0.0117647058823529 1
0.0117647058823529 0.75
0.0156862745098039 0.8
0.0196078431372549 0.833333333333333
0.0235294117647059 0.857142857142857
0.0274509803921569 0.875
0.0274509803921569 0.777777777777778
0.0274509803921569 0.7
0.0313725490196078 0.727272727272727
0.0352941176470588 0.75
0.0392156862745098 0.769230769230769
0.0431372549019608 0.785714285714286
0.0470588235294118 0.8
0.0509803921568627 0.8125
0.0549019607843137 0.823529411764706
0.0588235294117647 0.833333333333333
0.0627450980392157 0.842105263157895
0.0666666666666667 0.85
0.0666666666666667 0.80952380952381
0.0705882352941176 0.818181818181818
0.0705882352941176 0.782608695652174
0.0745098039215686 0.791666666666667
0.0784313725490196 0.8
0.0784313725490196 0.769230769230769
0.0823529411764706 0.777777777777778
0.0862745098039216 0.785714285714286
0.0862745098039216 0.758620689655172
0.0901960784313725 0.766666666666667
0.0901960784313725 0.741935483870968
0.0941176470588235 0.75
0.0980392156862745 0.757575757575758
0.101960784313725 0.764705882352941
0.105882352941176 0.771428571428571
0.109803921568627 0.777777777777778
0.109803921568627 0.756756756756757
0.113725490196078 0.763157894736842
0.113725490196078 0.743589743589744
0.113725490196078 0.725
0.113725490196078 0.707317073170732
0.117647058823529 0.714285714285714
0.117647058823529 0.697674418604651
0.117647058823529 0.681818181818182
0.12156862745098 0.688888888888889
0.125490196078431 0.695652173913043
0.129411764705882 0.702127659574468
0.133333333333333 0.708333333333333
0.137254901960784 0.714285714285714
0.141176470588235 0.72
0.141176470588235 0.705882352941177
0.145098039215686 0.711538461538462
0.149019607843137 0.716981132075472
0.152941176470588 0.722222222222222
0.152941176470588 0.709090909090909
0.152941176470588 0.696428571428571
0.156862745098039 0.701754385964912
0.16078431372549 0.706896551724138
0.164705882352941 0.711864406779661
0.168627450980392 0.716666666666667
0.168627450980392 0.704918032786885
0.172549019607843 0.709677419354839
0.172549019607843 0.698412698412698
0.176470588235294 0.703125
0.180392156862745 0.707692307692308
0.184313725490196 0.712121212121212
0.184313725490196 0.701492537313433
0.184313725490196 0.691176470588235
0.188235294117647 0.695652173913043
0.192156862745098 0.7
0.196078431372549 0.704225352112676
0.2 0.708333333333333
0.203921568627451 0.712328767123288
0.203921568627451 0.702702702702703
0.203921568627451 0.693333333333333
0.203921568627451 0.684210526315789
0.207843137254902 0.688311688311688
0.207843137254902 0.67948717948718
0.207843137254902 0.670886075949367
0.211764705882353 0.675
0.215686274509804 0.679012345679012
0.215686274509804 0.670731707317073
0.215686274509804 0.662650602409639
0.219607843137255 0.666666666666667
0.223529411764706 0.670588235294118
0.227450980392157 0.674418604651163
0.227450980392157 0.666666666666667
0.231372549019608 0.670454545454545
0.235294117647059 0.674157303370786
0.23921568627451 0.677777777777778
0.243137254901961 0.681318681318681
0.247058823529412 0.684782608695652
0.250980392156863 0.688172043010753
0.250980392156863 0.680851063829787
0.254901960784314 0.684210526315789
0.254901960784314 0.677083333333333
0.254901960784314 0.670103092783505
0.258823529411765 0.673469387755102
0.262745098039216 0.676767676767677
0.262745098039216 0.67
0.266666666666667 0.673267326732673
0.270588235294118 0.676470588235294
0.274509803921569 0.679611650485437
0.274509803921569 0.673076923076923
0.27843137254902 0.676190476190476
0.282352941176471 0.679245283018868
0.282352941176471 0.672897196261682
0.282352941176471 0.666666666666667
0.286274509803922 0.669724770642202
0.286274509803922 0.663636363636364
0.286274509803922 0.657657657657658
0.290196078431373 0.660714285714286
0.290196078431373 0.654867256637168
0.294117647058824 0.657894736842105
0.298039215686275 0.660869565217391
0.301960784313725 0.663793103448276
0.305882352941176 0.666666666666667
0.305882352941176 0.661016949152542
0.305882352941176 0.65546218487395
0.305882352941176 0.65
0.305882352941176 0.644628099173554
0.309803921568627 0.647540983606557
0.309803921568627 0.642276422764228
0.313725490196078 0.645161290322581
0.317647058823529 0.648
0.32156862745098 0.650793650793651
0.325490196078431 0.653543307086614
0.329411764705882 0.65625
0.333333333333333 0.65891472868217
0.337254901960784 0.661538461538462
0.337254901960784 0.656488549618321
0.337254901960784 0.651515151515151
0.337254901960784 0.646616541353383
0.337254901960784 0.641791044776119
0.337254901960784 0.637037037037037
0.337254901960784 0.632352941176471
0.337254901960784 0.627737226277372
0.341176470588235 0.630434782608696
0.341176470588235 0.62589928057554
0.345098039215686 0.628571428571429
0.349019607843137 0.631205673758865
0.349019607843137 0.626760563380282
0.349019607843137 0.622377622377622
0.352941176470588 0.625
0.352941176470588 0.620689655172414
0.356862745098039 0.623287671232877
0.36078431372549 0.625850340136054
0.364705882352941 0.628378378378378
0.364705882352941 0.624161073825503
0.368627450980392 0.626666666666667
0.368627450980392 0.622516556291391
0.368627450980392 0.618421052631579
0.372549019607843 0.620915032679739
0.372549019607843 0.616883116883117
0.376470588235294 0.619354838709677
0.376470588235294 0.615384615384615
0.380392156862745 0.617834394904459
0.384313725490196 0.620253164556962
0.384313725490196 0.616352201257862
0.384313725490196 0.6125
0.384313725490196 0.608695652173913
0.388235294117647 0.611111111111111
0.388235294117647 0.607361963190184
0.388235294117647 0.603658536585366
0.392156862745098 0.606060606060606
0.392156862745098 0.602409638554217
0.392156862745098 0.598802395209581
0.392156862745098 0.595238095238095
0.396078431372549 0.597633136094675
0.396078431372549 0.594117647058824
0.396078431372549 0.590643274853801
0.396078431372549 0.587209302325581
0.4 0.589595375722543
0.4 0.586206896551724
0.403921568627451 0.588571428571429
0.403921568627451 0.585227272727273
0.407843137254902 0.587570621468927
0.411764705882353 0.589887640449438
0.411764705882353 0.58659217877095
0.415686274509804 0.588888888888889
0.419607843137255 0.591160220994475
0.419607843137255 0.587912087912088
0.419607843137255 0.584699453551913
0.419607843137255 0.581521739130435
0.423529411764706 0.583783783783784
0.427450980392157 0.586021505376344
0.427450980392157 0.582887700534759
0.431372549019608 0.585106382978723
0.435294117647059 0.587301587301587
0.435294117647059 0.58421052631579
0.43921568627451 0.586387434554974
0.443137254901961 0.588541666666667
0.447058823529412 0.590673575129534
0.450980392156863 0.592783505154639
0.450980392156863 0.58974358974359
0.454901960784314 0.591836734693878
0.454901960784314 0.588832487309645
0.454901960784314 0.585858585858586
0.454901960784314 0.582914572864322
0.458823529411765 0.585
0.462745098039216 0.587064676616915
0.466666666666667 0.589108910891089
0.466666666666667 0.586206896551724
0.466666666666667 0.583333333333333
0.466666666666667 0.580487804878049
0.470588235294118 0.58252427184466
0.474509803921569 0.584541062801932
0.47843137254902 0.586538461538462
0.482352941176471 0.588516746411483
0.482352941176471 0.585714285714286
0.486274509803922 0.587677725118483
0.490196078431373 0.589622641509434
0.490196078431373 0.586854460093897
0.494117647058824 0.588785046728972
0.498039215686275 0.590697674418605
0.498039215686275 0.587962962962963
0.498039215686275 0.585253456221198
0.501960784313725 0.587155963302752
0.505882352941176 0.589041095890411
0.505882352941176 0.586363636363636
0.505882352941176 0.583710407239819
0.509803921568627 0.585585585585586
0.509803921568627 0.582959641255605
0.509803921568627 0.580357142857143
0.509803921568627 0.577777777777778
0.513725490196078 0.579646017699115
0.513725490196078 0.577092511013216
0.517647058823529 0.578947368421053
0.52156862745098 0.580786026200873
0.52156862745098 0.578260869565217
0.525490196078431 0.58008658008658
0.529411764705882 0.581896551724138
0.533333333333333 0.583690987124464
0.533333333333333 0.581196581196581
0.537254901960784 0.582978723404255
0.541176470588235 0.584745762711864
0.545098039215686 0.586497890295359
0.549019607843137 0.588235294117647
0.552941176470588 0.589958158995816
0.556862745098039 0.591666666666667
0.56078431372549 0.593360995850622
0.56078431372549 0.590909090909091
0.564705882352941 0.592592592592593
0.568627450980392 0.594262295081967
0.572549019607843 0.595918367346939
0.576470588235294 0.597560975609756
0.576470588235294 0.595141700404858
0.580392156862745 0.596774193548387
0.584313725490196 0.598393574297189
0.584313725490196 0.596
0.584313725490196 0.593625498007968
0.584313725490196 0.591269841269841
0.588235294117647 0.592885375494071
0.588235294117647 0.590551181102362
0.592156862745098 0.592156862745098
0.592156862745098 0.58984375
0.592156862745098 0.587548638132296
0.592156862745098 0.585271317829457
0.596078431372549 0.586872586872587
0.596078431372549 0.584615384615385
0.596078431372549 0.582375478927203
0.596078431372549 0.580152671755725
0.596078431372549 0.577946768060836
0.596078431372549 0.575757575757576
0.6 0.577358490566038
0.6 0.575187969924812
0.603921568627451 0.576779026217228
0.603921568627451 0.574626865671642
0.603921568627451 0.572490706319703
0.607843137254902 0.574074074074074
0.607843137254902 0.571955719557196
0.607843137254902 0.569852941176471
0.607843137254902 0.567765567765568
0.607843137254902 0.565693430656934
0.607843137254902 0.563636363636364
0.607843137254902 0.561594202898551
0.611764705882353 0.563176895306859
0.611764705882353 0.561151079136691
0.611764705882353 0.559139784946237
0.615686274509804 0.560714285714286
0.615686274509804 0.558718861209964
0.619607843137255 0.560283687943262
0.623529411764706 0.561837455830389
0.627450980392157 0.563380281690141
0.631372549019608 0.564912280701754
0.635294117647059 0.566433566433566
0.635294117647059 0.564459930313589
0.63921568627451 0.565972222222222
0.643137254901961 0.567474048442907
0.647058823529412 0.568965517241379
0.647058823529412 0.56701030927835
0.647058823529412 0.565068493150685
0.650980392156863 0.566552901023891
0.650980392156863 0.564625850340136
0.654901960784314 0.566101694915254
0.658823529411765 0.567567567567568
0.658823529411765 0.565656565656566
0.662745098039216 0.567114093959732
0.662745098039216 0.565217391304348
0.666666666666667 0.566666666666667
0.670588235294118 0.568106312292359
0.674509803921569 0.56953642384106
0.67843137254902 0.570957095709571
0.67843137254902 0.569078947368421
0.67843137254902 0.567213114754098
0.67843137254902 0.565359477124183
0.67843137254902 0.563517915309446
0.682352941176471 0.564935064935065
0.686274509803922 0.566343042071197
0.690196078431373 0.567741935483871
0.690196078431373 0.565916398713826
0.690196078431373 0.564102564102564
0.690196078431373 0.562300319488818
0.690196078431373 0.560509554140127
0.694117647058824 0.561904761904762
0.694117647058824 0.560126582278481
0.694117647058824 0.558359621451104
0.694117647058824 0.556603773584906
0.694117647058824 0.554858934169279
0.698039215686274 0.55625
0.701960784313725 0.557632398753894
0.701960784313725 0.555900621118012
0.705882352941177 0.557275541795666
0.709803921568627 0.558641975308642
0.713725490196078 0.56
0.717647058823529 0.561349693251534
0.72156862745098 0.562691131498471
0.725490196078431 0.564024390243902
0.725490196078431 0.562310030395137
0.729411764705882 0.563636363636364
0.729411764705882 0.561933534743202
0.733333333333333 0.563253012048193
0.733333333333333 0.561561561561562
0.733333333333333 0.559880239520958
0.733333333333333 0.558208955223881
0.733333333333333 0.556547619047619
0.733333333333333 0.554896142433234
0.733333333333333 0.553254437869823
0.737254901960784 0.554572271386431
0.741176470588235 0.555882352941176
0.741176470588235 0.55425219941349
0.745098039215686 0.555555555555556
0.745098039215686 0.553935860058309
0.749019607843137 0.555232558139535
0.752941176470588 0.556521739130435
0.752941176470588 0.554913294797688
0.752941176470588 0.553314121037464
0.752941176470588 0.551724137931034
0.752941176470588 0.550143266475645
0.752941176470588 0.548571428571429
0.756862745098039 0.54985754985755
0.756862745098039 0.548295454545455
0.756862745098039 0.546742209631728
0.756862745098039 0.545197740112994
0.756862745098039 0.543661971830986
0.756862745098039 0.542134831460674
0.756862745098039 0.540616246498599
0.756862745098039 0.539106145251397
0.76078431372549 0.540389972144847
0.764705882352941 0.541666666666667
0.764705882352941 0.54016620498615
0.768627450980392 0.541436464088398
0.768627450980392 0.539944903581267
0.772549019607843 0.541208791208791
0.776470588235294 0.542465753424658
0.780392156862745 0.543715846994536
0.780392156862745 0.542234332425068
0.780392156862745 0.540760869565217
0.780392156862745 0.53929539295393
0.784313725490196 0.540540540540541
0.784313725490196 0.539083557951482
0.784313725490196 0.537634408602151
0.784313725490196 0.536193029490617
0.788235294117647 0.537433155080214
0.792156862745098 0.538666666666667
0.792156862745098 0.537234042553192
0.792156862745098 0.535809018567639
0.796078431372549 0.537037037037037
0.8 0.538258575197889
0.8 0.536842105263158
0.8 0.535433070866142
0.8 0.534031413612565
0.803921568627451 0.535248041775457
0.803921568627451 0.533854166666667
0.803921568627451 0.532467532467532
0.807843137254902 0.533678756476684
0.811764705882353 0.534883720930233
0.815686274509804 0.536082474226804
0.815686274509804 0.534704370179949
0.815686274509804 0.533333333333333
0.819607843137255 0.534526854219949
0.819607843137255 0.533163265306122
0.819607843137255 0.531806615776081
0.819607843137255 0.530456852791878
0.823529411764706 0.531645569620253
0.827450980392157 0.532828282828283
0.831372549019608 0.534005037783375
0.835294117647059 0.535175879396985
0.835294117647059 0.533834586466165
0.843137254901961 0.533498759305211
0.843137254901961 0.532178217821782
0.843137254901961 0.530864197530864
0.843137254901961 0.529556650246305
0.847058823529412 0.530712530712531
0.847058823529412 0.529411764705882
0.850980392156863 0.530562347188264
0.850980392156863 0.529268292682927
0.854901960784314 0.530413625304136
0.854901960784314 0.529126213592233
0.858823529411765 0.530266343825666
0.858823529411765 0.528985507246377
0.858823529411765 0.527710843373494
0.862745098039216 0.528846153846154
0.862745098039216 0.52757793764988
0.866666666666667 0.528708133971292
0.866666666666667 0.52744630071599
0.866666666666667 0.526190476190476
0.866666666666667 0.524940617577197
0.866666666666667 0.523696682464455
0.870588235294118 0.524822695035461
0.874509803921569 0.525943396226415
0.87843137254902 0.527058823529412
0.882352941176471 0.528169014084507
0.882352941176471 0.526932084309134
0.886274509803922 0.52803738317757
0.886274509803922 0.526806526806527
0.886274509803922 0.525581395348837
0.886274509803922 0.524361948955916
0.890196078431372 0.525462962962963
0.894117647058824 0.526558891454965
0.894117647058824 0.525345622119816
0.894117647058824 0.524137931034483
0.894117647058824 0.522935779816514
0.898039215686275 0.524027459954233
0.898039215686275 0.522831050228311
0.901960784313726 0.523917995444191
0.901960784313726 0.522727272727273
0.901960784313726 0.521541950113379
0.901960784313726 0.520361990950226
0.905882352941176 0.521444695259594
0.905882352941176 0.52027027027027
0.909803921568627 0.521348314606742
0.913725490196078 0.522421524663677
0.913725490196078 0.521252796420582
0.913725490196078 0.520089285714286
0.917647058823529 0.521158129175947
0.92156862745098 0.522222222222222
0.92156862745098 0.521064301552106
0.92156862745098 0.519911504424779
0.925490196078431 0.520971302428256
0.925490196078431 0.519823788546256
0.925490196078431 0.518681318681319
0.925490196078431 0.517543859649123
0.925490196078431 0.516411378555799
0.925490196078431 0.51528384279476
0.925490196078431 0.514161220043573
0.929411764705882 0.515217391304348
0.929411764705882 0.51409978308026
0.929411764705882 0.512987012987013
0.933333333333333 0.514038876889849
0.933333333333333 0.512931034482759
0.937254901960784 0.513978494623656
0.941176470588235 0.515021459227468
0.941176470588235 0.513918629550321
0.945098039215686 0.514957264957265
0.945098039215686 0.513859275053305
0.949019607843137 0.514893617021277
0.949019607843137 0.51380042462845
0.949019607843137 0.51271186440678
0.949019607843137 0.511627906976744
0.949019607843137 0.510548523206751
0.949019607843137 0.509473684210526
0.949019607843137 0.508403361344538
0.949019607843137 0.507337526205451
0.949019607843137 0.506276150627615
0.949019607843137 0.505219206680585
0.949019607843137 0.504166666666667
0.952941176470588 0.505197505197505
0.952941176470588 0.504149377593361
0.952941176470588 0.503105590062112
0.956862745098039 0.504132231404959
0.96078431372549 0.505154639175258
0.964705882352941 0.506172839506173
0.964705882352941 0.505133470225873
0.968627450980392 0.506147540983607
0.972549019607843 0.507157464212679
0.972549019607843 0.506122448979592
0.972549019607843 0.505091649694501
0.972549019607843 0.504065040650406
0.976470588235294 0.505070993914807
0.976470588235294 0.504048582995951
0.980392156862745 0.505050505050505
0.980392156862745 0.504032258064516
0.980392156862745 0.503018108651911
0.980392156862745 0.502008032128514
0.984313725490196 0.503006012024048
0.984313725490196 0.502
0.984313725490196 0.500998003992016
0.988235294117647 0.50199203187251
0.992156862745098 0.502982107355865
0.996078431372549 0.503968253968254
0.996078431372549 0.502970297029703
0.996078431372549 0.50197628458498
0.996078431372549 0.500986193293886
0.996078431372549 0.5
0.996078431372549 0.49901768172888
1 0.5
