0 NA
0.00392156862745098 1
0.00784313725490196 1
0.00784313725490196 0.666666666666667
0.00784313725490196 0.5
0.0117647058823529 0.6
0.0117647058823529 0.5
0.0117647058823529 0.428571428571429
0.0156862745098039 0.5
0.0156862745098039 0.444444444444444
0.0156862745098039 0.4
0.0196078431372549 0.454545454545455
0.0235294117647059 0.5
0.0235294117647059 0.461538461538462
0.0274509803921569 0.5
0.0313725490196078 0.533333333333333
0.0313725490196078 0.5
0.0352941176470588 0.529411764705882
0.0352941176470588 0.5
0.0392156862745098 0.526315789473684
0.0431372549019608 0.55
0.0470588235294118 0.571428571428571
0.0509803921568627 0.590909090909091
0.0549019607843137 0.608695652173913
0.0588235294117647 0.625
0.0627450980392157 0.64
0.0627450980392157 0.615384615384615
0.0627450980392157 0.592592592592593
0.0666666666666667 0.607142857142857
0.0666666666666667 0.586206896551724
0.0666666666666667 0.566666666666667
0.0705882352941176 0.580645161290323
0.0705882352941176 0.5625
0.0705882352941176 0.545454545454545
0.0745098039215686 0.558823529411765
0.0784313725490196 0.571428571428571
0.0784313725490196 0.555555555555556
0.0823529411764706 0.567567567567568
0.0862745098039216 0.578947368421053
0.0901960784313725 0.58974358974359
0.0941176470588235 0.6
0.0980392156862745 0.609756097560976
0.101960784313725 0.619047619047619
0.101960784313725 0.604651162790698
0.101960784313725 0.590909090909091
0.101960784313725 0.577777777777778
0.105882352941176 0.58695652173913
0.109803921568627 0.595744680851064
0.109803921568627 0.583333333333333
0.113725490196078 0.591836734693878
0.113725490196078 0.58
0.117647058823529 0.588235294117647
0.12156862745098 0.596153846153846
0.125490196078431 0.60377358490566
0.129411764705882 0.611111111111111
0.129411764705882 0.6
0.129411764705882 0.589285714285714
0.133333333333333 0.596491228070175
0.133333333333333 0.586206896551724
0.133333333333333 0.576271186440678
0.133333333333333 0.566666666666667
0.133333333333333 0.557377049180328
0.137254901960784 0.564516129032258
0.137254901960784 0.555555555555556
0.141176470588235 0.5625
0.145098039215686 0.569230769230769
0.149019607843137 0.575757575757576
0.152941176470588 0.582089552238806
0.156862745098039 0.588235294117647
0.156862745098039 0.579710144927536
0.156862745098039 0.571428571428571
0.16078431372549 0.577464788732394
0.16078431372549 0.569444444444444
0.164705882352941 0.575342465753425
0.164705882352941 0.567567567567568
0.164705882352941 0.56
0.164705882352941 0.552631578947368
0.168627450980392 0.558441558441558
0.172549019607843 0.564102564102564
0.172549019607843 0.556962025316456
0.176470588235294 0.5625
0.176470588235294 0.555555555555556
0.176470588235294 0.548780487804878
0.176470588235294 0.542168674698795
0.180392156862745 0.547619047619048
0.180392156862745 0.541176470588235
0.180392156862745 0.534883720930233
0.180392156862745 0.528735632183908
0.180392156862745 0.522727272727273
0.184313725490196 0.528089887640449
0.188235294117647 0.533333333333333
0.192156862745098 0.538461538461538
0.192156862745098 0.532608695652174
0.192156862745098 0.526881720430108
0.192156862745098 0.521276595744681
0.192156862745098 0.515789473684211
0.192156862745098 0.510416666666667
0.192156862745098 0.505154639175258
0.196078431372549 0.510204081632653
0.2 0.515151515151515
0.2 0.51
0.2 0.504950495049505
0.2 0.5
0.2 0.495145631067961
0.203921568627451 0.5
0.207843137254902 0.504761904761905
0.207843137254902 0.5
0.211764705882353 0.504672897196262
0.215686274509804 0.509259259259259
0.219607843137255 0.513761467889908
0.219607843137255 0.509090909090909
0.223529411764706 0.513513513513513
0.227450980392157 0.517857142857143
0.227450980392157 0.513274336283186
0.227450980392157 0.508771929824561
0.231372549019608 0.51304347826087
0.231372549019608 0.508620689655172
0.231372549019608 0.504273504273504
0.231372549019608 0.5
0.231372549019608 0.495798319327731
0.235294117647059 0.5
0.23921568627451 0.504132231404959
0.243137254901961 0.508196721311475
0.243137254901961 0.504065040650406
0.243137254901961 0.5
0.247058823529412 0.504
0.247058823529412 0.5
0.247058823529412 0.496062992125984
0.250980392156863 0.5
0.250980392156863 0.496124031007752
0.254901960784314 0.5
0.258823529411765 0.50381679389313
0.262745098039216 0.507575757575758
0.266666666666667 0.511278195488722
0.266666666666667 0.507462686567164
0.266666666666667 0.503703703703704
0.270588235294118 0.507352941176471
0.274509803921569 0.510948905109489
0.274509803921569 0.507246376811594
0.27843137254902 0.510791366906475
0.27843137254902 0.507142857142857
0.27843137254902 0.50354609929078
0.282352941176471 0.507042253521127
0.286274509803922 0.510489510489511
0.286274509803922 0.506944444444444
0.290196078431373 0.510344827586207
0.290196078431373 0.506849315068493
0.294117647058824 0.510204081632653
0.294117647058824 0.506756756756757
0.294117647058824 0.503355704697987
0.294117647058824 0.5
0.298039215686275 0.503311258278146
0.298039215686275 0.5
0.298039215686275 0.496732026143791
0.298039215686275 0.493506493506494
0.298039215686275 0.490322580645161
0.298039215686275 0.487179487179487
0.301960784313725 0.490445859872611
0.305882352941176 0.493670886075949
0.309803921568627 0.49685534591195
0.309803921568627 0.49375
0.313725490196078 0.496894409937888
0.317647058823529 0.5
0.317647058823529 0.496932515337423
0.317647058823529 0.49390243902439
0.317647058823529 0.490909090909091
0.32156862745098 0.493975903614458
0.325490196078431 0.497005988023952
0.325490196078431 0.494047619047619
0.329411764705882 0.497041420118343
0.333333333333333 0.5
0.333333333333333 0.497076023391813
0.337254901960784 0.5
0.337254901960784 0.497109826589595
0.341176470588235 0.5
0.341176470588235 0.497142857142857
0.345098039215686 0.5
0.345098039215686 0.497175141242938
0.349019607843137 0.5
0.352941176470588 0.502793296089385
0.356862745098039 0.505555555555556
0.36078431372549 0.50828729281768
0.364705882352941 0.510989010989011
0.364705882352941 0.508196721311475
0.364705882352941 0.505434782608696
0.368627450980392 0.508108108108108
0.368627450980392 0.505376344086022
0.368627450980392 0.502673796791444
0.368627450980392 0.5
0.372549019607843 0.502645502645503
0.376470588235294 0.505263157894737
0.376470588235294 0.50261780104712
0.376470588235294 0.5
0.380392156862745 0.50259067357513
0.384313725490196 0.505154639175258
0.388235294117647 0.507692307692308
0.392156862745098 0.510204081632653
0.396078431372549 0.512690355329949
0.396078431372549 0.51010101010101
0.4 0.512562814070352
0.403921568627451 0.515
0.403921568627451 0.512437810945274
0.403921568627451 0.50990099009901
0.403921568627451 0.507389162561576
0.403921568627451 0.504901960784314
0.403921568627451 0.502439024390244
0.403921568627451 0.5
0.403921568627451 0.497584541062802
0.403921568627451 0.495192307692308
0.407843137254902 0.497607655502392
0.407843137254902 0.495238095238095
0.411764705882353 0.497630331753554
0.415686274509804 0.5
0.415686274509804 0.497652582159624
0.419607843137255 0.5
0.419607843137255 0.497674418604651
0.423529411764706 0.5
0.427450980392157 0.502304147465438
0.431372549019608 0.504587155963303
0.435294117647059 0.506849315068493
0.435294117647059 0.504545454545455
0.43921568627451 0.506787330316742
0.43921568627451 0.504504504504504
0.443137254901961 0.506726457399103
0.447058823529412 0.508928571428571
0.447058823529412 0.506666666666667
0.447058823529412 0.504424778761062
0.447058823529412 0.502202643171806
0.447058823529412 0.5
0.447058823529412 0.497816593886463
0.450980392156863 0.5
0.454901960784314 0.502164502164502
0.454901960784314 0.5
0.454901960784314 0.497854077253219
0.458823529411765 0.5
0.458823529411765 0.497872340425532
0.458823529411765 0.495762711864407
0.462745098039216 0.49789029535865
0.462745098039216 0.495798319327731
0.466666666666667 0.497907949790795
0.466666666666667 0.495833333333333
0.466666666666667 0.493775933609959
0.470588235294118 0.495867768595041
0.470588235294118 0.493827160493827
0.470588235294118 0.491803278688525
0.474509803921569 0.493877551020408
0.474509803921569 0.491869918699187
0.474509803921569 0.489878542510121
0.47843137254902 0.491935483870968
0.482352941176471 0.493975903614458
0.486274509803922 0.496
0.490196078431373 0.49800796812749
0.494117647058824 0.5
0.494117647058824 0.49802371541502
0.498039215686275 0.5
0.501960784313725 0.501960784313725
0.505882352941176 0.50390625
0.505882352941176 0.501945525291829
0.505882352941176 0.5
0.509803921568627 0.501930501930502
0.513725490196078 0.503846153846154
0.517647058823529 0.505747126436782
0.517647058823529 0.50381679389313
0.517647058823529 0.501901140684411
0.517647058823529 0.5
0.517647058823529 0.49811320754717
0.52156862745098 0.5
0.52156862745098 0.49812734082397
0.52156862745098 0.496268656716418
0.525490196078431 0.49814126394052
0.525490196078431 0.496296296296296
0.529411764705882 0.498154981549816
0.533333333333333 0.5
0.533333333333333 0.498168498168498
0.533333333333333 0.496350364963504
0.533333333333333 0.494545454545455
0.533333333333333 0.492753623188406
0.537254901960784 0.494584837545126
0.541176470588235 0.496402877697842
0.545098039215686 0.498207885304659
0.545098039215686 0.496428571428571
0.545098039215686 0.494661921708185
0.545098039215686 0.49290780141844
0.549019607843137 0.49469964664311
0.552941176470588 0.496478873239437
0.556862745098039 0.498245614035088
0.56078431372549 0.5
0.564705882352941 0.501742160278746
0.564705882352941 0.5
0.568627450980392 0.501730103806228
0.572549019607843 0.503448275862069
0.576470588235294 0.505154639175258
0.580392156862745 0.506849315068493
0.580392156862745 0.505119453924915
0.580392156862745 0.503401360544218
0.584313725490196 0.505084745762712
0.584313725490196 0.503378378378378
0.588235294117647 0.505050505050505
0.588235294117647 0.503355704697987
0.588235294117647 0.501672240802676
0.592156862745098 0.503333333333333
0.592156862745098 0.501661129568106
0.596078431372549 0.503311258278146
0.596078431372549 0.501650165016502
0.596078431372549 0.5
0.6 0.501639344262295
0.6 0.5
0.603921568627451 0.501628664495114
0.603921568627451 0.5
0.607843137254902 0.501618122977346
0.611764705882353 0.503225806451613
0.611764705882353 0.501607717041801
0.615686274509804 0.503205128205128
0.619607843137255 0.504792332268371
0.623529411764706 0.506369426751592
0.623529411764706 0.504761904761905
0.623529411764706 0.503164556962025
0.627450980392157 0.504731861198738
0.631372549019608 0.506289308176101
0.635294117647059 0.507836990595611
0.635294117647059 0.50625
0.63921568627451 0.507788161993769
0.643137254901961 0.509316770186335
0.647058823529412 0.510835913312694
0.650980392156863 0.512345679012346
0.650980392156863 0.510769230769231
0.654901960784314 0.512269938650307
0.654901960784314 0.510703363914373
0.658823529411765 0.51219512195122
0.658823529411765 0.51063829787234
0.658823529411765 0.509090909090909
0.662745098039216 0.510574018126888
0.666666666666667 0.512048192771084
0.666666666666667 0.510510510510511
0.666666666666667 0.508982035928144
0.666666666666667 0.507462686567164
0.670588235294118 0.508928571428571
0.670588235294118 0.507418397626113
0.674509803921569 0.50887573964497
0.67843137254902 0.510324483775811
0.67843137254902 0.508823529411765
0.682352941176471 0.510263929618768
0.686274509803922 0.511695906432749
0.686274509803922 0.510204081632653
0.690196078431373 0.511627906976744
0.694117647058824 0.51304347826087
0.694117647058824 0.511560693641618
0.698039215686274 0.512968299711816
0.698039215686274 0.511494252873563
0.698039215686274 0.510028653295129
0.698039215686274 0.508571428571429
0.701960784313725 0.50997150997151
0.701960784313725 0.508522727272727
0.705882352941177 0.509915014164306
0.705882352941177 0.508474576271186
0.705882352941177 0.507042253521127
0.705882352941177 0.50561797752809
0.709803921568627 0.507002801120448
0.713725490196078 0.508379888268156
0.717647058823529 0.50974930362117
0.72156862745098 0.511111111111111
0.725490196078431 0.512465373961219
0.725490196078431 0.511049723756906
0.729411764705882 0.512396694214876
0.729411764705882 0.510989010989011
0.733333333333333 0.512328767123288
0.733333333333333 0.510928961748634
0.737254901960784 0.512261580381471
0.741176470588235 0.513586956521739
0.745098039215686 0.514905149051491
0.749019607843137 0.516216216216216
0.749019607843137 0.514824797843666
0.749019607843137 0.513440860215054
0.749019607843137 0.512064343163539
0.752941176470588 0.513368983957219
0.752941176470588 0.512
0.756862745098039 0.513297872340426
0.76078431372549 0.514588859416446
0.764705882352941 0.515873015873016
0.764705882352941 0.514511873350924
0.764705882352941 0.513157894736842
0.768627450980392 0.514435695538058
0.768627450980392 0.513089005235602
0.768627450980392 0.511749347258486
0.768627450980392 0.510416666666667
0.772549019607843 0.511688311688312
0.776470588235294 0.512953367875648
0.780392156862745 0.51421188630491
0.780392156862745 0.512886597938144
0.784313725490196 0.51413881748072
0.788235294117647 0.515384615384615
0.792156862745098 0.516624040920716
0.796078431372549 0.517857142857143
0.796078431372549 0.516539440203562
0.796078431372549 0.515228426395939
0.796078431372549 0.513924050632911
0.8 0.515151515151515
0.8 0.513853904282116
0.803921568627451 0.515075376884422
0.807843137254902 0.516290726817043
0.811764705882353 0.5175
0.811764705882353 0.516209476309227
0.815686274509804 0.517412935323383
0.819607843137255 0.518610421836228
0.819607843137255 0.517326732673267
0.823529411764706 0.518518518518518
0.823529411764706 0.517241379310345
0.823529411764706 0.515970515970516
0.827450980392157 0.517156862745098
0.827450980392157 0.515892420537897
0.831372549019608 0.517073170731707
0.831372549019608 0.515815085158151
0.831372549019608 0.514563106796116
0.831372549019608 0.513317191283293
0.831372549019608 0.51207729468599
0.835294117647059 0.513253012048193
0.835294117647059 0.512019230769231
0.835294117647059 0.510791366906475
0.835294117647059 0.509569377990431
0.83921568627451 0.510739856801909
0.843137254901961 0.511904761904762
0.843137254901961 0.510688836104513
0.847058823529412 0.511848341232227
0.847058823529412 0.51063829787234
0.850980392156863 0.511792452830189
0.850980392156863 0.510588235294118
0.854901960784314 0.511737089201878
0.858823529411765 0.51288056206089
0.858823529411765 0.511682242990654
0.862745098039216 0.512820512820513
0.866666666666667 0.513953488372093
0.870588235294118 0.51508120649652
0.870588235294118 0.513888888888889
0.870588235294118 0.51270207852194
0.874509803921569 0.513824884792627
0.87843137254902 0.514942528735632
0.882352941176471 0.51605504587156
0.882352941176471 0.51487414187643
0.886274509803922 0.515981735159817
0.890196078431372 0.517084282460137
0.890196078431372 0.515909090909091
0.890196078431372 0.514739229024943
0.894117647058824 0.515837104072398
0.894117647058824 0.514672686230248
0.894117647058824 0.513513513513513
0.898039215686275 0.514606741573034
0.901960784313726 0.515695067264574
0.905882352941176 0.516778523489933
0.909803921568627 0.517857142857143
0.909803921568627 0.516703786191537
0.909803921568627 0.515555555555556
0.909803921568627 0.514412416851441
0.909803921568627 0.513274336283186
0.913725490196078 0.514348785871965
0.913725490196078 0.513215859030837
0.917647058823529 0.514285714285714
0.92156862745098 0.515350877192982
0.92156862745098 0.514223194748359
0.92156862745098 0.513100436681223
0.92156862745098 0.5119825708061
0.92156862745098 0.510869565217391
0.925490196078431 0.511930585683297
0.929411764705882 0.512987012987013
0.929411764705882 0.511879049676026
0.929411764705882 0.510775862068966
0.929411764705882 0.509677419354839
0.929411764705882 0.508583690987124
0.933333333333333 0.509635974304068
0.937254901960784 0.510683760683761
0.937254901960784 0.509594882729211
0.941176470588235 0.51063829787234
0.945098039215686 0.511677282377919
0.949019607843137 0.51271186440678
0.952941176470588 0.513742071881607
0.952941176470588 0.512658227848101
0.952941176470588 0.511578947368421
0.956862745098039 0.512605042016807
0.96078431372549 0.513626834381551
0.964705882352941 0.514644351464435
0.964705882352941 0.51356993736952
0.964705882352941 0.5125
0.964705882352941 0.511434511434511
0.964705882352941 0.510373443983402
0.968627450980392 0.511387163561077
0.972549019607843 0.512396694214876
0.976470588235294 0.51340206185567
0.976470588235294 0.512345679012346
0.976470588235294 0.51129363449692
0.980392156862745 0.512295081967213
0.980392156862745 0.511247443762781
0.980392156862745 0.510204081632653
0.980392156862745 0.509164969450102
0.980392156862745 0.508130081300813
0.980392156862745 0.50709939148073
0.980392156862745 0.506072874493927
0.980392156862745 0.505050505050505
0.984313725490196 0.506048387096774
0.988235294117647 0.507042253521127
0.988235294117647 0.506024096385542
0.988235294117647 0.50501002004008
0.992156862745098 0.506
0.992156862745098 0.50499001996008
0.992156862745098 0.50398406374502
0.996078431372549 0.504970178926441
0.996078431372549 0.503968253968254
0.996078431372549 0.502970297029703
1 0.50395256916996
1 0.502958579881657
1 0.501968503937008
1 0.50098231827112
1 0.5
