0 NA
0 0
0.00136798905608755 0.5
0.0027359781121751 0.666666666666667
0.0027359781121751 0.5
0.00410396716826265 0.6
0.00410396716826265 0.5
0.00410396716826265 0.428571428571429
0.00547195622435021 0.5
0.00547195622435021 0.444444444444444
0.00547195622435021 0.4
0.00547195622435021 0.363636363636364
0.00547195622435021 0.333333333333333
0.00683994528043776 0.384615384615385
0.00683994528043776 0.357142857142857
0.00683994528043776 0.333333333333333
0.00820793433652531 0.375
0.00820793433652531 0.352941176470588
0.00957592339261286 0.388888888888889
0.0109439124487004 0.421052631578947
0.012311901504788 0.45
0.012311901504788 0.428571428571429
0.0136798905608755 0.454545454545455
0.0136798905608755 0.434782608695652
0.0136798905608755 0.416666666666667
0.0136798905608755 0.4
0.0136798905608755 0.384615384615385
0.0136798905608755 0.37037037037037
0.0136798905608755 0.357142857142857
0.0150478796169631 0.379310344827586
0.0164158686730506 0.4
0.0164158686730506 0.387096774193548
0.0177838577291382 0.40625
0.0191518467852257 0.424242424242424
0.0191518467852257 0.411764705882353
0.0205198358413133 0.428571428571429
0.0205198358413133 0.416666666666667
0.0218878248974008 0.432432432432432
0.0218878248974008 0.421052631578947
0.0232558139534884 0.435897435897436
0.0232558139534884 0.425
0.0246238030095759 0.439024390243902
0.0246238030095759 0.428571428571429
0.0246238030095759 0.418604651162791
0.0246238030095759 0.409090909090909
0.0246238030095759 0.4
0.0259917920656635 0.41304347826087
0.027359781121751 0.425531914893617
0.0287277701778386 0.4375
0.0287277701778386 0.428571428571429
0.0287277701778386 0.42
0.0287277701778386 0.411764705882353
0.0287277701778386 0.403846153846154
0.0287277701778386 0.39622641509434
0.0287277701778386 0.388888888888889
0.0287277701778386 0.381818181818182
0.0287277701778386 0.375
0.0300957592339261 0.385964912280702
0.0300957592339261 0.379310344827586
0.0314637482900137 0.389830508474576
0.0328317373461012 0.4
0.0341997264021888 0.409836065573771
0.0341997264021888 0.403225806451613
0.0341997264021888 0.396825396825397
0.0341997264021888 0.390625
0.0341997264021888 0.384615384615385
0.0341997264021888 0.378787878787879
0.0341997264021888 0.373134328358209
0.0341997264021888 0.367647058823529
0.0341997264021888 0.36231884057971
0.0355677154582763 0.371428571428571
0.0355677154582763 0.366197183098592
0.0355677154582763 0.361111111111111
0.0355677154582763 0.356164383561644
0.0369357045143639 0.364864864864865
0.0369357045143639 0.36
0.0369357045143639 0.355263157894737
0.0383036935704514 0.363636363636364
0.0383036935704514 0.358974358974359
0.0383036935704514 0.354430379746835
0.0383036935704514 0.35
0.0383036935704514 0.345679012345679
0.039671682626539 0.353658536585366
0.039671682626539 0.349397590361446
0.0410396716826265 0.357142857142857
0.0410396716826265 0.352941176470588
0.0410396716826265 0.348837209302326
0.0424076607387141 0.35632183908046
0.0424076607387141 0.352272727272727
0.0424076607387141 0.348314606741573
0.0424076607387141 0.344444444444444
0.0424076607387141 0.340659340659341
0.0437756497948016 0.347826086956522
0.0437756497948016 0.344086021505376
0.0437756497948016 0.340425531914894
0.0451436388508892 0.347368421052632
0.0465116279069767 0.354166666666667
0.0465116279069767 0.350515463917526
0.0465116279069767 0.346938775510204
0.0478796169630643 0.353535353535354
0.0478796169630643 0.35
0.0478796169630643 0.346534653465347
0.0478796169630643 0.343137254901961
0.0478796169630643 0.339805825242718
0.0478796169630643 0.336538461538462
0.0492476060191518 0.342857142857143
0.0492476060191518 0.339622641509434
0.0492476060191518 0.336448598130841
0.0492476060191518 0.333333333333333
0.0506155950752394 0.339449541284404
0.0519835841313269 0.345454545454545
0.0519835841313269 0.342342342342342
0.0519835841313269 0.339285714285714
0.0519835841313269 0.336283185840708
0.0519835841313269 0.333333333333333
0.0519835841313269 0.330434782608696
0.0533515731874145 0.336206896551724
0.0533515731874145 0.333333333333333
0.0547195622435021 0.338983050847458
0.0560875512995896 0.34453781512605
0.0574555403556772 0.35
0.0574555403556772 0.347107438016529
0.0588235294117647 0.352459016393443
0.0588235294117647 0.349593495934959
0.0601915184678523 0.354838709677419
0.0601915184678523 0.352
0.0615595075239398 0.357142857142857
0.0615595075239398 0.354330708661417
0.0615595075239398 0.3515625
0.0629274965800274 0.356589147286822
0.0642954856361149 0.361538461538462
0.0642954856361149 0.358778625954198
0.0656634746922025 0.363636363636364
0.0656634746922025 0.360902255639098
0.06703146374829 0.365671641791045
0.0683994528043776 0.37037037037037
0.0697674418604651 0.375
0.0697674418604651 0.372262773722628
0.0711354309165527 0.376811594202899
0.0725034199726402 0.381294964028777
0.0725034199726402 0.378571428571429
0.0725034199726402 0.375886524822695
0.0738714090287278 0.380281690140845
0.0738714090287278 0.377622377622378
0.0738714090287278 0.375
0.0738714090287278 0.372413793103448
0.0738714090287278 0.36986301369863
0.0738714090287278 0.36734693877551
0.0752393980848153 0.371621621621622
0.0766073871409029 0.375838926174497
0.0779753761969904 0.38
0.0779753761969904 0.377483443708609
0.0779753761969904 0.375
0.079343365253078 0.379084967320261
0.0807113543091655 0.383116883116883
0.0820793433652531 0.387096774193548
0.0820793433652531 0.384615384615385
0.0820793433652531 0.382165605095541
0.0820793433652531 0.379746835443038
0.0834473324213406 0.383647798742138
0.0848153214774282 0.3875
0.0861833105335157 0.391304347826087
0.0875512995896033 0.395061728395062
0.0875512995896033 0.392638036809816
0.0875512995896033 0.390243902439024
0.0889192886456908 0.393939393939394
0.0889192886456908 0.391566265060241
0.0902872777017784 0.395209580838323
0.0916552667578659 0.398809523809524
0.0916552667578659 0.396449704142012
0.0916552667578659 0.394117647058824
0.0930232558139535 0.39766081871345
0.094391244870041 0.401162790697674
0.094391244870041 0.398843930635838
0.094391244870041 0.396551724137931
0.0957592339261286 0.4
0.0957592339261286 0.397727272727273
0.0957592339261286 0.395480225988701
0.0971272229822161 0.398876404494382
0.0984952120383037 0.402234636871508
0.0984952120383037 0.4
0.0984952120383037 0.397790055248619
0.0998632010943912 0.401098901098901
0.0998632010943912 0.398907103825137
0.0998632010943912 0.396739130434783
0.101231190150479 0.4
0.101231190150479 0.397849462365591
0.101231190150479 0.39572192513369
0.101231190150479 0.393617021276596
0.101231190150479 0.391534391534392
0.101231190150479 0.389473684210526
0.101231190150479 0.387434554973822
0.102599179206566 0.390625
0.102599179206566 0.38860103626943
0.102599179206566 0.38659793814433
0.102599179206566 0.384615384615385
0.102599179206566 0.38265306122449
0.102599179206566 0.380710659898477
0.103967168262654 0.383838383838384
0.103967168262654 0.381909547738693
0.105335157318741 0.385
0.105335157318741 0.383084577114428
0.105335157318741 0.381188118811881
0.105335157318741 0.379310344827586
0.105335157318741 0.377450980392157
0.106703146374829 0.380487804878049
0.108071135430917 0.383495145631068
0.109439124487004 0.386473429951691
0.110807113543092 0.389423076923077
0.112175102599179 0.392344497607655
0.113543091655267 0.395238095238095
0.113543091655267 0.393364928909953
0.113543091655267 0.391509433962264
0.114911080711354 0.394366197183099
0.114911080711354 0.392523364485981
0.116279069767442 0.395348837209302
0.117647058823529 0.398148148148148
0.117647058823529 0.3963133640553
0.119015047879617 0.399082568807339
0.120383036935705 0.401826484018265
0.121751025991792 0.404545454545455
0.12311901504788 0.407239819004525
0.12311901504788 0.405405405405405
0.12311901504788 0.403587443946188
0.12311901504788 0.401785714285714
0.12311901504788 0.4
0.124487004103967 0.402654867256637
0.125854993160055 0.405286343612335
0.12859097127223 0.410480349344978
0.129958960328317 0.41304347826087
0.129958960328317 0.411255411255411
0.129958960328317 0.40948275862069
0.131326949384405 0.412017167381974
0.132694938440492 0.414529914529915
0.13406292749658 0.417021276595745
0.13406292749658 0.415254237288136
0.13406292749658 0.413502109704641
0.13406292749658 0.411764705882353
0.13406292749658 0.410041841004184
0.13406292749658 0.408333333333333
0.135430916552668 0.410788381742739
0.136798905608755 0.413223140495868
0.136798905608755 0.411522633744856
0.136798905608755 0.409836065573771
0.138166894664843 0.412244897959184
0.13953488372093 0.414634146341463
0.140902872777018 0.417004048582996
0.140902872777018 0.415322580645161
0.142270861833105 0.416
0.143638850889193 0.418326693227092
0.14500683994528 0.420634920634921
0.146374829001368 0.422924901185771
0.147742818057456 0.425196850393701
0.149110807113543 0.427450980392157
0.150478796169631 0.4296875
0.150478796169631 0.428015564202335
0.150478796169631 0.426356589147287
0.151846785225718 0.428571428571429
0.153214774281806 0.430769230769231
0.153214774281806 0.42911877394636
0.153214774281806 0.427480916030534
0.154582763337893 0.429657794676806
0.155950752393981 0.431818181818182
0.155950752393981 0.430188679245283
0.157318741450068 0.432330827067669
0.157318741450068 0.430711610486891
0.158686730506156 0.432835820895522
0.158686730506156 0.431226765799257
0.158686730506156 0.42962962962963
0.158686730506156 0.428044280442804
0.158686730506156 0.426470588235294
0.160054719562244 0.428571428571429
0.160054719562244 0.427007299270073
0.161422708618331 0.429090909090909
0.161422708618331 0.427536231884058
0.162790697674419 0.429602888086643
0.164158686730506 0.431654676258993
0.165526675786594 0.433691756272401
0.166894664842681 0.435714285714286
0.166894664842681 0.434163701067616
0.166894664842681 0.432624113475177
0.168262653898769 0.434628975265018
0.168262653898769 0.433098591549296
0.169630642954856 0.435087719298246
0.170998632010944 0.437062937062937
0.172366621067031 0.439024390243902
0.173734610123119 0.440972222222222
0.175102599179207 0.442906574394464
0.175102599179207 0.441379310344828
0.175102599179207 0.439862542955326
0.175102599179207 0.438356164383562
0.175102599179207 0.436860068259386
0.176470588235294 0.438775510204082
0.176470588235294 0.43728813559322
0.176470588235294 0.435810810810811
0.177838577291382 0.437710437710438
0.179206566347469 0.439597315436242
0.180574555403557 0.441471571906354
0.180574555403557 0.44
0.180574555403557 0.438538205980066
0.181942544459644 0.440397350993377
0.183310533515732 0.442244224422442
0.183310533515732 0.440789473684211
0.184678522571819 0.442622950819672
0.184678522571819 0.441176470588235
0.184678522571819 0.439739413680782
0.184678522571819 0.438311688311688
0.184678522571819 0.436893203883495
0.184678522571819 0.435483870967742
0.186046511627907 0.437299035369775
0.187414500683995 0.439102564102564
0.187414500683995 0.437699680511182
0.187414500683995 0.436305732484076
0.187414500683995 0.434920634920635
0.187414500683995 0.433544303797468
0.188782489740082 0.435331230283912
0.19015047879617 0.437106918238994
0.191518467852257 0.438871473354232
0.191518467852257 0.4375
0.192886456908345 0.439252336448598
0.192886456908345 0.437888198757764
0.192886456908345 0.436532507739938
0.192886456908345 0.435185185185185
0.192886456908345 0.433846153846154
0.194254445964432 0.43558282208589
0.19562243502052 0.437308868501529
0.19562243502052 0.435975609756098
0.19562243502052 0.434650455927052
0.19562243502052 0.433333333333333
0.19562243502052 0.43202416918429
0.196990424076607 0.433734939759036
0.196990424076607 0.432432432432432
0.198358413132695 0.434131736526946
0.199726402188782 0.435820895522388
0.199726402188782 0.43452380952381
0.20109439124487 0.43620178041543
0.20109439124487 0.43491124260355
0.20109439124487 0.433628318584071
0.20109439124487 0.432352941176471
0.202462380300958 0.434017595307918
0.203830369357045 0.435672514619883
0.205198358413133 0.43731778425656
0.205198358413133 0.436046511627907
0.20656634746922 0.43768115942029
0.20656634746922 0.436416184971098
0.207934336525308 0.438040345821326
0.209302325581395 0.439655172413793
0.209302325581395 0.438395415472779
0.210670314637483 0.44
0.210670314637483 0.438746438746439
0.210670314637483 0.4375
0.21203830369357 0.439093484419263
0.213406292749658 0.440677966101695
0.213406292749658 0.43943661971831
0.214774281805746 0.441011235955056
0.214774281805746 0.439775910364146
0.216142270861833 0.441340782122905
0.217510259917921 0.442896935933148
0.217510259917921 0.441666666666667
0.217510259917921 0.440443213296399
0.217510259917921 0.439226519337017
0.218878248974008 0.440771349862259
0.220246238030096 0.442307692307692
0.221614227086183 0.443835616438356
0.221614227086183 0.442622950819672
0.222982216142271 0.444141689373297
0.222982216142271 0.442934782608696
0.224350205198358 0.444444444444444
0.224350205198358 0.443243243243243
0.224350205198358 0.442048517520216
0.224350205198358 0.440860215053763
0.225718194254446 0.442359249329759
0.227086183310534 0.443850267379679
0.227086183310534 0.442666666666667
0.227086183310534 0.441489361702128
0.228454172366621 0.442970822281167
0.228454172366621 0.441798941798942
0.228454172366621 0.440633245382586
0.228454172366621 0.439473684210526
0.228454172366621 0.438320209973753
0.228454172366621 0.43717277486911
0.228454172366621 0.436031331592689
0.228454172366621 0.434895833333333
0.229822161422709 0.436363636363636
0.231190150478796 0.437823834196891
0.232558139534884 0.439276485788114
0.232558139534884 0.438144329896907
0.232558139534884 0.437017994858612
0.232558139534884 0.435897435897436
0.232558139534884 0.434782608695652
0.232558139534884 0.433673469387755
0.232558139534884 0.432569974554707
0.232558139534884 0.431472081218274
0.233926128590971 0.432911392405063
0.235294117647059 0.434343434343434
0.235294117647059 0.433249370277078
0.236662106703146 0.434673366834171
0.238030095759234 0.43609022556391
0.239398084815321 0.4375
0.240766073871409 0.438902743142145
0.242134062927497 0.440298507462687
0.242134062927497 0.439205955334988
0.243502051983584 0.440594059405941
0.243502051983584 0.439506172839506
0.243502051983584 0.438423645320197
0.244870041039672 0.43980343980344
0.244870041039672 0.438725490196078
0.246238030095759 0.440097799511002
0.246238030095759 0.439024390243902
0.246238030095759 0.437956204379562
0.246238030095759 0.436893203883495
0.246238030095759 0.435835351089588
0.246238030095759 0.434782608695652
0.247606019151847 0.436144578313253
0.247606019151847 0.435096153846154
0.248974008207934 0.436450839328537
0.250341997264022 0.437799043062201
0.250341997264022 0.436754176610979
0.250341997264022 0.435714285714286
0.251709986320109 0.437054631828979
0.253077975376197 0.438388625592417
0.254445964432285 0.439716312056738
0.255813953488372 0.441037735849057
0.255813953488372 0.44
0.25718194254446 0.44131455399061
0.25718194254446 0.440281030444965
0.258549931600547 0.441588785046729
0.259917920656635 0.442890442890443
0.261285909712722 0.444186046511628
0.26265389876881 0.445475638051044
0.26265389876881 0.444444444444444
0.264021887824897 0.445727482678984
0.265389876880985 0.447004608294931
0.265389876880985 0.445977011494253
0.266757865937073 0.447247706422018
0.266757865937073 0.446224256292906
0.26812585499316 0.447488584474886
0.269493844049248 0.44874715261959
0.269493844049248 0.447727272727273
0.269493844049248 0.44671201814059
0.269493844049248 0.445701357466063
0.269493844049248 0.444695259593679
0.270861833105335 0.445945945945946
0.272229822161423 0.447191011235955
0.272229822161423 0.446188340807175
0.27359781121751 0.447427293064877
0.274965800273598 0.448660714285714
0.274965800273598 0.447661469933185
0.276333789329685 0.448888888888889
0.276333789329685 0.447893569844789
0.276333789329685 0.446902654867257
0.276333789329685 0.445916114790287
0.277701778385773 0.447136563876652
0.277701778385773 0.446153846153846
0.277701778385773 0.445175438596491
0.277701778385773 0.444201312910284
0.27906976744186 0.445414847161572
0.280437756497948 0.446623093681917
0.280437756497948 0.445652173913043
0.280437756497948 0.44468546637744
0.281805745554036 0.445887445887446
0.283173734610123 0.447084233261339
0.283173734610123 0.446120689655172
0.284541723666211 0.447311827956989
0.285909712722298 0.448497854077253
0.285909712722298 0.447537473233405
0.287277701778386 0.448717948717949
0.287277701778386 0.447761194029851
0.287277701778386 0.446808510638298
0.288645690834473 0.447983014861996
0.290013679890561 0.449152542372881
0.291381668946648 0.450317124735729
0.292749658002736 0.451476793248945
0.292749658002736 0.450526315789474
0.292749658002736 0.449579831932773
0.294117647058824 0.450733752620545
0.295485636114911 0.451882845188285
0.296853625170999 0.453027139874739
0.298221614227086 0.454166666666667
0.299589603283174 0.455301455301455
0.299589603283174 0.454356846473029
0.299589603283174 0.453416149068323
0.299589603283174 0.452479338842975
0.300957592339261 0.45360824742268
0.302325581395349 0.454732510288066
0.302325581395349 0.453798767967146
0.303693570451436 0.454918032786885
0.303693570451436 0.45398773006135
0.303693570451436 0.453061224489796
0.305061559507524 0.454175152749491
0.305061559507524 0.453252032520325
0.305061559507524 0.452332657200811
0.305061559507524 0.451417004048583
0.306429548563611 0.452525252525253
0.307797537619699 0.453629032258065
0.309165526675787 0.454728370221328
0.310533515731874 0.455823293172691
0.311901504787962 0.456913827655311
0.313269493844049 0.458
0.314637482900137 0.459081836327345
0.316005471956224 0.460159362549801
0.317373461012312 0.461232604373757
0.317373461012312 0.46031746031746
0.317373461012312 0.459405940594059
0.317373461012312 0.458498023715415
0.317373461012312 0.457593688362919
0.318741450068399 0.458661417322835
0.318741450068399 0.457760314341847
0.318741450068399 0.456862745098039
0.320109439124487 0.457925636007828
0.320109439124487 0.45703125
0.321477428180575 0.458089668615984
0.321477428180575 0.457198443579767
0.321477428180575 0.456310679611651
0.321477428180575 0.455426356589147
0.321477428180575 0.454545454545455
0.322845417236662 0.455598455598456
0.322845417236662 0.454720616570328
0.32421340629275 0.455769230769231
0.32421340629275 0.45489443378119
0.32421340629275 0.454022988505747
0.325581395348837 0.455066921606119
0.326949384404925 0.456106870229008
0.328317373461012 0.457142857142857
0.3296853625171 0.458174904942966
0.331053351573187 0.459203036053131
0.332421340629275 0.460227272727273
0.332421340629275 0.459357277882798
0.332421340629275 0.458490566037736
0.333789329685363 0.459510357815443
0.333789329685363 0.458646616541353
0.33515731874145 0.459662288930582
0.336525307797538 0.460674157303371
0.336525307797538 0.45981308411215
0.336525307797538 0.458955223880597
0.336525307797538 0.458100558659218
0.337893296853625 0.45910780669145
0.339261285909713 0.460111317254174
0.339261285909713 0.459259259259259
0.3406292749658 0.460258780036969
0.3406292749658 0.459409594095941
0.341997264021888 0.460405156537753
0.341997264021888 0.459558823529412
0.343365253077975 0.460550458715596
0.344733242134063 0.461538461538462
0.34610123119015 0.462522851919561
0.347469220246238 0.463503649635036
0.348837209302326 0.46448087431694
0.350205198358413 0.465454545454545
0.351573187414501 0.466424682395644
0.351573187414501 0.465579710144928
0.352941176470588 0.466546112115732
0.354309165526676 0.467509025270758
0.355677154582763 0.468468468468468
0.355677154582763 0.467625899280576
0.355677154582763 0.466786355475763
0.355677154582763 0.46594982078853
0.355677154582763 0.465116279069767
0.357045143638851 0.466071428571429
0.358413132694938 0.467023172905526
0.358413132694938 0.466192170818505
0.358413132694938 0.465364120781528
0.359781121751026 0.466312056737589
0.361149110807114 0.467256637168142
0.362517099863201 0.468197879858657
0.362517099863201 0.467372134038801
0.363885088919289 0.46830985915493
0.363885088919289 0.467486818980668
0.363885088919289 0.466666666666667
0.363885088919289 0.46584938704028
0.365253077975376 0.466783216783217
0.365253077975376 0.465968586387435
0.366621067031464 0.466898954703833
0.366621067031464 0.466086956521739
0.366621067031464 0.465277777777778
0.366621067031464 0.464471403812825
0.366621067031464 0.463667820069204
0.367989056087551 0.464594127806563
0.369357045143639 0.46551724137931
0.369357045143639 0.464716006884682
0.369357045143639 0.463917525773196
0.370725034199726 0.46483704974271
0.370725034199726 0.464041095890411
0.370725034199726 0.463247863247863
0.372093023255814 0.464163822525597
0.372093023255814 0.463373083475298
0.373461012311901 0.464285714285714
0.374829001367989 0.464406779661017
0.374829001367989 0.463620981387479
0.376196990424077 0.464527027027027
0.377564979480164 0.465430016863406
0.377564979480164 0.464646464646465
0.378932968536252 0.465546218487395
0.380300957592339 0.466442953020134
0.380300957592339 0.465661641541039
0.381668946648427 0.466555183946488
0.383036935704514 0.467445742904841
0.383036935704514 0.466666666666667
0.384404924760602 0.467554076539101
0.385772913816689 0.46843853820598
0.385772913816689 0.467661691542289
0.385772913816689 0.466887417218543
0.385772913816689 0.466115702479339
0.385772913816689 0.465346534653465
0.385772913816689 0.464579901153213
0.387140902872777 0.465460526315789
0.388508891928865 0.466338259441708
0.388508891928865 0.465573770491803
0.389876880984952 0.466448445171849
0.39124487004104 0.467320261437909
0.39124487004104 0.466557911908646
0.392612859097127 0.46742671009772
0.393980848153215 0.468292682926829
0.393980848153215 0.467532467532468
0.393980848153215 0.46677471636953
0.395348837209302 0.467637540453074
0.39671682626539 0.468497576736672
0.39671682626539 0.467741935483871
0.398084815321477 0.468599033816425
0.398084815321477 0.467845659163987
0.398084815321477 0.467094703049759
0.399452804377565 0.467948717948718
0.400820793433653 0.4688
0.40218878248974 0.469648562300319
0.403556771545828 0.470494417862839
0.403556771545828 0.469745222929936
0.404924760601915 0.470588235294118
0.404924760601915 0.46984126984127
0.406292749658003 0.47068145800317
0.406292749658003 0.46993670886076
0.406292749658003 0.469194312796209
0.406292749658003 0.468454258675079
0.406292749658003 0.467716535433071
0.40766073871409 0.468553459119497
0.409028727770178 0.469387755102041
0.410396716826265 0.470219435736677
0.410396716826265 0.469483568075117
0.410396716826265 0.46875
0.410396716826265 0.46801872074883
0.411764705882353 0.468847352024922
0.413132694938441 0.469673405909798
0.414500683994528 0.470496894409938
0.414500683994528 0.469767441860465
0.415868673050616 0.470588235294118
0.417236662106703 0.471406491499227
0.417236662106703 0.470679012345679
0.417236662106703 0.469953775038521
0.417236662106703 0.469230769230769
0.417236662106703 0.468509984639017
0.418604651162791 0.469325153374233
0.419972640218878 0.470137825421133
0.421340629274966 0.470948012232416
0.421340629274966 0.470229007633588
0.422708618331053 0.471036585365854
0.422708618331053 0.470319634703196
0.422708618331053 0.469604863221884
0.422708618331053 0.468892261001517
0.422708618331053 0.468181818181818
0.422708618331053 0.467473524962179
0.424076607387141 0.468277945619335
0.425444596443228 0.469079939668175
0.426812585499316 0.469879518072289
0.426812585499316 0.469172932330827
0.426812585499316 0.468468468468468
0.428180574555404 0.469265367316342
0.429548563611491 0.470059880239521
0.430916552667579 0.47085201793722
0.430916552667579 0.470149253731343
0.430916552667579 0.469448584202683
0.430916552667579 0.46875
0.432284541723666 0.469539375928678
0.433652530779754 0.470326409495549
0.433652530779754 0.46962962962963
0.435020519835841 0.470414201183432
0.436388508891929 0.471196454948301
0.436388508891929 0.470501474926254
0.437756497948016 0.471281296023564
0.439124487004104 0.472058823529412
0.439124487004104 0.47136563876652
0.439124487004104 0.470674486803519
0.439124487004104 0.469985358711567
0.439124487004104 0.469298245614035
0.440492476060192 0.47007299270073
0.440492476060192 0.469387755102041
0.441860465116279 0.470160116448326
0.441860465116279 0.469476744186047
0.441860465116279 0.468795355587808
0.441860465116279 0.468115942028985
0.441860465116279 0.467438494934877
0.443228454172367 0.468208092485549
0.444596443228454 0.468975468975469
0.444596443228454 0.468299711815562
0.445964432284542 0.469064748201439
0.447332421340629 0.469827586206897
0.447332421340629 0.469153515064562
0.448700410396717 0.469914040114613
0.450068399452804 0.470672389127325
0.450068399452804 0.47
0.451436388508892 0.470756062767475
0.452804377564979 0.471509971509972
0.454172366621067 0.47226173541963
0.455540355677155 0.473011363636364
0.456908344733242 0.473758865248227
0.45827633378933 0.474504249291785
0.459644322845417 0.475247524752475
0.461012311901505 0.475988700564972
0.461012311901505 0.475317348377997
0.462380300957592 0.476056338028169
0.462380300957592 0.475386779184248
0.462380300957592 0.474719101123595
0.462380300957592 0.474053295932679
0.46374829001368 0.474789915966387
0.46374829001368 0.474125874125874
0.465116279069767 0.474860335195531
0.466484268125855 0.475592747559275
0.467852257181943 0.476323119777159
0.467852257181943 0.475660639777469
0.46922024623803 0.476388888888889
0.46922024623803 0.475728155339806
0.471956224350205 0.477178423236515
0.471956224350205 0.476519337016575
0.471956224350205 0.475862068965517
0.471956224350205 0.475206611570248
0.471956224350205 0.47455295735901
0.471956224350205 0.473901098901099
0.471956224350205 0.473251028806584
0.471956224350205 0.472602739726027
0.473324213406293 0.473324213406293
0.47469220246238 0.474043715846995
0.47469220246238 0.473396998635744
0.476060191518468 0.474114441416894
0.477428180574555 0.474829931972789
0.477428180574555 0.474184782608696
0.477428180574555 0.473541383989145
0.477428180574555 0.47289972899729
0.477428180574555 0.472259810554804
0.477428180574555 0.471621621621622
0.477428180574555 0.470985155195682
0.477428180574555 0.470350404312668
0.478796169630643 0.471063257065949
0.478796169630643 0.470430107526882
0.478796169630643 0.469798657718121
0.480164158686731 0.470509383378016
0.481532147742818 0.471218206157965
0.481532147742818 0.470588235294118
0.482900136798906 0.471295060080107
0.482900136798906 0.470666666666667
0.484268125854993 0.471371504660453
0.485636114911081 0.472074468085106
0.485636114911081 0.471447543160691
0.487004103967168 0.472148541114058
0.488372093023256 0.472847682119205
0.489740082079343 0.473544973544974
0.489740082079343 0.472919418758256
0.491108071135431 0.473614775725594
0.491108071135431 0.472990777338603
0.491108071135431 0.472368421052632
0.491108071135431 0.471747700394218
0.492476060191518 0.47244094488189
0.493844049247606 0.473132372214941
0.495212038303694 0.473821989528796
0.495212038303694 0.473202614379085
0.495212038303694 0.472584856396867
0.495212038303694 0.471968709256845
0.495212038303694 0.471354166666667
0.496580027359781 0.472041612483745
0.497948016415869 0.472727272727273
0.497948016415869 0.472114137483787
0.499316005471956 0.47279792746114
0.500683994528044 0.473479948253558
0.500683994528044 0.472868217054264
0.500683994528044 0.472258064516129
0.502051983584131 0.472938144329897
0.502051983584131 0.472329472329472
0.502051983584131 0.47172236503856
0.502051983584131 0.471116816431322
0.502051983584131 0.470512820512821
0.503419972640219 0.471190781049936
0.503419972640219 0.470588235294118
0.503419972640219 0.469987228607918
0.503419972640219 0.469387755102041
0.504787961696306 0.470063694267516
0.504787961696306 0.469465648854962
0.504787961696306 0.468869123252859
0.506155950752394 0.469543147208122
0.507523939808482 0.4702154626109
0.508891928864569 0.470886075949367
0.508891928864569 0.470290771175727
0.510259917920657 0.470959595959596
0.510259917920657 0.470365699873897
0.511627906976744 0.47103274559194
0.511627906976744 0.470440251572327
0.511627906976744 0.469849246231156
0.511627906976744 0.469259723964868
0.512995896032832 0.469924812030075
0.512995896032832 0.469336670838548
0.512995896032832 0.46875
0.514363885088919 0.469413233458177
0.514363885088919 0.468827930174564
0.514363885088919 0.468244084682441
0.514363885088919 0.467661691542289
0.514363885088919 0.467080745341615
0.514363885088919 0.466501240694789
0.514363885088919 0.465923172242875
0.515731874145007 0.466584158415842
0.515731874145007 0.466007416563659
0.515731874145007 0.465432098765432
0.515731874145007 0.464858199753391
0.517099863201094 0.46551724137931
0.517099863201094 0.464944649446494
0.517099863201094 0.464373464373464
0.518467852257182 0.465030674846626
0.51983584131327 0.465686274509804
0.51983584131327 0.465116279069767
0.51983584131327 0.464547677261614
0.51983584131327 0.463980463980464
0.521203830369357 0.464634146341463
0.521203830369357 0.464068209500609
0.522571819425445 0.464720194647202
0.523939808481532 0.465370595382746
0.523939808481532 0.464805825242718
0.523939808481532 0.464242424242424
0.523939808481532 0.463680387409201
0.523939808481532 0.463119709794438
0.52530779753762 0.463768115942029
0.52530779753762 0.463208685162847
0.526675786593707 0.463855421686747
0.528043775649795 0.464500601684717
0.528043775649795 0.463942307692308
0.528043775649795 0.463385354141657
0.529411764705882 0.464028776978417
0.529411764705882 0.463473053892216
0.53077975376197 0.464114832535885
0.532147742818057 0.464755077658303
0.532147742818057 0.464200477326969
0.533515731874145 0.464839094159714
0.533515731874145 0.464285714285714
0.533515731874145 0.463733650416171
0.533515731874145 0.463182897862233
0.534883720930233 0.463819691577699
0.53625170998632 0.464454976303318
0.53625170998632 0.463905325443787
0.537619699042408 0.464539007092199
0.538987688098495 0.46517119244392
0.540355677154583 0.465801886792453
0.540355677154583 0.465253239104829
0.540355677154583 0.464705882352941
0.540355677154583 0.464159811985899
0.54172366621067 0.464788732394366
0.54172366621067 0.464243845252052
0.54172366621067 0.463700234192037
0.54172366621067 0.463157894736842
0.543091655266758 0.463785046728972
0.543091655266758 0.463243873978997
0.544459644322845 0.463869463869464
0.544459644322845 0.463329452852154
0.544459644322845 0.462790697674419
0.545827633378933 0.463414634146341
0.547195622435021 0.464037122969838
0.548563611491108 0.464658169177289
0.549931600547196 0.465277777777778
0.549931600547196 0.464739884393064
0.549931600547196 0.464203233256351
0.549931600547196 0.463667820069204
0.551299589603283 0.464285714285714
0.552667578659371 0.464902186421174
0.552667578659371 0.464367816091954
0.552667578659371 0.463834672789897
0.552667578659371 0.463302752293578
0.554035567715458 0.463917525773196
0.554035567715458 0.463386727688787
0.554035567715458 0.462857142857143
0.554035567715458 0.462328767123288
0.554035567715458 0.461801596351197
0.554035567715458 0.46127562642369
0.555403556771546 0.46188850967008
0.556771545827633 0.4625
0.558139534883721 0.46311010215664
0.559507523939809 0.463718820861678
0.560875512995896 0.464326160815402
0.560875512995896 0.463800904977376
0.562243502051984 0.464406779661017
0.563611491108071 0.465011286681716
0.563611491108071 0.464487034949267
0.564979480164159 0.46509009009009
0.566347469220246 0.465691788526434
0.567715458276334 0.466292134831461
0.567715458276334 0.465768799102132
0.567715458276334 0.4652466367713
0.567715458276334 0.464725643896976
0.569083447332421 0.465324384787472
0.570451436388509 0.465921787709497
0.571819425444596 0.466517857142857
0.573187414500684 0.46711259754738
0.573187414500684 0.466592427616926
0.573187414500684 0.466073414905451
0.574555403556772 0.466666666666667
0.575923392612859 0.467258601553829
0.575923392612859 0.466740576496674
0.575923392612859 0.466223698781838
0.575923392612859 0.46570796460177
0.577291381668947 0.466298342541436
0.578659370725034 0.466887417218543
0.578659370725034 0.466372657111356
0.580027359781122 0.466960352422908
0.580027359781122 0.466446644664466
0.580027359781122 0.465934065934066
0.581395348837209 0.466520307354555
0.581395348837209 0.466008771929825
0.581395348837209 0.465498357064622
0.582763337893297 0.466083150984683
0.584131326949384 0.466666666666667
0.585499316005472 0.467248908296943
0.586867305061559 0.467829880043621
0.588235294117647 0.468409586056645
0.588235294117647 0.467899891186072
0.589603283173735 0.468478260869565
0.589603283173735 0.467969598262758
0.590971272229822 0.468546637744035
0.59233926128591 0.469122426868906
0.59233926128591 0.468614718614719
0.593707250341997 0.469189189189189
0.595075239398085 0.469762419006479
0.595075239398085 0.469255663430421
0.595075239398085 0.46875
0.596443228454172 0.469321851453175
0.59781121751026 0.46989247311828
0.599179206566347 0.47046186895811
0.599179206566347 0.469957081545064
0.599179206566347 0.469453376205788
0.599179206566347 0.468950749464668
0.600547195622435 0.46951871657754
0.601915184678523 0.47008547008547
0.601915184678523 0.469583778014941
0.60328317373461 0.470149253731343
0.604651162790698 0.470713525026624
0.604651162790698 0.470212765957447
0.604651162790698 0.46971307120085
0.604651162790698 0.469214437367304
0.606019151846785 0.469777306468717
0.607387140902873 0.470338983050847
0.60875512995896 0.470899470899471
0.60875512995896 0.470401691331924
0.610123119015048 0.470960929250264
0.610123119015048 0.470464135021097
0.611491108071135 0.471022128556375
0.611491108071135 0.470526315789474
0.611491108071135 0.470031545741325
0.611491108071135 0.46953781512605
0.612859097127223 0.4700944386149
0.614227086183311 0.470649895178197
0.614227086183311 0.470157068062827
0.614227086183311 0.469665271966527
0.615595075239398 0.470219435736677
0.616963064295486 0.470772442588727
0.616963064295486 0.470281543274244
0.618331053351573 0.470833333333333
0.619699042407661 0.471383975026015
0.619699042407661 0.470893970893971
0.621067031463748 0.471443406022845
0.622435020519836 0.471991701244813
0.622435020519836 0.471502590673575
0.623803009575923 0.472049689440994
0.623803009575923 0.471561530506722
0.623803009575923 0.471074380165289
0.623803009575923 0.470588235294118
0.623803009575923 0.470103092783505
0.623803009575923 0.46961894953656
0.623803009575923 0.469135802469136
0.625170998632011 0.469681397738952
0.625170998632011 0.469199178644764
0.625170998632011 0.468717948717949
0.625170998632011 0.468237704918033
0.626538987688098 0.46878198567042
0.627906976744186 0.469325153374233
0.627906976744186 0.468845760980592
0.629274965800274 0.469387755102041
0.630642954856361 0.469928644240571
0.630642954856361 0.469450101832994
0.630642954856361 0.468972533062055
0.630642954856361 0.46849593495935
0.630642954856361 0.468020304568528
0.632010943912449 0.468559837728195
0.633378932968536 0.469098277608916
0.634746922024624 0.469635627530364
0.636114911080711 0.470171890798787
0.636114911080711 0.46969696969697
0.636114911080711 0.469223007063572
0.637482900136799 0.469758064516129
0.638850889192886 0.470292044310171
0.638850889192886 0.469818913480885
0.638850889192886 0.469346733668342
0.638850889192886 0.468875502008032
0.640218878248974 0.469408224674022
0.641586867305062 0.469939879759519
0.642954856361149 0.47047047047047
0.644322845417237 0.471
0.645690834473324 0.471528471528472
0.645690834473324 0.471057884231537
0.647058823529412 0.471585244267198
0.648426812585499 0.472111553784861
0.649794801641587 0.472636815920398
0.651162790697674 0.473161033797217
0.651162790697674 0.472691161866931
0.651162790697674 0.472222222222222
0.652530779753762 0.472745292368682
0.652530779753762 0.472277227722772
0.652530779753762 0.471810089020772
0.652530779753762 0.471343873517787
0.652530779753762 0.470878578479763
0.652530779753762 0.470414201183432
0.65389876880985 0.470935960591133
0.65389876880985 0.470472440944882
0.65389876880985 0.470009832841691
0.655266757865937 0.470530451866405
0.656634746922025 0.471050049067713
0.658002735978112 0.47156862745098
0.658002735978112 0.471106758080313
0.6593707250342 0.471624266144814
0.660738714090287 0.472140762463343
0.660738714090287 0.4716796875
0.662106703146375 0.472195121951219
0.662106703146375 0.471734892787524
0.662106703146375 0.471275559883155
0.662106703146375 0.470817120622568
0.663474692202462 0.471331389698737
0.66484268125855 0.471844660194175
0.66484268125855 0.471387002909796
0.666210670314637 0.471899224806202
0.666210670314637 0.471442400774443
0.667578659370725 0.471953578336557
0.667578659370725 0.471497584541063
0.667578659370725 0.471042471042471
0.668946648426813 0.471552555448409
0.668946648426813 0.471098265895954
0.6703146374829 0.471607314725698
0.6703146374829 0.471153846153846
0.671682626538988 0.471661863592699
0.671682626538988 0.471209213051823
0.671682626538988 0.470757430488974
0.671682626538988 0.470306513409962
0.671682626538988 0.469856459330144
0.673050615595075 0.470363288718929
0.673050615595075 0.469914040114613
0.674418604651163 0.470419847328244
0.67578659370725 0.470924690181125
0.67578659370725 0.47047619047619
0.67578659370725 0.470028544243578
0.677154582763338 0.470532319391635
0.678522571819425 0.471035137701804
0.678522571819425 0.470588235294118
0.679890560875513 0.471090047393365
0.681258549931601 0.471590909090909
0.682626538987688 0.472090823084201
0.683994528043776 0.472589792060492
0.683994528043776 0.472143531633617
0.683994528043776 0.471698113207547
0.685362517099863 0.472196041470311
0.685362517099863 0.471751412429379
0.686730506155951 0.472248353715898
0.686730506155951 0.471804511278196
0.686730506155951 0.471361502347418
0.688098495212038 0.471857410881801
0.688098495212038 0.471415182755389
0.689466484268126 0.471910112359551
0.690834473324213 0.472404115996258
0.692202462380301 0.472897196261682
0.692202462380301 0.472455648926237
0.692202462380301 0.472014925373134
0.693570451436389 0.472506989748369
0.694938440492476 0.472998137802607
0.694938440492476 0.472558139534884
0.696306429548564 0.473048327137546
0.697674418604651 0.473537604456825
0.697674418604651 0.473098330241187
0.697674418604651 0.472659870250232
0.699042407660739 0.473148148148148
0.700410396716826 0.4736355226642
0.701778385772914 0.474121996303142
0.701778385772914 0.473684210526316
0.703146374829001 0.474169741697417
0.704514363885089 0.474654377880184
0.705882352941177 0.475138121546961
0.707250341997264 0.475620975160994
0.708618331053352 0.476102941176471
0.708618331053352 0.475665748393021
0.709986320109439 0.476146788990826
0.711354309165527 0.476626947754354
0.711354309165527 0.476190476190476
0.711354309165527 0.475754803293687
0.712722298221614 0.476234003656307
0.712722298221614 0.475799086757991
0.712722298221614 0.47536496350365
0.712722298221614 0.474931631722881
0.714090287277702 0.475409836065574
0.715458276333789 0.475887170154686
0.716826265389877 0.476363636363636
0.718194254445964 0.476839237057221
0.719562243502052 0.477313974591652
0.719562243502052 0.476881233000907
0.719562243502052 0.476449275362319
0.719562243502052 0.476018099547511
0.719562243502052 0.475587703435805
0.719562243502052 0.475158084914182
0.719562243502052 0.474729241877256
0.719562243502052 0.474301172227232
0.720930232558139 0.474774774774775
0.720930232558139 0.474347434743474
0.720930232558139 0.473920863309353
0.720930232558139 0.473495058400719
0.720930232558139 0.473070017953321
0.720930232558139 0.472645739910314
0.720930232558139 0.472222222222222
0.722298221614227 0.472694717994628
0.723666210670315 0.473166368515206
0.723666210670315 0.472743521000894
0.725034199726402 0.473214285714286
0.72640218878249 0.473684210526316
0.72640218878249 0.473262032085562
0.72640218878249 0.472840605520926
0.72640218878249 0.472419928825623
0.72640218878249 0.472
0.727770177838577 0.47246891651865
0.727770177838577 0.472049689440994
0.729138166894665 0.472517730496454
0.729138166894665 0.472099202834367
0.730506155950752 0.472566371681416
0.730506155950752 0.472148541114058
0.730506155950752 0.471731448763251
0.73187414500684 0.472197705207414
0.73187414500684 0.471781305114638
0.73187414500684 0.47136563876652
0.733242134062927 0.471830985915493
0.734610123119015 0.472295514511873
0.735978112175103 0.472759226713532
0.73734610123119 0.473222124670764
0.738714090287278 0.473684210526316
0.740082079343365 0.474145486415425
0.740082079343365 0.473730297723292
0.741450068399453 0.47419072615923
0.741450068399453 0.473776223776224
0.741450068399453 0.473362445414847
0.74281805745554 0.473821989528796
0.74281805745554 0.473408892763731
0.74281805745554 0.472996515679443
0.74281805745554 0.472584856396867
0.744186046511628 0.47304347826087
0.745554035567715 0.473501303214596
0.745554035567715 0.473090277777778
0.745554035567715 0.472679965307892
0.745554035567715 0.472270363951473
0.746922024623803 0.472727272727273
0.748290013679891 0.47318339100346
0.749658002735978 0.473638720829732
0.751025991792066 0.474093264248705
0.751025991792066 0.473684210526316
0.751025991792066 0.473275862068965
0.751025991792066 0.472868217054264
0.751025991792066 0.472461273666093
0.752393980848153 0.472508591065292
0.752393980848153 0.472103004291845
0.753761969904241 0.472555746140652
0.753761969904241 0.472150814053128
0.755129958960328 0.472602739726027
0.755129958960328 0.472198460222412
0.755129958960328 0.471794871794872
0.755129958960328 0.471391972672929
0.756497948016416 0.471843003412969
0.757865937072503 0.47229326513214
0.759233926128591 0.472742759795571
0.759233926128591 0.472340425531915
0.760601915184679 0.472789115646259
0.761969904240766 0.473237043330501
0.763337893296854 0.473684210526316
0.763337893296854 0.473282442748092
0.764705882352941 0.473728813559322
0.764705882352941 0.473327688399661
0.766073871409029 0.473773265651438
0.767441860465116 0.474218089602705
0.767441860465116 0.473817567567568
0.767441860465116 0.473417721518987
0.768809849521204 0.473861720067454
0.768809849521204 0.47346251053075
0.768809849521204 0.473063973063973
0.768809849521204 0.472666105971405
0.770177838577291 0.473109243697479
0.770177838577291 0.472712006717044
0.770177838577291 0.472315436241611
0.771545827633379 0.472757753562448
0.772913816689466 0.47319932998325
0.772913816689466 0.472803347280335
0.774281805745554 0.473244147157191
0.775649794801642 0.473684210526316
0.775649794801642 0.473288814691152
0.777017783857729 0.47372810675563
0.777017783857729 0.473333333333333
0.778385772913817 0.473771856786012
0.778385772913817 0.473377703826955
0.778385772913817 0.472984206151288
0.778385772913817 0.472591362126246
0.778385772913817 0.472199170124481
0.778385772913817 0.471807628524046
0.778385772913817 0.471416735708368
0.779753761969904 0.471854304635762
0.779753761969904 0.471464019851117
0.781121751025992 0.471900826446281
0.781121751025992 0.471511147811726
0.782489740082079 0.471947194719472
0.782489740082079 0.471558120362737
0.783857729138167 0.471993410214168
0.785225718194254 0.472427983539095
0.786593707250342 0.472861842105263
0.786593707250342 0.472473294987675
0.78796169630643 0.472906403940887
0.789329685362517 0.473338802296965
0.790697674418605 0.473770491803279
0.792065663474692 0.474201474201474
0.792065663474692 0.473813420621931
0.79343365253078 0.474243663123467
0.794801641586867 0.474673202614379
0.796169630642955 0.475102040816327
0.797537619699042 0.475530179445351
0.79890560875513 0.475957620211899
0.800273597811218 0.476384364820847
0.801641586867305 0.476810414971522
0.801641586867305 0.476422764227642
0.803009575923393 0.476848090982941
0.80437756497948 0.477272727272727
0.80437756497948 0.476885644768856
0.805745554035568 0.477309562398703
0.805745554035568 0.476923076923077
0.807113543091655 0.477346278317152
0.807113543091655 0.47696038803557
0.807113543091655 0.476575121163166
0.807113543091655 0.476190476190476
0.808481532147743 0.476612903225806
0.808481532147743 0.476228847703465
0.808481532147743 0.475845410628019
0.808481532147743 0.475462590506838
0.80984952120383 0.47588424437299
0.80984952120383 0.475502008032128
0.80984952120383 0.475120385232745
0.80984952120383 0.474739374498797
0.811217510259918 0.475160256410256
0.811217510259918 0.474779823859087
0.812585499316005 0.4752
0.812585499316005 0.474820143884892
0.812585499316005 0.47444089456869
0.812585499316005 0.474062250598563
0.813953488372093 0.474481658692185
0.815321477428181 0.474900398406374
0.816689466484268 0.47531847133758
0.818057455540356 0.475735879077168
0.819425444596443 0.476152623211447
0.820793433652531 0.476568705321684
0.820793433652531 0.476190476190476
0.820793433652531 0.475812846946868
0.822161422708618 0.476228209191759
0.823529411764706 0.476642913697546
0.824897400820793 0.477056962025316
0.826265389876881 0.477470355731225
0.827633378932969 0.477883096366509
0.829001367989056 0.478295185477506
0.830369357045144 0.478706624605678
0.830369357045144 0.47832939322301
0.830369357045144 0.477952755905512
0.831737346101231 0.478363493312353
0.833105335157319 0.47877358490566
0.833105335157319 0.478397486252946
0.834473324213406 0.478806907378336
0.835841313269494 0.47921568627451
0.835841313269494 0.47884012539185
0.837209302325581 0.479248238057948
0.837209302325581 0.47887323943662
0.837209302325581 0.478498827208757
0.837209302325581 0.478125
0.837209302325581 0.477751756440281
0.837209302325581 0.477379095163807
0.838577291381669 0.477786438035853
0.839945280437757 0.478193146417445
0.841313269493844 0.478599221789883
0.842681258549932 0.47900466562986
0.842681258549932 0.478632478632479
0.844049247606019 0.479037267080745
0.845417236662107 0.47944142746315
0.845417236662107 0.47906976744186
0.845417236662107 0.478698683191325
0.846785225718194 0.479102167182663
0.848153214774282 0.479505027068832
0.848153214774282 0.479134466769706
0.849521203830369 0.47953667953668
0.849521203830369 0.479166666666667
0.850889192886457 0.479568234387047
0.850889192886457 0.479198767334361
0.852257181942544 0.479599692070824
0.852257181942544 0.479230769230769
0.852257181942544 0.478862413528055
0.853625170998632 0.47926267281106
0.85499316005472 0.479662317728319
0.856361149110807 0.480061349693252
0.856361149110807 0.479693486590038
0.856361149110807 0.479326186830015
0.856361149110807 0.478959449120122
0.856361149110807 0.478593272171254
0.856361149110807 0.478227654698243
0.856361149110807 0.477862595419847
0.857729138166895 0.478260869565217
0.859097127222982 0.478658536585366
0.86046511627907 0.479055597867479
0.861833105335157 0.479452054794521
0.861833105335157 0.479087452471483
0.861833105335157 0.478723404255319
0.863201094391245 0.4791192103265
0.863201094391245 0.478755690440061
0.863201094391245 0.478392721758908
0.863201094391245 0.478030303030303
0.864569083447332 0.478425435276306
0.86593707250342 0.478819969742814
0.867305061559507 0.479213907785336
0.868673050615595 0.479607250755287
0.870041039671683 0.48
0.870041039671683 0.479638009049774
0.87140902872777 0.480030143180106
0.872777017783858 0.480421686746988
0.874145006839945 0.480812641083521
0.874145006839945 0.480451127819549
0.874145006839945 0.480090157776108
0.874145006839945 0.47972972972973
0.874145006839945 0.479369842460615
0.874145006839945 0.479010494752624
0.875512995896033 0.47940074906367
0.87688098495212 0.479790419161677
0.878248974008208 0.480179506357517
0.878248974008208 0.479820627802691
0.879616963064295 0.480209111277072
0.879616963064295 0.479850746268657
0.879616963064295 0.479492915734526
0.880984952120383 0.479880774962742
0.882352941176471 0.480268056589724
0.882352941176471 0.479910714285714
0.883720930232558 0.480297397769517
0.885088919288646 0.480683506686478
0.886456908344733 0.481069042316258
0.887824897400821 0.481454005934718
0.887824897400821 0.481097108969607
0.889192886456908 0.481481481481481
0.890560875512996 0.481865284974093
0.890560875512996 0.481508875739645
0.891928864569083 0.481892091648189
0.891928864569083 0.481536189069424
0.893296853625171 0.481918819188192
0.893296853625171 0.481563421828909
0.894664842681259 0.481945467943994
0.896032831737346 0.482326951399116
0.896032831737346 0.481972038263429
0.896032831737346 0.481617647058824
0.897400820793434 0.481998530492285
0.898768809849521 0.482378854625551
0.900136798905609 0.482758620689655
0.901504787961696 0.483137829912023
0.902872777017784 0.483516483516484
0.904240766073871 0.48389458272328
0.904240766073871 0.483540599853694
0.905608755129959 0.483918128654971
0.906976744186046 0.484295105916728
0.908344733242134 0.484671532846715
0.909712722298222 0.485047410649161
0.909712722298222 0.48469387755102
0.911080711354309 0.485069191551347
0.911080711354309 0.48471615720524
0.911080711354309 0.484363636363636
0.912448700410397 0.484738372093023
0.913816689466484 0.485112563543936
0.915184678522572 0.485486211901306
0.916552667578659 0.485859318346628
0.916552667578659 0.485507246376812
0.917920656634747 0.485879797248371
0.917920656634747 0.485528219971056
0.917920656634747 0.485177151120752
0.919288645690834 0.485549132947977
0.920656634746922 0.485920577617329
0.92202462380301 0.486291486291486
0.92202462380301 0.485940879596251
0.92202462380301 0.485590778097983
0.923392612859097 0.485961123110151
0.924760601915185 0.486330935251799
0.926128590971272 0.486700215672178
0.926128590971272 0.486350574712644
0.92749658002736 0.486719310839914
0.928864569083447 0.487087517934003
0.930232558139535 0.487455197132616
0.930232558139535 0.487106017191977
0.930232558139535 0.486757337151038
0.930232558139535 0.486409155937053
0.931600547195622 0.486776268763402
0.93296853625171 0.487142857142857
0.93296853625171 0.486795146324054
0.934336525307798 0.48716119828816
0.934336525307798 0.486813970064148
0.935704514363885 0.487179487179487
0.937072503419973 0.487544483985765
0.93844049247606 0.487908961593172
0.939808481532148 0.488272921108742
0.941176470588235 0.488636363636364
0.942544459644323 0.488999290276792
0.94391244870041 0.48936170212766
0.945280437756498 0.489723600283487
0.946648426812586 0.490084985835694
0.948016415868673 0.490445859872611
0.949384404924761 0.490806223479491
0.950752393980848 0.491166077738516
0.952120383036936 0.491525423728814
0.953488372093023 0.491884262526464
0.953488372093023 0.491537376586742
0.953488372093023 0.491190979563073
0.954856361149111 0.491549295774648
0.956224350205198 0.491907107670654
0.957592339261286 0.492264416315049
0.958960328317373 0.492621222768798
0.960328317373461 0.492977528089888
0.961696306429549 0.493333333333333
0.963064295485636 0.493688639551192
0.963064295485636 0.493342676944639
0.964432284541724 0.493697478991597
0.965800273597811 0.494051784464661
0.965800273597811 0.493706293706294
0.967168262653899 0.494060097833683
0.968536251709986 0.494413407821229
0.969904240766074 0.494766224703419
0.969904240766074 0.49442119944212
0.969904240766074 0.494076655052265
0.971272229822161 0.494428969359331
0.972640218878249 0.494780793319415
0.974008207934337 0.495132127955494
0.975376196990424 0.4954829742877
0.976744186046512 0.495833333333333
0.978112175102599 0.49618320610687
0.979480164158687 0.496532593619972
0.979480164158687 0.496188496188496
0.980848153214774 0.496537396121884
0.982216142270862 0.496885813148789
0.983584131326949 0.497233748271093
0.984952120383037 0.497581202487906
0.986320109439125 0.49792817679558
0.987688098495212 0.498274672187716
0.9890560875513 0.498620689655172
0.990424076607387 0.498966230186079
0.990424076607387 0.49862258953168
0.990424076607387 0.498279421885754
0.990424076607387 0.497936726272352
0.991792065663475 0.498281786941581
0.993160054719562 0.498626373626374
0.99452804377565 0.498970487302677
0.995896032831737 0.499314128943759
0.997264021887825 0.499657299520219
0.998632010943912 0.5
1 0.500342231348392
