0 NA
0 0
0 0
0 0
0.00136798905608755 0.25
0.0027359781121751 0.4
0.00410396716826265 0.5
0.00410396716826265 0.428571428571429
0.00410396716826265 0.375
0.00410396716826265 0.333333333333333
0.00410396716826265 0.3
0.00410396716826265 0.272727272727273
0.00410396716826265 0.25
0.00547195622435021 0.307692307692308
0.00547195622435021 0.285714285714286
0.00547195622435021 0.266666666666667
0.00547195622435021 0.25
0.00547195622435021 0.235294117647059
0.00547195622435021 0.222222222222222
0.00683994528043776 0.263157894736842
0.00683994528043776 0.25
0.00683994528043776 0.238095238095238
0.00820793433652531 0.272727272727273
0.00957592339261286 0.304347826086957
0.00957592339261286 0.291666666666667
0.0109439124487004 0.32
0.0109439124487004 0.307692307692308
0.0109439124487004 0.296296296296296
0.0109439124487004 0.285714285714286
0.012311901504788 0.310344827586207
0.012311901504788 0.3
0.0136798905608755 0.32258064516129
0.0150478796169631 0.34375
0.0164158686730506 0.363636363636364
0.0164158686730506 0.352941176470588
0.0164158686730506 0.342857142857143
0.0177838577291382 0.361111111111111
0.0177838577291382 0.351351351351351
0.0177838577291382 0.342105263157895
0.0191518467852257 0.358974358974359
0.0191518467852257 0.35
0.0191518467852257 0.341463414634146
0.0191518467852257 0.333333333333333
0.0205198358413133 0.348837209302326
0.0218878248974008 0.363636363636364
0.0218878248974008 0.355555555555556
0.0218878248974008 0.347826086956522
0.0218878248974008 0.340425531914894
0.0218878248974008 0.333333333333333
0.0232558139534884 0.346938775510204
0.0246238030095759 0.36
0.0259917920656635 0.372549019607843
0.027359781121751 0.384615384615385
0.0287277701778386 0.39622641509434
0.0300957592339261 0.407407407407407
0.0300957592339261 0.4
0.0300957592339261 0.392857142857143
0.0300957592339261 0.385964912280702
0.0314637482900137 0.396551724137931
0.0314637482900137 0.389830508474576
0.0314637482900137 0.383333333333333
0.0314637482900137 0.377049180327869
0.0314637482900137 0.370967741935484
0.0328317373461012 0.380952380952381
0.0341997264021888 0.390625
0.0341997264021888 0.384615384615385
0.0341997264021888 0.378787878787879
0.0341997264021888 0.373134328358209
0.0355677154582763 0.382352941176471
0.0369357045143639 0.391304347826087
0.0369357045143639 0.385714285714286
0.0383036935704514 0.394366197183099
0.0383036935704514 0.388888888888889
0.039671682626539 0.397260273972603
0.039671682626539 0.391891891891892
0.039671682626539 0.386666666666667
0.039671682626539 0.381578947368421
0.039671682626539 0.376623376623377
0.039671682626539 0.371794871794872
0.039671682626539 0.367088607594937
0.039671682626539 0.3625
0.0410396716826265 0.37037037037037
0.0410396716826265 0.365853658536585
0.0424076607387141 0.373493975903614
0.0424076607387141 0.369047619047619
0.0424076607387141 0.364705882352941
0.0437756497948016 0.372093023255814
0.0451436388508892 0.379310344827586
0.0451436388508892 0.375
0.0465116279069767 0.382022471910112
0.0465116279069767 0.377777777777778
0.0465116279069767 0.373626373626374
0.0465116279069767 0.369565217391304
0.0478796169630643 0.376344086021505
0.0478796169630643 0.372340425531915
0.0478796169630643 0.368421052631579
0.0492476060191518 0.375
0.0492476060191518 0.371134020618557
0.0492476060191518 0.36734693877551
0.0506155950752394 0.373737373737374
0.0506155950752394 0.37
0.0506155950752394 0.366336633663366
0.0519835841313269 0.372549019607843
0.0519835841313269 0.368932038834951
0.0519835841313269 0.365384615384615
0.0519835841313269 0.361904761904762
0.0533515731874145 0.367924528301887
0.0533515731874145 0.364485981308411
0.0547195622435021 0.37037037037037
0.0547195622435021 0.36697247706422
0.0547195622435021 0.363636363636364
0.0547195622435021 0.36036036036036
0.0560875512995896 0.366071428571429
0.0560875512995896 0.36283185840708
0.0574555403556772 0.368421052631579
0.0588235294117647 0.373913043478261
0.0588235294117647 0.370689655172414
0.0588235294117647 0.367521367521368
0.0588235294117647 0.364406779661017
0.0588235294117647 0.361344537815126
0.0601915184678523 0.366666666666667
0.0615595075239398 0.371900826446281
0.0615595075239398 0.368852459016393
0.0615595075239398 0.365853658536585
0.0615595075239398 0.362903225806452
0.0615595075239398 0.36
0.0615595075239398 0.357142857142857
0.0629274965800274 0.362204724409449
0.0629274965800274 0.359375
0.0629274965800274 0.356589147286822
0.0642954856361149 0.361538461538462
0.0642954856361149 0.358778625954198
0.0642954856361149 0.356060606060606
0.0642954856361149 0.353383458646617
0.0656634746922025 0.358208955223881
0.0656634746922025 0.355555555555556
0.0656634746922025 0.352941176470588
0.06703146374829 0.357664233576642
0.06703146374829 0.355072463768116
0.0683994528043776 0.359712230215827
0.0697674418604651 0.364285714285714
0.0697674418604651 0.361702127659574
0.0697674418604651 0.359154929577465
0.0711354309165527 0.363636363636364
0.0711354309165527 0.361111111111111
0.0725034199726402 0.36551724137931
0.0738714090287278 0.36986301369863
0.0738714090287278 0.36734693877551
0.0752393980848153 0.371621621621622
0.0752393980848153 0.369127516778524
0.0766073871409029 0.373333333333333
0.0779753761969904 0.377483443708609
0.0779753761969904 0.375
0.079343365253078 0.379084967320261
0.0807113543091655 0.383116883116883
0.0820793433652531 0.387096774193548
0.0834473324213406 0.391025641025641
0.0848153214774282 0.394904458598726
0.0861833105335157 0.39873417721519
0.0861833105335157 0.39622641509434
0.0875512995896033 0.4
0.0875512995896033 0.397515527950311
0.0875512995896033 0.395061728395062
0.0875512995896033 0.392638036809816
0.0889192886456908 0.396341463414634
0.0889192886456908 0.393939393939394
0.0902872777017784 0.397590361445783
0.0916552667578659 0.401197604790419
0.0916552667578659 0.398809523809524
0.0930232558139535 0.402366863905325
0.0930232558139535 0.4
0.094391244870041 0.403508771929825
0.094391244870041 0.401162790697674
0.094391244870041 0.398843930635838
0.094391244870041 0.396551724137931
0.094391244870041 0.394285714285714
0.094391244870041 0.392045454545455
0.094391244870041 0.389830508474576
0.094391244870041 0.387640449438202
0.0957592339261286 0.391061452513966
0.0957592339261286 0.388888888888889
0.0971272229822161 0.392265193370166
0.0984952120383037 0.395604395604396
0.0998632010943912 0.398907103825137
0.0998632010943912 0.396739130434783
0.101231190150479 0.4
0.102599179206566 0.403225806451613
0.102599179206566 0.401069518716578
0.102599179206566 0.398936170212766
0.103967168262654 0.402116402116402
0.103967168262654 0.4
0.105335157318741 0.403141361256544
0.106703146374829 0.40625
0.106703146374829 0.404145077720207
0.106703146374829 0.402061855670103
0.108071135430917 0.405128205128205
0.108071135430917 0.403061224489796
0.109439124487004 0.406091370558376
0.110807113543092 0.409090909090909
0.110807113543092 0.407035175879397
0.112175102599179 0.41
0.112175102599179 0.407960199004975
0.113543091655267 0.410891089108911
0.114911080711354 0.413793103448276
0.114911080711354 0.411764705882353
0.114911080711354 0.409756097560976
0.114911080711354 0.407766990291262
0.114911080711354 0.405797101449275
0.114911080711354 0.403846153846154
0.114911080711354 0.401913875598086
0.114911080711354 0.4
0.116279069767442 0.402843601895735
0.117647058823529 0.405660377358491
0.117647058823529 0.403755868544601
0.117647058823529 0.401869158878505
0.117647058823529 0.4
0.117647058823529 0.398148148148148
0.117647058823529 0.3963133640553
0.117647058823529 0.394495412844037
0.119015047879617 0.397260273972603
0.119015047879617 0.395454545454545
0.120383036935705 0.398190045248869
0.120383036935705 0.396396396396396
0.121751025991792 0.399103139013453
0.121751025991792 0.397321428571429
0.121751025991792 0.395555555555556
0.121751025991792 0.393805309734513
0.12311901504788 0.39647577092511
0.12311901504788 0.394736842105263
0.12311901504788 0.393013100436681
0.12311901504788 0.391304347826087
0.124487004103967 0.393939393939394
0.124487004103967 0.392241379310345
0.125854993160055 0.394849785407725
0.125854993160055 0.393162393162393
0.125854993160055 0.391489361702128
0.127222982216142 0.394067796610169
0.127222982216142 0.392405063291139
0.127222982216142 0.390756302521008
0.127222982216142 0.389121338912134
0.127222982216142 0.3875
0.12859097127223 0.390041493775934
0.129958960328317 0.392561983471074
0.129958960328317 0.390946502057613
0.131326949384405 0.39344262295082
0.131326949384405 0.391836734693878
0.132694938440492 0.394308943089431
0.132694938440492 0.392712550607287
0.13406292749658 0.395161290322581
0.135430916552668 0.397590361445783
0.135430916552668 0.396
0.136798905608755 0.398406374501992
0.136798905608755 0.396825396825397
0.136798905608755 0.395256916996047
0.136798905608755 0.393700787401575
0.138166894664843 0.396078431372549
0.138166894664843 0.39453125
0.13953488372093 0.396887159533074
0.140902872777018 0.39922480620155
0.142270861833105 0.401544401544402
0.142270861833105 0.4
0.142270861833105 0.398467432950192
0.143638850889193 0.400763358778626
0.14500683994528 0.403041825095057
0.146374829001368 0.40530303030303
0.147742818057456 0.407547169811321
0.147742818057456 0.406015037593985
0.147742818057456 0.404494382022472
0.147742818057456 0.402985074626866
0.147742818057456 0.401486988847584
0.147742818057456 0.4
0.147742818057456 0.398523985239852
0.149110807113543 0.400735294117647
0.150478796169631 0.402930402930403
0.151846785225718 0.405109489051095
0.153214774281806 0.407272727272727
0.154582763337893 0.409420289855072
0.154582763337893 0.407942238267148
0.154582763337893 0.406474820143885
0.154582763337893 0.405017921146953
0.154582763337893 0.403571428571429
0.155950752393981 0.405693950177936
0.155950752393981 0.404255319148936
0.157318741450068 0.406360424028269
0.158686730506156 0.408450704225352
0.158686730506156 0.407017543859649
0.158686730506156 0.405594405594406
0.158686730506156 0.40418118466899
0.158686730506156 0.402777777777778
0.158686730506156 0.401384083044983
0.160054719562244 0.403448275862069
0.161422708618331 0.405498281786942
0.162790697674419 0.407534246575342
0.162790697674419 0.406143344709898
0.162790697674419 0.404761904761905
0.162790697674419 0.403389830508475
0.164158686730506 0.405405405405405
0.165526675786594 0.407407407407407
0.165526675786594 0.406040268456376
0.165526675786594 0.404682274247492
0.165526675786594 0.403333333333333
0.165526675786594 0.401993355481728
0.166894664842681 0.403973509933775
0.166894664842681 0.402640264026403
0.168262653898769 0.404605263157895
0.169630642954856 0.40655737704918
0.170998632010944 0.408496732026144
0.170998632010944 0.407166123778502
0.170998632010944 0.405844155844156
0.172366621067031 0.407766990291262
0.173734610123119 0.409677419354839
0.173734610123119 0.408360128617363
0.175102599179207 0.41025641025641
0.175102599179207 0.408945686900958
0.175102599179207 0.407643312101911
0.176470588235294 0.40952380952381
0.177838577291382 0.411392405063291
0.179206566347469 0.413249211356467
0.180574555403557 0.415094339622642
0.180574555403557 0.413793103448276
0.180574555403557 0.4125
0.181942544459644 0.414330218068536
0.183310533515732 0.416149068322981
0.184678522571819 0.417956656346749
0.186046511627907 0.419753086419753
0.187414500683995 0.421538461538462
0.187414500683995 0.420245398773006
0.187414500683995 0.418960244648318
0.188782489740082 0.420731707317073
0.188782489740082 0.419452887537994
0.19015047879617 0.421212121212121
0.19015047879617 0.419939577039275
0.191518467852257 0.421686746987952
0.192886456908345 0.423423423423423
0.192886456908345 0.422155688622754
0.192886456908345 0.42089552238806
0.192886456908345 0.419642857142857
0.194254445964432 0.421364985163205
0.19562243502052 0.423076923076923
0.19562243502052 0.421828908554572
0.19562243502052 0.420588235294118
0.196990424076607 0.422287390029326
0.198358413132695 0.423976608187135
0.198358413132695 0.422740524781341
0.199726402188782 0.424418604651163
0.20109439124487 0.426086956521739
0.202462380300958 0.427745664739884
0.203830369357045 0.429394812680115
0.205198358413133 0.431034482758621
0.205198358413133 0.429799426934097
0.20656634746922 0.431428571428571
0.207934336525308 0.433048433048433
0.209302325581395 0.434659090909091
0.209302325581395 0.43342776203966
0.210670314637483 0.435028248587571
0.210670314637483 0.433802816901408
0.210670314637483 0.432584269662921
0.210670314637483 0.431372549019608
0.210670314637483 0.430167597765363
0.210670314637483 0.428969359331476
0.21203830369357 0.430555555555556
0.21203830369357 0.429362880886427
0.213406292749658 0.430939226519337
0.214774281805746 0.432506887052342
0.216142270861833 0.434065934065934
0.216142270861833 0.432876712328767
0.217510259917921 0.434426229508197
0.218878248974008 0.435967302452316
0.218878248974008 0.434782608695652
0.218878248974008 0.43360433604336
0.220246238030096 0.435135135135135
0.221614227086183 0.436657681940701
0.222982216142271 0.438172043010753
0.222982216142271 0.436997319034853
0.222982216142271 0.435828877005348
0.224350205198358 0.437333333333333
0.224350205198358 0.436170212765957
0.225718194254446 0.437665782493369
0.225718194254446 0.436507936507937
0.225718194254446 0.435356200527704
0.225718194254446 0.434210526315789
0.227086183310534 0.435695538057743
0.227086183310534 0.43455497382199
0.228454172366621 0.436031331592689
0.228454172366621 0.434895833333333
0.228454172366621 0.433766233766234
0.228454172366621 0.432642487046632
0.228454172366621 0.431524547803618
0.228454172366621 0.430412371134021
0.229822161422709 0.431876606683805
0.229822161422709 0.430769230769231
0.229822161422709 0.429667519181586
0.231190150478796 0.431122448979592
0.232558139534884 0.432569974554707
0.232558139534884 0.431472081218274
0.233926128590971 0.432911392405063
0.233926128590971 0.431818181818182
0.233926128590971 0.430730478589421
0.233926128590971 0.42964824120603
0.235294117647059 0.431077694235589
0.236662106703146 0.4325
0.236662106703146 0.43142144638404
0.238030095759234 0.432835820895522
0.239398084815321 0.43424317617866
0.239398084815321 0.433168316831683
0.239398084815321 0.432098765432099
0.240766073871409 0.433497536945813
0.242134062927497 0.434889434889435
0.242134062927497 0.433823529411765
0.242134062927497 0.432762836185819
0.243502051983584 0.434146341463415
0.244870041039672 0.435523114355231
0.244870041039672 0.434466019417476
0.246238030095759 0.435835351089588
0.246238030095759 0.434782608695652
0.247606019151847 0.436144578313253
0.248974008207934 0.4375
0.248974008207934 0.436450839328537
0.248974008207934 0.435406698564593
0.248974008207934 0.43436754176611
0.248974008207934 0.433333333333333
0.248974008207934 0.432304038004751
0.248974008207934 0.431279620853081
0.250341997264022 0.432624113475177
0.251709986320109 0.433962264150943
0.253077975376197 0.435294117647059
0.253077975376197 0.434272300469484
0.254445964432285 0.43559718969555
0.255813953488372 0.436915887850467
0.255813953488372 0.435897435897436
0.25718194254446 0.437209302325581
0.258549931600547 0.438515081206497
0.259917920656635 0.439814814814815
0.259917920656635 0.438799076212471
0.259917920656635 0.43778801843318
0.259917920656635 0.436781609195402
0.259917920656635 0.435779816513761
0.261285909712722 0.437070938215103
0.26265389876881 0.438356164383562
0.26265389876881 0.437357630979499
0.26265389876881 0.436363636363636
0.264021887824897 0.437641723356009
0.265389876880985 0.438914027149321
0.265389876880985 0.437923250564334
0.265389876880985 0.436936936936937
0.266757865937073 0.438202247191011
0.26812585499316 0.439461883408072
0.26812585499316 0.438478747203579
0.26812585499316 0.4375
0.269493844049248 0.438752783964365
0.269493844049248 0.437777777777778
0.269493844049248 0.436807095343681
0.270861833105335 0.438053097345133
0.270861833105335 0.437086092715232
0.270861833105335 0.436123348017621
0.270861833105335 0.435164835164835
0.270861833105335 0.434210526315789
0.272229822161423 0.435448577680525
0.27359781121751 0.436681222707424
0.274965800273598 0.437908496732026
0.276333789329685 0.439130434782609
0.276333789329685 0.438177874186551
0.276333789329685 0.437229437229437
0.276333789329685 0.436285097192225
0.276333789329685 0.435344827586207
0.277701778385773 0.436559139784946
0.277701778385773 0.435622317596566
0.27906976744186 0.436830835117773
0.280437756497948 0.438034188034188
0.280437756497948 0.437100213219616
0.280437756497948 0.436170212765957
0.281805745554036 0.437367303609342
0.283173734610123 0.438559322033898
0.284541723666211 0.439746300211416
0.285909712722298 0.440928270042194
0.285909712722298 0.44
0.285909712722298 0.439075630252101
0.285909712722298 0.438155136268344
0.287277701778386 0.439330543933054
0.288645690834473 0.440501043841336
0.290013679890561 0.441666666666667
0.291381668946648 0.442827442827443
0.291381668946648 0.441908713692946
0.292749658002736 0.443064182194617
0.292749658002736 0.442148760330579
0.294117647058824 0.443298969072165
0.294117647058824 0.44238683127572
0.295485636114911 0.4435318275154
0.295485636114911 0.442622950819672
0.295485636114911 0.441717791411043
0.296853625170999 0.442857142857143
0.296853625170999 0.441955193482688
0.298221614227086 0.443089430894309
0.299589603283174 0.44421906693712
0.299589603283174 0.44331983805668
0.300957592339261 0.444444444444444
0.302325581395349 0.445564516129032
0.302325581395349 0.44466800804829
0.302325581395349 0.443775100401606
0.303693570451436 0.444889779559118
0.303693570451436 0.444
0.303693570451436 0.44311377245509
0.303693570451436 0.442231075697211
0.303693570451436 0.441351888667992
0.303693570451436 0.44047619047619
0.305061559507524 0.441584158415842
0.306429548563611 0.442687747035573
0.306429548563611 0.441814595660749
0.307797537619699 0.442913385826772
0.309165526675787 0.444007858546169
0.310533515731874 0.445098039215686
0.310533515731874 0.444227005870841
0.310533515731874 0.443359375
0.311901504787962 0.444444444444444
0.311901504787962 0.443579766536965
0.313269493844049 0.444660194174757
0.313269493844049 0.443798449612403
0.313269493844049 0.44294003868472
0.313269493844049 0.442084942084942
0.314637482900137 0.443159922928709
0.314637482900137 0.442307692307692
0.314637482900137 0.441458733205374
0.314637482900137 0.440613026819923
0.316005471956224 0.441682600382409
0.318741450068399 0.443809523809524
0.318741450068399 0.442965779467681
0.320109439124487 0.444022770398482
0.320109439124487 0.443181818181818
0.321477428180575 0.444234404536862
0.321477428180575 0.443396226415094
0.322845417236662 0.444444444444444
0.32421340629275 0.445488721804511
0.325581395348837 0.446529080675422
0.326949384404925 0.447565543071161
0.326949384404925 0.446728971962617
0.326949384404925 0.44589552238806
0.328317373461012 0.446927374301676
0.3296853625171 0.447955390334572
0.3296853625171 0.447124304267161
0.331053351573187 0.448148148148148
0.331053351573187 0.44731977818854
0.331053351573187 0.446494464944649
0.331053351573187 0.445672191528545
0.332421340629275 0.446691176470588
0.332421340629275 0.445871559633028
0.333789329685363 0.446886446886447
0.333789329685363 0.446069469835466
0.33515731874145 0.447080291970803
0.336525307797538 0.448087431693989
0.337893296853625 0.449090909090909
0.337893296853625 0.448275862068966
0.339261285909713 0.449275362318841
0.339261285909713 0.448462929475588
0.3406292749658 0.449458483754513
0.341997264021888 0.45045045045045
0.341997264021888 0.449640287769784
0.341997264021888 0.448833034111311
0.341997264021888 0.448028673835125
0.341997264021888 0.447227191413238
0.341997264021888 0.446428571428571
0.343365253077975 0.447415329768271
0.344733242134063 0.448398576512456
0.344733242134063 0.447602131438721
0.344733242134063 0.446808510638298
0.34610123119015 0.447787610619469
0.34610123119015 0.446996466431095
0.347469220246238 0.447971781305115
0.348837209302326 0.448943661971831
0.348837209302326 0.448154657293497
0.350205198358413 0.449122807017544
0.351573187414501 0.450087565674256
0.351573187414501 0.449300699300699
0.351573187414501 0.448516579406632
0.352941176470588 0.449477351916376
0.352941176470588 0.448695652173913
0.352941176470588 0.447916666666667
0.352941176470588 0.447140381282496
0.354309165526676 0.448096885813149
0.354309165526676 0.447322970639033
0.355677154582763 0.448275862068966
0.355677154582763 0.44750430292599
0.355677154582763 0.446735395189003
0.355677154582763 0.445969125214408
0.357045143638851 0.446917808219178
0.358413132694938 0.447863247863248
0.359781121751026 0.448805460750853
0.361149110807114 0.449744463373083
0.362517099863201 0.450680272108844
0.363885088919289 0.451612903225806
0.363885088919289 0.450847457627119
0.363885088919289 0.450084602368866
0.363885088919289 0.449324324324324
0.363885088919289 0.448566610455312
0.363885088919289 0.447811447811448
0.365253077975376 0.448739495798319
0.366621067031464 0.449664429530201
0.366621067031464 0.448911222780569
0.366621067031464 0.448160535117057
0.367989056087551 0.449081803005008
0.369357045143639 0.45
0.370725034199726 0.450915141430948
0.370725034199726 0.450166112956811
0.370725034199726 0.449419568822554
0.372093023255814 0.450331125827815
0.372093023255814 0.449586776859504
0.372093023255814 0.448844884488449
0.372093023255814 0.448105436573311
0.373461012311901 0.449013157894737
0.374829001367989 0.44991789819376
0.374829001367989 0.449180327868852
0.376196990424077 0.450081833060556
0.376196990424077 0.449346405228758
0.377564979480164 0.450244698205546
0.378932968536252 0.45114006514658
0.378932968536252 0.450406504065041
0.378932968536252 0.449675324675325
0.378932968536252 0.448946515397083
0.380300957592339 0.449838187702265
0.381668946648427 0.450726978998384
0.381668946648427 0.45
0.381668946648427 0.449275362318841
0.383036935704514 0.45016077170418
0.384404924760602 0.451043338683788
0.385772913816689 0.451923076923077
0.385772913816689 0.4512
0.387140902872777 0.452076677316294
0.388508891928865 0.452950558213716
0.388508891928865 0.452229299363057
0.389876880984952 0.453100158982512
0.389876880984952 0.452380952380952
0.389876880984952 0.451664025356577
0.389876880984952 0.450949367088608
0.389876880984952 0.450236966824645
0.389876880984952 0.449526813880126
0.389876880984952 0.448818897637795
0.39124487004104 0.449685534591195
0.39124487004104 0.448979591836735
0.39124487004104 0.448275862068966
0.392612859097127 0.449139280125196
0.393980848153215 0.45
0.393980848153215 0.449297971918877
0.395348837209302 0.450155763239875
0.395348837209302 0.44945567651633
0.395348837209302 0.448757763975155
0.395348837209302 0.448062015503876
0.395348837209302 0.447368421052632
0.395348837209302 0.446676970633694
0.395348837209302 0.445987654320988
0.395348837209302 0.445300462249615
0.39671682626539 0.446153846153846
0.398084815321477 0.447004608294931
0.399452804377565 0.447852760736196
0.400820793433653 0.448698315467075
0.400820793433653 0.448012232415902
0.40218878248974 0.448854961832061
0.40218878248974 0.448170731707317
0.40218878248974 0.447488584474886
0.40218878248974 0.446808510638298
0.403556771545828 0.447647951441578
0.404924760601915 0.448484848484848
0.406292749658003 0.449319213313162
0.40766073871409 0.450151057401813
0.409028727770178 0.450980392156863
0.410396716826265 0.451807228915663
0.411764705882353 0.452631578947368
0.411764705882353 0.451951951951952
0.413132694938441 0.452773613193403
0.414500683994528 0.453592814371257
0.414500683994528 0.452914798206278
0.414500683994528 0.452238805970149
0.415868673050616 0.453055141579732
0.417236662106703 0.453869047619048
0.417236662106703 0.453194650817236
0.418604651162791 0.454005934718101
0.418604651162791 0.453333333333333
0.419972640218878 0.45414201183432
0.419972640218878 0.453471196454948
0.419972640218878 0.452802359882006
0.419972640218878 0.452135493372607
0.419972640218878 0.451470588235294
0.421340629274966 0.452276064610866
0.422708618331053 0.45307917888563
0.422708618331053 0.452415812591508
0.422708618331053 0.451754385964912
0.424076607387141 0.452554744525547
0.425444596443228 0.4533527696793
0.426812585499316 0.454148471615721
0.428180574555404 0.454941860465116
0.428180574555404 0.454281567489115
0.429548563611491 0.455072463768116
0.430916552667579 0.455861070911722
0.432284541723666 0.456647398843931
0.432284541723666 0.455988455988456
0.433652530779754 0.456772334293948
0.435020519835841 0.457553956834532
0.436388508891929 0.458333333333333
0.436388508891929 0.457675753228121
0.437756497948016 0.458452722063037
0.437756497948016 0.457796852646638
0.439124487004104 0.458571428571429
0.439124487004104 0.457917261055635
0.439124487004104 0.457264957264957
0.439124487004104 0.456614509246088
0.439124487004104 0.455965909090909
0.439124487004104 0.45531914893617
0.440492476060192 0.456090651558074
0.440492476060192 0.455445544554455
0.440492476060192 0.454802259887006
0.440492476060192 0.454160789844852
0.441860465116279 0.454929577464789
0.441860465116279 0.454289732770745
0.443228454172367 0.454417952314165
0.443228454172367 0.453781512605042
0.444596443228454 0.454545454545455
0.444596443228454 0.45391061452514
0.444596443228454 0.453277545327755
0.445964432284542 0.454038997214485
0.447332421340629 0.454798331015299
0.447332421340629 0.454166666666667
0.448700410396717 0.454923717059639
0.448700410396717 0.454293628808864
0.448700410396717 0.453665283540802
0.448700410396717 0.453038674033149
0.450068399452804 0.453793103448276
0.451436388508892 0.454545454545455
0.452804377564979 0.455295735900963
0.454172366621067 0.456043956043956
0.454172366621067 0.455418381344307
0.454172366621067 0.454794520547945
0.454172366621067 0.454172366621067
0.455540355677155 0.454918032786885
0.456908344733242 0.455661664392906
0.45827633378933 0.456403269754768
0.459644322845417 0.457142857142857
0.459644322845417 0.456521739130435
0.459644322845417 0.455902306648575
0.459644322845417 0.455284552845528
0.461012311901505 0.456021650879567
0.462380300957592 0.456756756756757
0.46374829001368 0.45748987854251
0.465116279069767 0.45822102425876
0.466484268125855 0.458950201884253
0.466484268125855 0.458333333333333
0.466484268125855 0.457718120805369
0.467852257181943 0.458445040214477
0.46922024623803 0.459170013386881
0.46922024623803 0.45855614973262
0.470588235294118 0.459279038718291
0.471956224350205 0.46
0.473324213406293 0.460719041278296
0.473324213406293 0.460106382978723
0.47469220246238 0.460823373173971
0.476060191518468 0.461538461538462
0.476060191518468 0.460927152317881
0.477428180574555 0.461640211640212
0.477428180574555 0.461030383091149
0.478796169630643 0.461741424802111
0.480164158686731 0.462450592885375
0.480164158686731 0.461842105263158
0.480164158686731 0.461235216819974
0.481532147742818 0.461942257217848
0.481532147742818 0.461336828309305
0.482900136798906 0.462041884816754
0.482900136798906 0.461437908496732
0.484268125854993 0.462140992167102
0.485636114911081 0.462842242503259
0.485636114911081 0.462239583333333
0.485636114911081 0.461638491547464
0.487004103967168 0.462337662337662
0.487004103967168 0.461738002594034
0.488372093023256 0.462435233160622
0.489740082079343 0.463130659767141
0.491108071135431 0.463824289405685
0.491108071135431 0.463225806451613
0.491108071135431 0.462628865979381
0.491108071135431 0.462033462033462
0.492476060191518 0.462724935732648
0.493844049247606 0.463414634146341
0.495212038303694 0.464102564102564
0.496580027359781 0.464788732394366
0.497948016415869 0.465473145780051
0.497948016415869 0.464878671775224
0.499316005471956 0.465561224489796
0.499316005471956 0.464968152866242
0.500683994528044 0.465648854961832
0.502051983584131 0.466327827191868
0.502051983584131 0.465736040609137
0.502051983584131 0.465145754119138
0.503419972640219 0.465822784810127
0.503419972640219 0.465233881163085
0.504787961696306 0.465909090909091
0.504787961696306 0.465321563682219
0.506155950752394 0.465994962216625
0.507523939808482 0.466666666666667
0.508891928864569 0.467336683417085
0.510259917920657 0.468005018820577
0.510259917920657 0.467418546365915
0.510259917920657 0.466833541927409
0.511627906976744 0.4675
0.512995896032832 0.468164794007491
0.514363885088919 0.468827930174564
0.514363885088919 0.468244084682441
0.514363885088919 0.467661691542289
0.514363885088919 0.467080745341615
0.515731874145007 0.467741935483871
0.515731874145007 0.467162329615861
0.517099863201094 0.467821782178218
0.518467852257182 0.468479604449938
0.518467852257182 0.467901234567901
0.51983584131327 0.468557336621455
0.521203830369357 0.469211822660099
0.521203830369357 0.468634686346863
0.521203830369357 0.468058968058968
0.521203830369357 0.467484662576687
0.521203830369357 0.466911764705882
0.522571819425445 0.467564259485924
0.522571819425445 0.466992665036675
0.523939808481532 0.467643467643468
0.52530779753762 0.468292682926829
0.526675786593707 0.468940316686967
0.526675786593707 0.468369829683698
0.526675786593707 0.467800729040097
0.528043775649795 0.468446601941748
0.529411764705882 0.469090909090909
0.529411764705882 0.468523002421308
0.529411764705882 0.467956469165659
0.53077975376197 0.468599033816425
0.532147742818057 0.469240048250905
0.532147742818057 0.468674698795181
0.533515731874145 0.469314079422383
0.534883720930233 0.469951923076923
0.534883720930233 0.469387755102041
0.534883720930233 0.468824940047962
0.534883720930233 0.468263473053892
0.534883720930233 0.467703349282297
0.534883720930233 0.467144563918757
0.53625170998632 0.467780429594272
0.537619699042408 0.468414779499404
0.537619699042408 0.467857142857143
0.538987688098495 0.468489892984542
0.540355677154583 0.469121140142518
0.54172366621067 0.469750889679715
0.543091655266758 0.470379146919431
0.543091655266758 0.469822485207101
0.544459644322845 0.470449172576832
0.545827633378933 0.471074380165289
0.545827633378933 0.470518867924528
0.547195622435021 0.471142520612485
0.548563611491108 0.471764705882353
0.548563611491108 0.471210340775558
0.549931600547196 0.471830985915493
0.549931600547196 0.471277842907386
0.551299589603283 0.471896955503513
0.552667578659371 0.472514619883041
0.554035567715458 0.473130841121495
0.555403556771546 0.473745624270712
0.555403556771546 0.473193473193473
0.556771545827633 0.473806752037253
0.556771545827633 0.473255813953488
0.556771545827633 0.472706155632985
0.558139534883721 0.473317865429234
0.559507523939809 0.473928157589803
0.560875512995896 0.474537037037037
0.560875512995896 0.473988439306358
0.560875512995896 0.473441108545035
0.560875512995896 0.472895040369089
0.562243502051984 0.473502304147465
0.562243502051984 0.472957422324511
0.562243502051984 0.472413793103448
0.562243502051984 0.47187141216992
0.562243502051984 0.471330275229358
0.563611491108071 0.471935853379152
0.563611491108071 0.471395881006865
0.564979480164159 0.472
0.564979480164159 0.471461187214612
0.566347469220246 0.472063854047891
0.567715458276334 0.472665148063781
0.569083447332421 0.473265073947668
0.569083447332421 0.472727272727273
0.570451436388509 0.473325766174801
0.571819425444596 0.473922902494331
0.571819425444596 0.473386183465459
0.573187414500684 0.473981900452489
0.573187414500684 0.473446327683616
0.573187414500684 0.472911963882619
0.573187414500684 0.472378804960541
0.574555403556772 0.472972972972973
0.575923392612859 0.473565804274466
0.577291381668947 0.474157303370787
0.578659370725034 0.474747474747475
0.580027359781122 0.475336322869955
0.580027359781122 0.474804031354983
0.581395348837209 0.475391498881432
0.581395348837209 0.474860335195531
0.582763337893297 0.475446428571429
0.584131326949384 0.475501113585746
0.585499316005472 0.476084538375973
0.585499316005472 0.475555555555556
0.586867305061559 0.476137624861265
0.588235294117647 0.476718403547672
0.589603283173735 0.477297895902547
0.589603283173735 0.476769911504425
0.589603283173735 0.476243093922652
0.589603283173735 0.475717439293598
0.589603283173735 0.475192943770673
0.590971272229822 0.475770925110132
0.590971272229822 0.475247524752475
0.59233926128591 0.475824175824176
0.59233926128591 0.475301866081229
0.593707250341997 0.475877192982456
0.593707250341997 0.475355969331873
0.593707250341997 0.474835886214442
0.595075239398085 0.475409836065574
0.595075239398085 0.474890829694323
0.596443228454172 0.47546346782988
0.596443228454172 0.474945533769063
0.59781121751026 0.475516866158868
0.599179206566347 0.476086956521739
0.601915184678523 0.477223427331887
0.60328317373461 0.477789815817985
0.604651162790698 0.478354978354978
0.604651162790698 0.477837837837838
0.604651162790698 0.47732181425486
0.604651162790698 0.47680690399137
0.604651162790698 0.476293103448276
0.604651162790698 0.475780409041981
0.604651162790698 0.475268817204301
0.604651162790698 0.474758324382385
0.604651162790698 0.474248927038627
0.604651162790698 0.473740621650589
0.604651162790698 0.473233404710921
0.604651162790698 0.472222222222222
0.604651162790698 0.471718249733191
0.604651162790698 0.471215351812367
0.604651162790698 0.470212765957447
0.604651162790698 0.46971307120085
0.604651162790698 0.469214437367304
0.604651162790698 0.468220338983051
0.604651162790698 0.46723044397463
0.604651162790698 0.466737064413939
0.604651162790698 0.466244725738397
0.604651162790698 0.465753424657534
0.604651162790698 0.465263157894737
0.604651162790698 0.464773922187171
0.604651162790698 0.464285714285714
0.604651162790698 0.463798530954879
0.604651162790698 0.463312368972746
0.604651162790698 0.46282722513089
0.604651162790698 0.46234309623431
0.604651162790698 0.461377870563674
0.604651162790698 0.460416666666667
0.604651162790698 0.45993756503642
0.604651162790698 0.459459459459459
0.604651162790698 0.458982346832814
0.604651162790698 0.45850622406639
0.604651162790698 0.458031088082902
0.604651162790698 0.457556935817805
0.604651162790698 0.457083764219235
0.604651162790698 0.456611570247934
0.604651162790698 0.456140350877193
0.604651162790698 0.455670103092783
0.604651162790698 0.455200823892894
0.604651162790698 0.454732510288066
0.604651162790698 0.454265159301131
0.604651162790698 0.453798767967146
0.604651162790698 0.453333333333333
0.604651162790698 0.452868852459016
0.604651162790698 0.452405322415558
0.604651162790698 0.451942740286299
0.604651162790698 0.451481103166496
0.604651162790698 0.451020408163265
0.604651162790698 0.450560652395515
0.604651162790698 0.45010183299389
0.606019151846785 0.450661241098678
0.607387140902873 0.451219512195122
0.60875512995896 0.451776649746193
0.610123119015048 0.452332657200811
0.611491108071135 0.452887537993921
0.612859097127223 0.453441295546559
0.612859097127223 0.452982810920121
0.612859097127223 0.452525252525253
0.614227086183311 0.453077699293643
0.614227086183311 0.452620967741935
0.614227086183311 0.452165156092649
0.615595075239398 0.45271629778672
0.616963064295486 0.453266331658291
0.618331053351573 0.453815261044177
0.618331053351573 0.453360080240722
0.618331053351573 0.452905811623247
0.618331053351573 0.452452452452452
0.619699042407661 0.453
0.621067031463748 0.453546453546454
0.621067031463748 0.453093812375249
0.622435020519836 0.453639082751745
0.623803009575923 0.454183266932271
0.625170998632011 0.454726368159204
0.625170998632011 0.45427435387674
0.625170998632011 0.45382323733863
0.626538987688098 0.454365079365079
0.626538987688098 0.453914767096135
0.627906976744186 0.454455445544554
0.629274965800274 0.454995054401583
0.630642954856361 0.455533596837945
0.632010943912449 0.456071076011846
0.633378932968536 0.456607495069034
0.634746922024624 0.457142857142857
0.636114911080711 0.457677165354331
0.637482900136799 0.458210422812193
0.637482900136799 0.457760314341847
0.638850889192886 0.45829244357213
0.638850889192886 0.457843137254902
0.640218878248974 0.458374142997062
0.641586867305062 0.458904109589041
0.642954856361149 0.459433040078201
0.644322845417237 0.4599609375
0.645690834473324 0.460487804878049
0.645690834473324 0.460038986354776
0.647058823529412 0.460564751703992
0.647058823529412 0.46011673151751
0.647058823529412 0.459669582118562
0.647058823529412 0.459223300970874
0.647058823529412 0.458777885548012
0.647058823529412 0.458333333333333
0.647058823529412 0.457889641819942
0.648426812585499 0.458413926499033
0.649794801641587 0.458937198067633
0.651162790697674 0.459459459459459
0.652530779753762 0.459980713596914
0.65389876880985 0.460500963391137
0.655266757865937 0.46102021174206
0.655266757865937 0.460576923076923
0.656634746922025 0.461095100864553
0.656634746922025 0.460652591170825
0.658002735978112 0.461169702780441
0.6593707250342 0.461685823754789
0.6593707250342 0.461244019138756
0.6593707250342 0.460803059273423
0.660738714090287 0.461318051575931
0.660738714090287 0.46087786259542
0.660738714090287 0.460438512869399
0.660738714090287 0.46
0.660738714090287 0.459562321598478
0.660738714090287 0.459125475285171
0.662106703146375 0.459639126305793
0.663474692202462 0.460151802656546
0.66484268125855 0.460663507109005
0.66484268125855 0.460227272727273
0.66484268125855 0.459791863765374
0.666210670314637 0.460302457466919
0.666210670314637 0.459867799811143
0.667578659370725 0.460377358490566
0.668946648426813 0.460885956644675
0.668946648426813 0.46045197740113
0.6703146374829 0.460959548447789
0.6703146374829 0.460526315789474
0.671682626538988 0.461032863849765
0.673050615595075 0.461538461538462
0.674418604651163 0.462043111527648
0.674418604651163 0.461610486891386
0.674418604651163 0.461178671655753
0.67578659370725 0.461682242990654
0.677154582763338 0.46218487394958
0.678522571819425 0.462686567164179
0.679890560875513 0.463187325256291
0.681258549931601 0.463687150837989
0.681258549931601 0.463255813953488
0.682626538987688 0.463754646840149
0.682626538987688 0.463324048282266
0.683994528043776 0.463821892393321
0.685362517099863 0.464318813716404
0.686730506155951 0.464814814814815
0.686730506155951 0.464384828862165
0.688098495212038 0.464879852125693
0.689466484268126 0.465373961218837
0.690834473324213 0.465867158671587
0.690834473324213 0.465437788018433
0.690834473324213 0.465009208103131
0.692202462380301 0.465501379944802
0.692202462380301 0.465073529411765
0.692202462380301 0.464646464646465
0.692202462380301 0.464220183486239
0.692202462380301 0.463794683776352
0.692202462380301 0.463369963369963
0.693570451436389 0.463860933211345
0.694938440492476 0.464351005484461
0.696306429548564 0.464840182648402
0.696306429548564 0.464416058394161
0.697674418604651 0.464904284412033
0.697674418604651 0.46448087431694
0.697674418604651 0.464058234758872
0.699042407660739 0.464545454545455
0.700410396716826 0.46503178928247
0.700410396716826 0.464609800362976
0.700410396716826 0.464188576609248
0.700410396716826 0.463768115942029
0.701778385772914 0.464253393665158
0.701778385772914 0.463833634719711
0.701778385772914 0.463414634146341
0.701778385772914 0.462996389891697
0.701778385772914 0.462578899909829
0.703146374829001 0.463063063063063
0.703146374829001 0.462646264626463
0.703146374829001 0.462230215827338
0.703146374829001 0.461814914645103
0.704514363885089 0.46229802513465
0.705882352941177 0.462780269058296
0.707250341997264 0.46326164874552
0.707250341997264 0.46284691136974
0.708618331053352 0.463327370304114
0.709986320109439 0.463806970509383
0.709986320109439 0.463392857142857
0.709986320109439 0.462979482604817
0.711354309165527 0.463458110516934
0.712722298221614 0.46393588601959
0.712722298221614 0.463523131672598
0.712722298221614 0.463111111111111
0.714090287277702 0.463587921847247
0.715458276333789 0.464063886424135
0.715458276333789 0.463652482269504
0.715458276333789 0.463241806908769
0.715458276333789 0.46283185840708
0.715458276333789 0.462422634836428
0.715458276333789 0.462014134275618
0.715458276333789 0.461606354810238
0.716826265389877 0.462081128747795
0.718194254445964 0.462555066079295
0.719562243502052 0.463028169014085
0.719562243502052 0.462620932277924
0.720930232558139 0.463093145869947
0.720930232558139 0.462686567164179
0.722298221614227 0.463157894736842
0.723666210670315 0.463628396143734
0.723666210670315 0.463222416812609
0.725034199726402 0.463692038495188
0.72640218878249 0.464160839160839
0.727770177838577 0.464628820960699
0.727770177838577 0.464223385689354
0.727770177838577 0.463818657367044
0.727770177838577 0.463414634146341
0.729138166894665 0.463881636205396
0.729138166894665 0.463478260869565
0.729138166894665 0.463075586446568
0.729138166894665 0.462673611111111
0.730506155950752 0.463139635732871
0.730506155950752 0.462738301559792
0.73187414500684 0.463203463203463
0.733242134062927 0.463667820069204
0.734610123119015 0.464131374243734
0.735978112175103 0.464594127806563
0.735978112175103 0.464193270060397
0.73734610123119 0.464655172413793
0.73734610123119 0.464254952627046
0.73734610123119 0.463855421686747
0.738714090287278 0.464316423043852
0.740082079343365 0.464776632302406
0.741450068399453 0.465236051502146
0.741450068399453 0.46483704974271
0.74281805745554 0.465295629820051
0.744186046511628 0.465753424657534
0.745554035567715 0.466210436270316
0.745554035567715 0.465811965811966
0.746922024623803 0.466268146883006
0.748290013679891 0.466723549488055
0.749658002735978 0.467178175618073
0.751025991792066 0.46763202725724
0.751025991792066 0.467234042553192
0.752393980848153 0.467687074829932
0.753761969904241 0.468139337298216
0.755129958960328 0.468590831918506
0.756497948016416 0.469041560644614
0.756497948016416 0.46864406779661
0.757865937072503 0.469093988145639
0.759233926128591 0.469543147208122
0.760601915184679 0.469991546914624
0.760601915184679 0.469594594594595
0.760601915184679 0.469198312236287
0.761969904240766 0.46964586846543
0.763337893296854 0.470092670598147
0.764705882352941 0.470538720538721
0.764705882352941 0.470142977291842
0.764705882352941 0.469747899159664
0.764705882352941 0.469353484466835
0.764705882352941 0.468959731543624
0.766073871409029 0.46940486169321
0.767441860465116 0.469849246231156
0.767441860465116 0.469456066945607
0.768809849521204 0.469899665551839
0.770177838577291 0.470342522974102
0.771545827633379 0.470784641068447
0.771545827633379 0.470391993327773
0.771545827633379 0.47
0.771545827633379 0.469608659450458
0.771545827633379 0.469217970049917
0.772913816689466 0.469659185369909
0.772913816689466 0.469269102990033
0.774281805745554 0.469709543568465
0.774281805745554 0.469320066334992
0.775649794801642 0.469759734879867
0.775649794801642 0.469370860927152
0.777017783857729 0.469809760132341
0.778385772913817 0.470247933884298
0.779753761969904 0.470685383980182
0.779753761969904 0.47029702970297
0.779753761969904 0.469909315746084
0.779753761969904 0.469522240527183
0.781121751025992 0.469958847736625
0.781121751025992 0.469572368421053
0.782489740082079 0.470008216926869
0.783857729138167 0.470443349753695
0.785225718194254 0.470877768662838
0.786593707250342 0.471311475409836
0.786593707250342 0.470925470925471
0.786593707250342 0.470540098199673
0.78796169630643 0.470973017170891
0.78796169630643 0.470588235294118
0.789329685362517 0.471020408163265
0.790697674418605 0.471451876019576
0.790697674418605 0.471067644661777
0.790697674418605 0.470684039087948
0.792065663474692 0.471114727420667
0.79343365253078 0.471544715447154
0.79343365253078 0.471161657189277
0.79343365253078 0.470779220779221
0.79343365253078 0.470397404703974
0.79343365253078 0.470016207455429
0.794801641586867 0.470445344129555
0.796169630642955 0.470873786407767
0.797537619699042 0.471301535974131
0.79890560875513 0.47172859450727
0.79890560875513 0.47134786117837
0.79890560875513 0.470967741935484
0.800273597811218 0.471394037066882
0.801641586867305 0.471819645732689
0.803009575923393 0.472244569589702
0.80437756497948 0.472668810289389
0.80437756497948 0.472289156626506
0.805745554035568 0.472712680577849
0.805745554035568 0.47233360064154
0.807113543091655 0.47275641025641
0.808481532147743 0.473178542834267
0.808481532147743 0.4728
0.80984952120383 0.473221422861711
0.811217510259918 0.473642172523962
0.811217510259918 0.473264166001596
0.812585499316005 0.473684210526316
0.812585499316005 0.473306772908367
0.812585499316005 0.472929936305732
0.812585499316005 0.47255369928401
0.813953488372093 0.472972972972973
0.813953488372093 0.472597299444003
0.815321477428181 0.473015873015873
0.816689466484268 0.473433782712133
0.818057455540356 0.473851030110935
0.818057455540356 0.47347585114806
0.819425444596443 0.473892405063291
0.820793433652531 0.474308300395257
0.820793433652531 0.4739336492891
0.822161422708618 0.474348855564325
0.823529411764706 0.474763406940063
0.823529411764706 0.474389282899921
0.824897400820793 0.474803149606299
0.826265389876881 0.475216365066876
0.826265389876881 0.474842767295597
0.826265389876881 0.474469756480754
0.827633378932969 0.474882260596546
0.829001367989056 0.475294117647059
0.830369357045144 0.475705329153605
0.831737346101231 0.476115896632733
0.833105335157319 0.476525821596244
0.834473324213406 0.476935105551212
0.834473324213406 0.4765625
0.835841313269494 0.476971116315379
0.837209302325581 0.477379095163807
0.837209302325581 0.477007014809041
0.838577291381669 0.47704280155642
0.839945280437757 0.477449455676516
0.841313269493844 0.477855477855478
0.842681258549932 0.478260869565217
0.842681258549932 0.47788983708301
0.844049247606019 0.478294573643411
0.844049247606019 0.477924089852827
0.845417236662107 0.478328173374613
0.845417236662107 0.477958236658933
0.846785225718194 0.478361669242658
0.846785225718194 0.477992277992278
0.846785225718194 0.477623456790123
0.848153214774282 0.478026214340786
0.848153214774282 0.477657935285054
0.848153214774282 0.477290223248653
0.848153214774282 0.476923076923077
0.849521203830369 0.477325134511914
0.850889192886457 0.477726574500768
0.852257181942544 0.478127398311589
0.852257181942544 0.477760736196319
0.852257181942544 0.477394636015326
0.853625170998632 0.477794793261868
0.85499316005472 0.478194338179036
0.85499316005472 0.47782874617737
0.856361149110807 0.478227654698243
0.857729138166895 0.478625954198473
0.857729138166895 0.478260869565217
0.857729138166895 0.477896341463415
0.859097127222982 0.478293983244478
0.86046511627907 0.47869101978691
0.861833105335157 0.479087452471483
0.861833105335157 0.478723404255319
0.861833105335157 0.478359908883827
0.861833105335157 0.477996965098634
0.863201094391245 0.478392721758908
0.864569083447332 0.478787878787879
0.864569083447332 0.478425435276306
0.864569083447332 0.478063540090772
0.86593707250342 0.478458049886621
0.86593707250342 0.47809667673716
0.867305061559507 0.478490566037736
0.868673050615595 0.478883861236802
0.868673050615595 0.47852298417483
0.870041039671683 0.478915662650602
0.87140902872777 0.479307750188111
0.87140902872777 0.478947368421053
0.87140902872777 0.478587528174305
0.872777017783858 0.478978978978979
0.874145006839945 0.479369842460615
0.874145006839945 0.479010494752624
0.874145006839945 0.478651685393258
0.875512995896033 0.479041916167665
0.87688098495212 0.479431563201197
0.87688098495212 0.479073243647235
0.87688098495212 0.478715459297984
0.87688098495212 0.478358208955224
0.87688098495212 0.47800149142431
0.878248974008208 0.478390461997019
0.878248974008208 0.478034251675354
0.878248974008208 0.477678571428571
0.879616963064295 0.478066914498141
0.879616963064295 0.477711738484398
0.879616963064295 0.47735708982925
0.880984952120383 0.477744807121662
0.882352941176471 0.478131949592291
0.883720930232558 0.478518518518519
0.885088919288646 0.478904515173945
0.886456908344733 0.479289940828402
0.887824897400821 0.479674796747967
0.889192886456908 0.480059084194978
0.890560875512996 0.480442804428044
0.891928864569083 0.480825958702065
0.893296853625171 0.481208548268239
0.894664842681259 0.48159057437408
0.896032831737346 0.481972038263429
0.897400820793434 0.482352941176471
0.898768809849521 0.482733284349743
0.898768809849521 0.482378854625551
0.898768809849521 0.482024944974321
0.898768809849521 0.481671554252199
0.898768809849521 0.481318681318681
0.900136798905609 0.481698389458272
0.901504787961696 0.482077542062911
0.902872777017784 0.482456140350877
0.904240766073871 0.482834185536888
0.905608755129959 0.483211678832117
0.906976744186046 0.483588621444201
0.908344733242134 0.483965014577259
0.909712722298222 0.484340859431901
0.911080711354309 0.48471615720524
0.912448700410397 0.485090909090909
0.912448700410397 0.484738372093023
0.913816689466484 0.485112563543936
0.915184678522572 0.485486211901306
0.916552667578659 0.485859318346628
0.917920656634747 0.486231884057971
0.919288645690834 0.486603910209993
0.920656634746922 0.486975397973951
0.920656634746922 0.486623282718727
0.92202462380301 0.486994219653179
0.92202462380301 0.486642599277978
0.923392612859097 0.487012987012987
0.923392612859097 0.486661860129776
0.923392612859097 0.486311239193084
0.924760601915185 0.486681065514759
0.924760601915185 0.486330935251799
0.926128590971272 0.486700215672178
0.92749658002736 0.487068965517241
0.928864569083447 0.487437185929648
0.930232558139535 0.48780487804878
0.931600547195622 0.488172043010753
0.931600547195622 0.487822349570201
0.93296853625171 0.488188976377953
0.934336525307798 0.488555078683834
0.934336525307798 0.488205861329521
0.934336525307798 0.487857142857143
0.934336525307798 0.48750892219843
0.935704514363885 0.487874465049929
0.937072503419973 0.48823948681397
0.93844049247606 0.488603988603989
0.939808481532148 0.488967971530249
0.941176470588235 0.489331436699858
0.941176470588235 0.488983653162758
0.941176470588235 0.488636363636364
0.942544459644323 0.488999290276792
0.94391244870041 0.48936170212766
0.945280437756498 0.489723600283487
0.946648426812586 0.490084985835694
0.948016415868673 0.490445859872611
0.949384404924761 0.490806223479491
0.950752393980848 0.491166077738516
0.950752393980848 0.490819209039548
0.950752393980848 0.490472829922371
0.952120383036936 0.49083215796897
0.953488372093023 0.491190979563073
0.954856361149111 0.491549295774648
0.963064295485636 0.493342676944639
0.964432284541724 0.493697478991597
0.964432284541724 0.493351994401679
0.965800273597811 0.493706293706294
0.967168262653899 0.494060097833683
0.968536251709986 0.494413407821229
0.968536251709986 0.494068387997209
0.969904240766074 0.49442119944212
0.971272229822161 0.494773519163763
0.971272229822161 0.494428969359331
0.971272229822161 0.494084899095337
0.971272229822161 0.493741307371349
0.972640218878249 0.494093120222377
0.972640218878249 0.49375
0.974008207934337 0.494101318528799
0.975376196990424 0.494452149791956
0.976744186046512 0.494802494802495
0.976744186046512 0.494459833795014
0.978112175102599 0.494809688581315
0.979480164158687 0.495159059474412
0.980848153214774 0.49550794747754
0.982216142270862 0.49585635359116
0.983584131326949 0.496204278812974
0.984952120383037 0.496551724137931
0.986320109439125 0.496898690558236
0.987688098495212 0.497245179063361
0.9890560875513 0.497591190640055
0.990424076607387 0.497936726272352
0.991792065663475 0.498281786941581
0.993160054719562 0.498626373626374
0.99452804377565 0.498970487302677
0.995896032831737 0.499314128943759
0.997264021887825 0.499657299520219
0.998632010943912 0.5
1 0.500342231348392
