0 0
0.00136986301369863 0
0.00273972602739726 0
0.00410958904109589 0
0.00410958904109589 0.00136798905608755
0.00410958904109589 0.0027359781121751
0.00410958904109589 0.00410396716826265
0.00547945205479452 0.00410396716826265
0.00684931506849315 0.00410396716826265
0.00821917808219178 0.00410396716826265
0.00958904109589041 0.00410396716826265
0.010958904109589 0.00410396716826265
0.0123287671232877 0.00410396716826265
0.0123287671232877 0.00547195622435021
0.0136986301369863 0.00547195622435021
0.0150684931506849 0.00547195622435021
0.0164383561643836 0.00547195622435021
0.0178082191780822 0.00547195622435021
0.0191780821917808 0.00547195622435021
0.0191780821917808 0.00683994528043776
0.0205479452054795 0.00683994528043776
0.0219178082191781 0.00683994528043776
0.0219178082191781 0.00820793433652531
0.0219178082191781 0.00957592339261286
0.0232876712328767 0.00957592339261286
0.0232876712328767 0.0109439124487004
0.0246575342465753 0.0109439124487004
0.026027397260274 0.0109439124487004
0.0273972602739726 0.0109439124487004
0.0273972602739726 0.012311901504788
0.0287671232876712 0.012311901504788
0.0287671232876712 0.0136798905608755
0.0287671232876712 0.0150478796169631
0.0287671232876712 0.0164158686730506
0.0301369863013699 0.0164158686730506
0.0315068493150685 0.0164158686730506
0.0315068493150685 0.0177838577291382
0.0328767123287671 0.0177838577291382
0.0342465753424658 0.0177838577291382
0.0342465753424658 0.0191518467852257
0.0356164383561644 0.0191518467852257
0.036986301369863 0.0191518467852257
0.0383561643835616 0.0191518467852257
0.0383561643835616 0.0205198358413133
0.0383561643835616 0.0218878248974008
0.0397260273972603 0.0218878248974008
0.0410958904109589 0.0218878248974008
0.0424657534246575 0.0218878248974008
0.0438356164383562 0.0218878248974008
0.0438356164383562 0.0232558139534884
0.0438356164383562 0.0246238030095759
0.0438356164383562 0.0259917920656635
0.0438356164383562 0.027359781121751
0.0438356164383562 0.0287277701778386
0.0438356164383562 0.0300957592339261
0.0452054794520548 0.0300957592339261
0.0465753424657534 0.0300957592339261
0.0479452054794521 0.0300957592339261
0.0479452054794521 0.0314637482900137
0.0493150684931507 0.0314637482900137
0.0506849315068493 0.0314637482900137
0.0520547945205479 0.0314637482900137
0.0534246575342466 0.0314637482900137
0.0534246575342466 0.0328317373461012
0.0534246575342466 0.0341997264021888
0.0547945205479452 0.0341997264021888
0.0561643835616438 0.0341997264021888
0.0575342465753425 0.0341997264021888
0.0575342465753425 0.0355677154582763
0.0575342465753425 0.0369357045143639
0.0589041095890411 0.0369357045143639
0.0589041095890411 0.0383036935704514
0.0602739726027397 0.0383036935704514
0.0602739726027397 0.039671682626539
0.0616438356164384 0.039671682626539
0.063013698630137 0.039671682626539
0.0643835616438356 0.039671682626539
0.0657534246575342 0.039671682626539
0.0671232876712329 0.039671682626539
0.0684931506849315 0.039671682626539
0.0698630136986301 0.039671682626539
0.0698630136986301 0.0410396716826265
0.0712328767123288 0.0410396716826265
0.0712328767123288 0.0424076607387141
0.0726027397260274 0.0424076607387141
0.073972602739726 0.0424076607387141
0.073972602739726 0.0437756497948016
0.073972602739726 0.0451436388508892
0.0753424657534247 0.0451436388508892
0.0753424657534247 0.0465116279069767
0.0767123287671233 0.0465116279069767
0.0780821917808219 0.0465116279069767
0.0794520547945206 0.0465116279069767
0.0794520547945206 0.0478796169630643
0.0808219178082192 0.0478796169630643
0.0821917808219178 0.0478796169630643
0.0821917808219178 0.0492476060191518
0.0835616438356164 0.0492476060191518
0.0849315068493151 0.0492476060191518
0.0849315068493151 0.0506155950752394
0.0863013698630137 0.0506155950752394
0.0876712328767123 0.0506155950752394
0.0876712328767123 0.0519835841313269
0.089041095890411 0.0519835841313269
0.0904109589041096 0.0519835841313269
0.0917808219178082 0.0519835841313269
0.0917808219178082 0.0533515731874145
0.0931506849315069 0.0533515731874145
0.0931506849315069 0.0547195622435021
0.0945205479452055 0.0547195622435021
0.0958904109589041 0.0547195622435021
0.0972602739726027 0.0547195622435021
0.0972602739726027 0.0560875512995896
0.0986301369863014 0.0560875512995896
0.0986301369863014 0.0574555403556772
0.0986301369863014 0.0588235294117647
0.1 0.0588235294117647
0.101369863013699 0.0588235294117647
0.102739726027397 0.0588235294117647
0.104109589041096 0.0588235294117647
0.104109589041096 0.0601915184678523
0.104109589041096 0.0615595075239398
0.105479452054795 0.0615595075239398
0.106849315068493 0.0615595075239398
0.108219178082192 0.0615595075239398
0.10958904109589 0.0615595075239398
0.110958904109589 0.0615595075239398
0.110958904109589 0.0629274965800274
0.112328767123288 0.0629274965800274
0.113698630136986 0.0629274965800274
0.113698630136986 0.0642954856361149
0.115068493150685 0.0642954856361149
0.116438356164384 0.0642954856361149
0.117808219178082 0.0642954856361149
0.117808219178082 0.0656634746922025
0.119178082191781 0.0656634746922025
0.120547945205479 0.0656634746922025
0.120547945205479 0.06703146374829
0.121917808219178 0.06703146374829
0.121917808219178 0.0683994528043776
0.121917808219178 0.0697674418604651
0.123287671232877 0.0697674418604651
0.124657534246575 0.0697674418604651
0.124657534246575 0.0711354309165527
0.126027397260274 0.0711354309165527
0.126027397260274 0.0725034199726402
0.126027397260274 0.0738714090287278
0.127397260273973 0.0738714090287278
0.127397260273973 0.0752393980848153
0.128767123287671 0.0752393980848153
0.128767123287671 0.0766073871409029
0.128767123287671 0.0779753761969904
0.13013698630137 0.0779753761969904
0.13013698630137 0.079343365253078
0.13013698630137 0.0807113543091655
0.13013698630137 0.0820793433652531
0.13013698630137 0.0834473324213406
0.13013698630137 0.0848153214774282
0.13013698630137 0.0861833105335157
0.131506849315068 0.0861833105335157
0.131506849315068 0.0875512995896033
0.132876712328767 0.0875512995896033
0.134246575342466 0.0875512995896033
0.135616438356164 0.0875512995896033
0.135616438356164 0.0889192886456908
0.136986301369863 0.0889192886456908
0.136986301369863 0.0902872777017784
0.136986301369863 0.0916552667578659
0.138356164383562 0.0916552667578659
0.138356164383562 0.0930232558139535
0.13972602739726 0.0930232558139535
0.13972602739726 0.094391244870041
0.141095890410959 0.094391244870041
0.142465753424658 0.094391244870041
0.143835616438356 0.094391244870041
0.145205479452055 0.094391244870041
0.146575342465753 0.094391244870041
0.147945205479452 0.094391244870041
0.149315068493151 0.094391244870041
0.149315068493151 0.0957592339261286
0.150684931506849 0.0957592339261286
0.150684931506849 0.0971272229822161
0.150684931506849 0.0984952120383037
0.150684931506849 0.0998632010943912
0.152054794520548 0.0998632010943912
0.152054794520548 0.101231190150479
0.152054794520548 0.102599179206566
0.153424657534247 0.102599179206566
0.154794520547945 0.102599179206566
0.154794520547945 0.103967168262654
0.156164383561644 0.103967168262654
0.156164383561644 0.105335157318741
0.156164383561644 0.106703146374829
0.157534246575342 0.106703146374829
0.158904109589041 0.106703146374829
0.158904109589041 0.108071135430917
0.16027397260274 0.108071135430917
0.16027397260274 0.109439124487004
0.16027397260274 0.110807113543092
0.161643835616438 0.110807113543092
0.161643835616438 0.112175102599179
0.163013698630137 0.112175102599179
0.163013698630137 0.113543091655267
0.163013698630137 0.114911080711354
0.164383561643836 0.114911080711354
0.165753424657534 0.114911080711354
0.167123287671233 0.114911080711354
0.168493150684932 0.114911080711354
0.16986301369863 0.114911080711354
0.171232876712329 0.114911080711354
0.172602739726027 0.114911080711354
0.172602739726027 0.116279069767442
0.172602739726027 0.117647058823529
0.173972602739726 0.117647058823529
0.175342465753425 0.117647058823529
0.176712328767123 0.117647058823529
0.178082191780822 0.117647058823529
0.179452054794521 0.117647058823529
0.180821917808219 0.117647058823529
0.180821917808219 0.119015047879617
0.182191780821918 0.119015047879617
0.182191780821918 0.120383036935705
0.183561643835616 0.120383036935705
0.183561643835616 0.121751025991792
0.184931506849315 0.121751025991792
0.186301369863014 0.121751025991792
0.187671232876712 0.121751025991792
0.187671232876712 0.12311901504788
0.189041095890411 0.12311901504788
0.19041095890411 0.12311901504788
0.191780821917808 0.12311901504788
0.191780821917808 0.124487004103967
0.193150684931507 0.124487004103967
0.193150684931507 0.125854993160055
0.194520547945205 0.125854993160055
0.195890410958904 0.125854993160055
0.195890410958904 0.127222982216142
0.197260273972603 0.127222982216142
0.198630136986301 0.127222982216142
0.2 0.127222982216142
0.201369863013699 0.127222982216142
0.201369863013699 0.12859097127223
0.201369863013699 0.129958960328317
0.202739726027397 0.129958960328317
0.202739726027397 0.131326949384405
0.204109589041096 0.131326949384405
0.204109589041096 0.132694938440492
0.205479452054795 0.132694938440492
0.205479452054795 0.13406292749658
0.205479452054795 0.135430916552668
0.206849315068493 0.135430916552668
0.206849315068493 0.136798905608755
0.208219178082192 0.136798905608755
0.20958904109589 0.136798905608755
0.210958904109589 0.136798905608755
0.210958904109589 0.138166894664843
0.212328767123288 0.138166894664843
0.212328767123288 0.13953488372093
0.212328767123288 0.140902872777018
0.212328767123288 0.142270861833105
0.213698630136986 0.142270861833105
0.215068493150685 0.142270861833105
0.215068493150685 0.143638850889193
0.215068493150685 0.14500683994528
0.215068493150685 0.146374829001368
0.215068493150685 0.147742818057456
0.216438356164384 0.147742818057456
0.217808219178082 0.147742818057456
0.219178082191781 0.147742818057456
0.220547945205479 0.147742818057456
0.221917808219178 0.147742818057456
0.223287671232877 0.147742818057456
0.223287671232877 0.149110807113543
0.223287671232877 0.150478796169631
0.223287671232877 0.151846785225718
0.223287671232877 0.153214774281806
0.223287671232877 0.154582763337893
0.224657534246575 0.154582763337893
0.226027397260274 0.154582763337893
0.227397260273973 0.154582763337893
0.228767123287671 0.154582763337893
0.228767123287671 0.155950752393981
0.23013698630137 0.155950752393981
0.23013698630137 0.157318741450068
0.23013698630137 0.158686730506156
0.231506849315068 0.158686730506156
0.232876712328767 0.158686730506156
0.234246575342466 0.158686730506156
0.235616438356164 0.158686730506156
0.236986301369863 0.158686730506156
0.236986301369863 0.160054719562244
0.236986301369863 0.161422708618331
0.236986301369863 0.162790697674419
0.238356164383562 0.162790697674419
0.23972602739726 0.162790697674419
0.241095890410959 0.162790697674419
0.241095890410959 0.164158686730506
0.241095890410959 0.165526675786594
0.242465753424658 0.165526675786594
0.243835616438356 0.165526675786594
0.245205479452055 0.165526675786594
0.246575342465753 0.165526675786594
0.246575342465753 0.166894664842681
0.247945205479452 0.166894664842681
0.247945205479452 0.168262653898769
0.247945205479452 0.169630642954856
0.247945205479452 0.170998632010944
0.249315068493151 0.170998632010944
0.250684931506849 0.170998632010944
0.250684931506849 0.172366621067031
0.250684931506849 0.173734610123119
0.252054794520548 0.173734610123119
0.252054794520548 0.175102599179207
0.253424657534247 0.175102599179207
0.254794520547945 0.175102599179207
0.254794520547945 0.176470588235294
0.254794520547945 0.177838577291382
0.254794520547945 0.179206566347469
0.254794520547945 0.180574555403557
0.256164383561644 0.180574555403557
0.257534246575342 0.180574555403557
0.257534246575342 0.181942544459644
0.257534246575342 0.183310533515732
0.257534246575342 0.184678522571819
0.257534246575342 0.186046511627907
0.257534246575342 0.187414500683995
0.258904109589041 0.187414500683995
0.26027397260274 0.187414500683995
0.26027397260274 0.188782489740082
0.261643835616438 0.188782489740082
0.261643835616438 0.19015047879617
0.263013698630137 0.19015047879617
0.263013698630137 0.191518467852257
0.263013698630137 0.192886456908345
0.264383561643836 0.192886456908345
0.265753424657534 0.192886456908345
0.267123287671233 0.192886456908345
0.267123287671233 0.194254445964432
0.267123287671233 0.19562243502052
0.268493150684932 0.19562243502052
0.26986301369863 0.19562243502052
0.26986301369863 0.196990424076607
0.26986301369863 0.198358413132695
0.271232876712329 0.198358413132695
0.271232876712329 0.199726402188782
0.271232876712329 0.20109439124487
0.271232876712329 0.202462380300958
0.271232876712329 0.203830369357045
0.271232876712329 0.205198358413133
0.272602739726027 0.205198358413133
0.272602739726027 0.20656634746922
0.272602739726027 0.207934336525308
0.272602739726027 0.209302325581395
0.273972602739726 0.209302325581395
0.273972602739726 0.210670314637483
0.275342465753425 0.210670314637483
0.276712328767123 0.210670314637483
0.278082191780822 0.210670314637483
0.279452054794521 0.210670314637483
0.280821917808219 0.210670314637483
0.280821917808219 0.21203830369357
0.282191780821918 0.21203830369357
0.282191780821918 0.213406292749658
0.282191780821918 0.214774281805746
0.282191780821918 0.216142270861833
0.283561643835616 0.216142270861833
0.283561643835616 0.217510259917921
0.283561643835616 0.218878248974008
0.284931506849315 0.218878248974008
0.286301369863014 0.218878248974008
0.286301369863014 0.220246238030096
0.286301369863014 0.221614227086183
0.286301369863014 0.222982216142271
0.287671232876712 0.222982216142271
0.289041095890411 0.222982216142271
0.289041095890411 0.224350205198358
0.29041095890411 0.224350205198358
0.29041095890411 0.225718194254446
0.291780821917808 0.225718194254446
0.293150684931507 0.225718194254446
0.294520547945205 0.225718194254446
0.294520547945205 0.227086183310534
0.295890410958904 0.227086183310534
0.295890410958904 0.228454172366621
0.297260273972603 0.228454172366621
0.298630136986301 0.228454172366621
0.3 0.228454172366621
0.301369863013699 0.228454172366621
0.302739726027397 0.228454172366621
0.302739726027397 0.229822161422709
0.304109589041096 0.229822161422709
0.305479452054795 0.229822161422709
0.305479452054795 0.231190150478796
0.305479452054795 0.232558139534884
0.306849315068493 0.232558139534884
0.306849315068493 0.233926128590971
0.308219178082192 0.233926128590971
0.30958904109589 0.233926128590971
0.310958904109589 0.233926128590971
0.310958904109589 0.235294117647059
0.310958904109589 0.236662106703146
0.312328767123288 0.236662106703146
0.312328767123288 0.238030095759234
0.312328767123288 0.239398084815321
0.313698630136986 0.239398084815321
0.315068493150685 0.239398084815321
0.315068493150685 0.240766073871409
0.315068493150685 0.242134062927497
0.316438356164384 0.242134062927497
0.317808219178082 0.242134062927497
0.317808219178082 0.243502051983584
0.317808219178082 0.244870041039672
0.319178082191781 0.244870041039672
0.319178082191781 0.246238030095759
0.320547945205479 0.246238030095759
0.320547945205479 0.247606019151847
0.320547945205479 0.248974008207934
0.321917808219178 0.248974008207934
0.323287671232877 0.248974008207934
0.324657534246575 0.248974008207934
0.326027397260274 0.248974008207934
0.327397260273973 0.248974008207934
0.328767123287671 0.248974008207934
0.328767123287671 0.250341997264022
0.328767123287671 0.251709986320109
0.328767123287671 0.253077975376197
0.33013698630137 0.253077975376197
0.33013698630137 0.254445964432285
0.33013698630137 0.255813953488372
0.331506849315069 0.255813953488372
0.331506849315069 0.25718194254446
0.331506849315069 0.258549931600547
0.331506849315069 0.259917920656635
0.332876712328767 0.259917920656635
0.334246575342466 0.259917920656635
0.335616438356164 0.259917920656635
0.336986301369863 0.259917920656635
0.336986301369863 0.261285909712722
0.336986301369863 0.26265389876881
0.338356164383562 0.26265389876881
0.33972602739726 0.26265389876881
0.33972602739726 0.264021887824897
0.33972602739726 0.265389876880985
0.341095890410959 0.265389876880985
0.342465753424658 0.265389876880985
0.342465753424658 0.266757865937073
0.342465753424658 0.26812585499316
0.343835616438356 0.26812585499316
0.345205479452055 0.26812585499316
0.345205479452055 0.269493844049248
0.346575342465753 0.269493844049248
0.347945205479452 0.269493844049248
0.347945205479452 0.270861833105335
0.349315068493151 0.270861833105335
0.350684931506849 0.270861833105335
0.352054794520548 0.270861833105335
0.353424657534247 0.270861833105335
0.353424657534247 0.272229822161423
0.353424657534247 0.27359781121751
0.353424657534247 0.274965800273598
0.353424657534247 0.276333789329685
0.354794520547945 0.276333789329685
0.356164383561644 0.276333789329685
0.357534246575342 0.276333789329685
0.358904109589041 0.276333789329685
0.358904109589041 0.277701778385773
0.36027397260274 0.277701778385773
0.36027397260274 0.27906976744186
0.36027397260274 0.280437756497948
0.361643835616438 0.280437756497948
0.363013698630137 0.280437756497948
0.363013698630137 0.281805745554036
0.363013698630137 0.283173734610123
0.363013698630137 0.284541723666211
0.363013698630137 0.285909712722298
0.364383561643836 0.285909712722298
0.365753424657534 0.285909712722298
0.367123287671233 0.285909712722298
0.367123287671233 0.287277701778386
0.367123287671233 0.288645690834473
0.367123287671233 0.290013679890561
0.367123287671233 0.291381668946648
0.368493150684931 0.291381668946648
0.368493150684931 0.292749658002736
0.36986301369863 0.292749658002736
0.36986301369863 0.294117647058824
0.371232876712329 0.294117647058824
0.371232876712329 0.295485636114911
0.372602739726027 0.295485636114911
0.373972602739726 0.295485636114911
0.373972602739726 0.296853625170999
0.375342465753425 0.296853625170999
0.375342465753425 0.298221614227086
0.375342465753425 0.299589603283174
0.376712328767123 0.299589603283174
0.376712328767123 0.300957592339261
0.376712328767123 0.302325581395349
0.378082191780822 0.302325581395349
0.379452054794521 0.302325581395349
0.379452054794521 0.303693570451436
0.380821917808219 0.303693570451436
0.382191780821918 0.303693570451436
0.383561643835616 0.303693570451436
0.384931506849315 0.303693570451436
0.386301369863014 0.303693570451436
0.386301369863014 0.305061559507524
0.386301369863014 0.306429548563611
0.387671232876712 0.306429548563611
0.387671232876712 0.307797537619699
0.387671232876712 0.309165526675787
0.387671232876712 0.310533515731874
0.389041095890411 0.310533515731874
0.39041095890411 0.310533515731874
0.39041095890411 0.311901504787962
0.391780821917808 0.311901504787962
0.391780821917808 0.313269493844049
0.393150684931507 0.313269493844049
0.394520547945205 0.313269493844049
0.395890410958904 0.313269493844049
0.395890410958904 0.314637482900137
0.397260273972603 0.314637482900137
0.398630136986301 0.314637482900137
0.4 0.314637482900137
0.4 0.316005471956224
0.4 0.318741450068399
0.401369863013699 0.318741450068399
0.401369863013699 0.320109439124487
0.402739726027397 0.320109439124487
0.402739726027397 0.321477428180575
0.404109589041096 0.321477428180575
0.404109589041096 0.322845417236662
0.404109589041096 0.32421340629275
0.404109589041096 0.325581395348837
0.404109589041096 0.326949384404925
0.405479452054795 0.326949384404925
0.406849315068493 0.326949384404925
0.406849315068493 0.328317373461012
0.406849315068493 0.3296853625171
0.408219178082192 0.3296853625171
0.408219178082192 0.331053351573187
0.40958904109589 0.331053351573187
0.410958904109589 0.331053351573187
0.412328767123288 0.331053351573187
0.412328767123288 0.332421340629275
0.413698630136986 0.332421340629275
0.413698630136986 0.333789329685363
0.415068493150685 0.333789329685363
0.415068493150685 0.33515731874145
0.415068493150685 0.336525307797538
0.415068493150685 0.337893296853625
0.416438356164384 0.337893296853625
0.416438356164384 0.339261285909713
0.417808219178082 0.339261285909713
0.417808219178082 0.3406292749658
0.417808219178082 0.341997264021888
0.419178082191781 0.341997264021888
0.420547945205479 0.341997264021888
0.421917808219178 0.341997264021888
0.423287671232877 0.341997264021888
0.424657534246575 0.341997264021888
0.424657534246575 0.343365253077975
0.424657534246575 0.344733242134063
0.426027397260274 0.344733242134063
0.427397260273973 0.344733242134063
0.427397260273973 0.34610123119015
0.428767123287671 0.34610123119015
0.428767123287671 0.347469220246238
0.428767123287671 0.348837209302326
0.43013698630137 0.348837209302326
0.43013698630137 0.350205198358413
0.43013698630137 0.351573187414501
0.431506849315068 0.351573187414501
0.432876712328767 0.351573187414501
0.432876712328767 0.352941176470588
0.434246575342466 0.352941176470588
0.435616438356164 0.352941176470588
0.436986301369863 0.352941176470588
0.436986301369863 0.354309165526676
0.438356164383562 0.354309165526676
0.438356164383562 0.355677154582763
0.43972602739726 0.355677154582763
0.441095890410959 0.355677154582763
0.442465753424658 0.355677154582763
0.442465753424658 0.357045143638851
0.442465753424658 0.358413132694938
0.442465753424658 0.359781121751026
0.442465753424658 0.361149110807114
0.442465753424658 0.362517099863201
0.442465753424658 0.363885088919289
0.443835616438356 0.363885088919289
0.445205479452055 0.363885088919289
0.446575342465753 0.363885088919289
0.447945205479452 0.363885088919289
0.449315068493151 0.363885088919289
0.449315068493151 0.365253077975376
0.449315068493151 0.366621067031464
0.450684931506849 0.366621067031464
0.452054794520548 0.366621067031464
0.452054794520548 0.367989056087551
0.452054794520548 0.369357045143639
0.452054794520548 0.370725034199726
0.453424657534247 0.370725034199726
0.454794520547945 0.370725034199726
0.454794520547945 0.372093023255814
0.456164383561644 0.372093023255814
0.457534246575342 0.372093023255814
0.458904109589041 0.372093023255814
0.458904109589041 0.373461012311901
0.458904109589041 0.374829001367989
0.46027397260274 0.374829001367989
0.46027397260274 0.376196990424077
0.461643835616438 0.376196990424077
0.461643835616438 0.377564979480164
0.461643835616438 0.378932968536252
0.463013698630137 0.378932968536252
0.464383561643836 0.378932968536252
0.465753424657534 0.378932968536252
0.465753424657534 0.380300957592339
0.465753424657534 0.381668946648427
0.467123287671233 0.381668946648427
0.468493150684932 0.381668946648427
0.468493150684932 0.383036935704514
0.468493150684932 0.384404924760602
0.468493150684932 0.385772913816689
0.46986301369863 0.385772913816689
0.46986301369863 0.387140902872777
0.46986301369863 0.388508891928865
0.471232876712329 0.388508891928865
0.471232876712329 0.389876880984952
0.472602739726027 0.389876880984952
0.473972602739726 0.389876880984952
0.475342465753425 0.389876880984952
0.476712328767123 0.389876880984952
0.478082191780822 0.389876880984952
0.479452054794521 0.389876880984952
0.479452054794521 0.39124487004104
0.480821917808219 0.39124487004104
0.482191780821918 0.39124487004104
0.482191780821918 0.392612859097127
0.482191780821918 0.393980848153215
0.483561643835616 0.393980848153215
0.483561643835616 0.395348837209302
0.484931506849315 0.395348837209302
0.486301369863014 0.395348837209302
0.487671232876712 0.395348837209302
0.489041095890411 0.395348837209302
0.49041095890411 0.395348837209302
0.491780821917808 0.395348837209302
0.493150684931507 0.395348837209302
0.493150684931507 0.39671682626539
0.493150684931507 0.398084815321477
0.493150684931507 0.399452804377565
0.493150684931507 0.400820793433653
0.494520547945206 0.400820793433653
0.494520547945206 0.40218878248974
0.495890410958904 0.40218878248974
0.497260273972603 0.40218878248974
0.498630136986301 0.40218878248974
0.498630136986301 0.403556771545828
0.498630136986301 0.404924760601915
0.498630136986301 0.406292749658003
0.498630136986301 0.40766073871409
0.498630136986301 0.409028727770178
0.498630136986301 0.410396716826265
0.498630136986301 0.411764705882353
0.5 0.411764705882353
0.5 0.413132694938441
0.5 0.414500683994528
0.501369863013699 0.414500683994528
0.502739726027397 0.414500683994528
0.502739726027397 0.415868673050616
0.502739726027397 0.417236662106703
0.504109589041096 0.417236662106703
0.504109589041096 0.418604651162791
0.505479452054794 0.418604651162791
0.505479452054794 0.419972640218878
0.506849315068493 0.419972640218878
0.508219178082192 0.419972640218878
0.50958904109589 0.419972640218878
0.510958904109589 0.419972640218878
0.510958904109589 0.421340629274966
0.510958904109589 0.422708618331053
0.512328767123288 0.422708618331053
0.513698630136986 0.422708618331053
0.513698630136986 0.424076607387141
0.513698630136986 0.425444596443228
0.513698630136986 0.426812585499316
0.513698630136986 0.428180574555404
0.515068493150685 0.428180574555404
0.515068493150685 0.429548563611491
0.515068493150685 0.430916552667579
0.515068493150685 0.432284541723666
0.516438356164384 0.432284541723666
0.516438356164384 0.433652530779754
0.516438356164384 0.435020519835841
0.516438356164384 0.436388508891929
0.517808219178082 0.436388508891929
0.517808219178082 0.437756497948016
0.519178082191781 0.437756497948016
0.519178082191781 0.439124487004104
0.520547945205479 0.439124487004104
0.521917808219178 0.439124487004104
0.523287671232877 0.439124487004104
0.524657534246575 0.439124487004104
0.526027397260274 0.439124487004104
0.526027397260274 0.440492476060192
0.527397260273973 0.440492476060192
0.528767123287671 0.440492476060192
0.53013698630137 0.440492476060192
0.53013698630137 0.441860465116279
0.531506849315069 0.441860465116279
0.532876712328767 0.443228454172367
0.534246575342466 0.443228454172367
0.534246575342466 0.444596443228454
0.535616438356164 0.444596443228454
0.536986301369863 0.444596443228454
0.536986301369863 0.445964432284542
0.536986301369863 0.447332421340629
0.538356164383562 0.447332421340629
0.538356164383562 0.448700410396717
0.53972602739726 0.448700410396717
0.541095890410959 0.448700410396717
0.542465753424658 0.448700410396717
0.542465753424658 0.450068399452804
0.542465753424658 0.451436388508892
0.542465753424658 0.452804377564979
0.542465753424658 0.454172366621067
0.543835616438356 0.454172366621067
0.545205479452055 0.454172366621067
0.546575342465753 0.454172366621067
0.546575342465753 0.455540355677155
0.546575342465753 0.456908344733242
0.546575342465753 0.45827633378933
0.546575342465753 0.459644322845417
0.547945205479452 0.459644322845417
0.549315068493151 0.459644322845417
0.550684931506849 0.459644322845417
0.550684931506849 0.461012311901505
0.550684931506849 0.462380300957592
0.550684931506849 0.46374829001368
0.550684931506849 0.465116279069767
0.550684931506849 0.466484268125855
0.552054794520548 0.466484268125855
0.553424657534247 0.466484268125855
0.553424657534247 0.467852257181943
0.553424657534247 0.46922024623803
0.554794520547945 0.46922024623803
0.554794520547945 0.470588235294118
0.554794520547945 0.471956224350205
0.554794520547945 0.473324213406293
0.556164383561644 0.473324213406293
0.556164383561644 0.47469220246238
0.556164383561644 0.476060191518468
0.557534246575342 0.476060191518468
0.557534246575342 0.477428180574555
0.558904109589041 0.477428180574555
0.558904109589041 0.478796169630643
0.558904109589041 0.480164158686731
0.56027397260274 0.480164158686731
0.561643835616438 0.480164158686731
0.561643835616438 0.481532147742818
0.563013698630137 0.481532147742818
0.563013698630137 0.482900136798906
0.564383561643836 0.482900136798906
0.564383561643836 0.484268125854993
0.564383561643836 0.485636114911081
0.565753424657534 0.485636114911081
0.567123287671233 0.485636114911081
0.567123287671233 0.487004103967168
0.568493150684932 0.487004103967168
0.568493150684932 0.488372093023256
0.568493150684932 0.489740082079343
0.568493150684932 0.491108071135431
0.56986301369863 0.491108071135431
0.571232876712329 0.491108071135431
0.572602739726027 0.491108071135431
0.572602739726027 0.492476060191518
0.572602739726027 0.493844049247606
0.572602739726027 0.495212038303694
0.572602739726027 0.496580027359781
0.572602739726027 0.497948016415869
0.573972602739726 0.497948016415869
0.573972602739726 0.499316005471956
0.575342465753425 0.499316005471956
0.575342465753425 0.500683994528044
0.575342465753425 0.502051983584131
0.576712328767123 0.502051983584131
0.578082191780822 0.502051983584131
0.578082191780822 0.503419972640219
0.579452054794521 0.503419972640219
0.579452054794521 0.504787961696306
0.580821917808219 0.504787961696306
0.580821917808219 0.506155950752394
0.580821917808219 0.507523939808482
0.580821917808219 0.508891928864569
0.580821917808219 0.510259917920657
0.582191780821918 0.510259917920657
0.583561643835616 0.510259917920657
0.583561643835616 0.511627906976744
0.583561643835616 0.512995896032832
0.583561643835616 0.514363885088919
0.584931506849315 0.514363885088919
0.586301369863014 0.514363885088919
0.587671232876712 0.514363885088919
0.587671232876712 0.515731874145007
0.589041095890411 0.515731874145007
0.589041095890411 0.517099863201094
0.589041095890411 0.518467852257182
0.59041095890411 0.518467852257182
0.59041095890411 0.51983584131327
0.59041095890411 0.521203830369357
0.591780821917808 0.521203830369357
0.593150684931507 0.521203830369357
0.594520547945205 0.521203830369357
0.595890410958904 0.521203830369357
0.595890410958904 0.522571819425445
0.597260273972603 0.522571819425445
0.597260273972603 0.523939808481532
0.597260273972603 0.52530779753762
0.597260273972603 0.526675786593707
0.598630136986301 0.526675786593707
0.6 0.526675786593707
0.6 0.528043775649795
0.6 0.529411764705882
0.601369863013699 0.529411764705882
0.602739726027397 0.529411764705882
0.602739726027397 0.53077975376197
0.602739726027397 0.532147742818057
0.604109589041096 0.532147742818057
0.604109589041096 0.533515731874145
0.604109589041096 0.534883720930233
0.605479452054794 0.534883720930233
0.606849315068493 0.534883720930233
0.608219178082192 0.534883720930233
0.60958904109589 0.534883720930233
0.610958904109589 0.534883720930233
0.610958904109589 0.53625170998632
0.610958904109589 0.537619699042408
0.612328767123288 0.537619699042408
0.612328767123288 0.538987688098495
0.612328767123288 0.540355677154583
0.612328767123288 0.54172366621067
0.612328767123288 0.543091655266758
0.613698630136986 0.543091655266758
0.613698630136986 0.544459644322845
0.613698630136986 0.545827633378933
0.615068493150685 0.545827633378933
0.615068493150685 0.547195622435021
0.615068493150685 0.548563611491108
0.616438356164384 0.548563611491108
0.616438356164384 0.549931600547196
0.617808219178082 0.549931600547196
0.617808219178082 0.551299589603283
0.617808219178082 0.552667578659371
0.617808219178082 0.554035567715458
0.617808219178082 0.555403556771546
0.619178082191781 0.555403556771546
0.619178082191781 0.556771545827633
0.620547945205479 0.556771545827633
0.621917808219178 0.556771545827633
0.621917808219178 0.558139534883721
0.621917808219178 0.559507523939809
0.621917808219178 0.560875512995896
0.623287671232877 0.560875512995896
0.624657534246575 0.560875512995896
0.626027397260274 0.560875512995896
0.626027397260274 0.562243502051984
0.627397260273973 0.562243502051984
0.628767123287671 0.562243502051984
0.63013698630137 0.562243502051984
0.631506849315069 0.562243502051984
0.631506849315069 0.563611491108071
0.632876712328767 0.563611491108071
0.632876712328767 0.564979480164159
0.634246575342466 0.564979480164159
0.634246575342466 0.566347469220246
0.634246575342466 0.567715458276334
0.634246575342466 0.569083447332421
0.635616438356164 0.569083447332421
0.635616438356164 0.570451436388509
0.635616438356164 0.571819425444596
0.636986301369863 0.571819425444596
0.636986301369863 0.573187414500684
0.638356164383562 0.573187414500684
0.63972602739726 0.573187414500684
0.641095890410959 0.573187414500684
0.641095890410959 0.574555403556772
0.641095890410959 0.575923392612859
0.641095890410959 0.577291381668947
0.641095890410959 0.578659370725034
0.641095890410959 0.580027359781122
0.642465753424658 0.580027359781122
0.642465753424658 0.581395348837209
0.643835616438356 0.581395348837209
0.643835616438356 0.582763337893297
0.645205479452055 0.584131326949384
0.645205479452055 0.585499316005472
0.646575342465753 0.585499316005472
0.646575342465753 0.586867305061559
0.646575342465753 0.588235294117647
0.646575342465753 0.589603283173735
0.647945205479452 0.589603283173735
0.649315068493151 0.589603283173735
0.650684931506849 0.589603283173735
0.652054794520548 0.589603283173735
0.652054794520548 0.590971272229822
0.653424657534247 0.590971272229822
0.653424657534247 0.59233926128591
0.654794520547945 0.59233926128591
0.654794520547945 0.593707250341997
0.656164383561644 0.593707250341997
0.657534246575342 0.593707250341997
0.657534246575342 0.595075239398085
0.658904109589041 0.595075239398085
0.658904109589041 0.596443228454172
0.66027397260274 0.596443228454172
0.66027397260274 0.59781121751026
0.66027397260274 0.599179206566347
0.66027397260274 0.601915184678523
0.66027397260274 0.60328317373461
0.66027397260274 0.604651162790698
0.661643835616438 0.604651162790698
0.663013698630137 0.604651162790698
0.664383561643836 0.604651162790698
0.665753424657534 0.604651162790698
0.667123287671233 0.604651162790698
0.668493150684932 0.604651162790698
0.66986301369863 0.604651162790698
0.671232876712329 0.604651162790698
0.672602739726027 0.604651162790698
0.673972602739726 0.604651162790698
0.676712328767123 0.604651162790698
0.678082191780822 0.604651162790698
0.679452054794521 0.604651162790698
0.682191780821918 0.604651162790698
0.683561643835616 0.604651162790698
0.684931506849315 0.604651162790698
0.687671232876712 0.604651162790698
0.69041095890411 0.604651162790698
0.691780821917808 0.604651162790698
0.693150684931507 0.604651162790698
0.694520547945205 0.604651162790698
0.695890410958904 0.604651162790698
0.697260273972603 0.604651162790698
0.698630136986301 0.604651162790698
0.7 0.604651162790698
0.701369863013699 0.604651162790698
0.702739726027397 0.604651162790698
0.704109589041096 0.604651162790698
0.706849315068493 0.604651162790698
0.70958904109589 0.604651162790698
0.710958904109589 0.604651162790698
0.712328767123288 0.604651162790698
0.713698630136986 0.604651162790698
0.715068493150685 0.604651162790698
0.716438356164384 0.604651162790698
0.717808219178082 0.604651162790698
0.719178082191781 0.604651162790698
0.720547945205479 0.604651162790698
0.721917808219178 0.604651162790698
0.723287671232877 0.604651162790698
0.724657534246575 0.604651162790698
0.726027397260274 0.604651162790698
0.727397260273973 0.604651162790698
0.728767123287671 0.604651162790698
0.73013698630137 0.604651162790698
0.731506849315068 0.604651162790698
0.732876712328767 0.604651162790698
0.734246575342466 0.604651162790698
0.735616438356164 0.604651162790698
0.736986301369863 0.604651162790698
0.738356164383562 0.604651162790698
0.73972602739726 0.604651162790698
0.73972602739726 0.606019151846785
0.73972602739726 0.607387140902873
0.73972602739726 0.60875512995896
0.73972602739726 0.610123119015048
0.73972602739726 0.611491108071135
0.73972602739726 0.612859097127223
0.741095890410959 0.612859097127223
0.742465753424657 0.612859097127223
0.742465753424657 0.614227086183311
0.743835616438356 0.614227086183311
0.745205479452055 0.614227086183311
0.745205479452055 0.615595075239398
0.745205479452055 0.616963064295486
0.745205479452055 0.618331053351573
0.746575342465753 0.618331053351573
0.747945205479452 0.618331053351573
0.749315068493151 0.618331053351573
0.749315068493151 0.619699042407661
0.749315068493151 0.621067031463748
0.750684931506849 0.621067031463748
0.750684931506849 0.622435020519836
0.750684931506849 0.623803009575923
0.750684931506849 0.625170998632011
0.752054794520548 0.625170998632011
0.753424657534247 0.625170998632011
0.753424657534247 0.626538987688098
0.754794520547945 0.626538987688098
0.754794520547945 0.627906976744186
0.754794520547945 0.629274965800274
0.754794520547945 0.630642954856361
0.754794520547945 0.632010943912449
0.754794520547945 0.633378932968536
0.754794520547945 0.634746922024624
0.754794520547945 0.636114911080711
0.754794520547945 0.637482900136799
0.756164383561644 0.637482900136799
0.756164383561644 0.638850889192886
0.757534246575343 0.638850889192886
0.757534246575343 0.640218878248974
0.757534246575343 0.641586867305062
0.757534246575343 0.642954856361149
0.757534246575343 0.644322845417237
0.757534246575343 0.645690834473324
0.758904109589041 0.645690834473324
0.758904109589041 0.647058823529412
0.76027397260274 0.647058823529412
0.761643835616438 0.647058823529412
0.763013698630137 0.647058823529412
0.764383561643836 0.647058823529412
0.765753424657534 0.647058823529412
0.767123287671233 0.647058823529412
0.767123287671233 0.648426812585499
0.767123287671233 0.649794801641587
0.767123287671233 0.651162790697674
0.767123287671233 0.652530779753762
0.767123287671233 0.65389876880985
0.767123287671233 0.655266757865937
0.768493150684932 0.655266757865937
0.768493150684932 0.656634746922025
0.76986301369863 0.656634746922025
0.76986301369863 0.658002735978112
0.76986301369863 0.6593707250342
0.771232876712329 0.6593707250342
0.772602739726027 0.6593707250342
0.772602739726027 0.660738714090287
0.773972602739726 0.660738714090287
0.775342465753425 0.660738714090287
0.776712328767123 0.660738714090287
0.778082191780822 0.660738714090287
0.779452054794521 0.660738714090287
0.779452054794521 0.662106703146375
0.779452054794521 0.663474692202462
0.779452054794521 0.66484268125855
0.780821917808219 0.66484268125855
0.782191780821918 0.66484268125855
0.782191780821918 0.666210670314637
0.783561643835616 0.666210670314637
0.783561643835616 0.667578659370725
0.783561643835616 0.668946648426813
0.784931506849315 0.668946648426813
0.784931506849315 0.6703146374829
0.786301369863014 0.6703146374829
0.786301369863014 0.671682626538988
0.786301369863014 0.673050615595075
0.786301369863014 0.674418604651163
0.787671232876712 0.674418604651163
0.789041095890411 0.674418604651163
0.789041095890411 0.67578659370725
0.789041095890411 0.677154582763338
0.789041095890411 0.678522571819425
0.789041095890411 0.679890560875513
0.789041095890411 0.681258549931601
0.79041095890411 0.681258549931601
0.79041095890411 0.682626538987688
0.791780821917808 0.682626538987688
0.791780821917808 0.683994528043776
0.791780821917808 0.685362517099863
0.791780821917808 0.686730506155951
0.793150684931507 0.686730506155951
0.793150684931507 0.688098495212038
0.793150684931507 0.689466484268126
0.793150684931507 0.690834473324213
0.794520547945205 0.690834473324213
0.795890410958904 0.690834473324213
0.795890410958904 0.692202462380301
0.797260273972603 0.692202462380301
0.798630136986301 0.692202462380301
0.8 0.692202462380301
0.801369863013699 0.692202462380301
0.802739726027397 0.692202462380301
0.802739726027397 0.693570451436389
0.802739726027397 0.694938440492476
0.802739726027397 0.696306429548564
0.804109589041096 0.696306429548564
0.804109589041096 0.697674418604651
0.805479452054795 0.697674418604651
0.806849315068493 0.697674418604651
0.806849315068493 0.699042407660739
0.806849315068493 0.700410396716826
0.808219178082192 0.700410396716826
0.80958904109589 0.700410396716826
0.810958904109589 0.700410396716826
0.810958904109589 0.701778385772914
0.812328767123288 0.701778385772914
0.813698630136986 0.701778385772914
0.815068493150685 0.701778385772914
0.816438356164384 0.701778385772914
0.816438356164384 0.703146374829001
0.817808219178082 0.703146374829001
0.819178082191781 0.703146374829001
0.820547945205479 0.703146374829001
0.820547945205479 0.704514363885089
0.820547945205479 0.705882352941177
0.820547945205479 0.707250341997264
0.821917808219178 0.707250341997264
0.821917808219178 0.708618331053352
0.821917808219178 0.709986320109439
0.823287671232877 0.709986320109439
0.824657534246575 0.709986320109439
0.824657534246575 0.711354309165527
0.824657534246575 0.712722298221614
0.826027397260274 0.712722298221614
0.827397260273973 0.712722298221614
0.827397260273973 0.714090287277702
0.827397260273973 0.715458276333789
0.828767123287671 0.715458276333789
0.83013698630137 0.715458276333789
0.831506849315068 0.715458276333789
0.832876712328767 0.715458276333789
0.834246575342466 0.715458276333789
0.835616438356164 0.715458276333789
0.835616438356164 0.716826265389877
0.835616438356164 0.718194254445964
0.835616438356164 0.719562243502052
0.836986301369863 0.719562243502052
0.836986301369863 0.720930232558139
0.838356164383562 0.720930232558139
0.838356164383562 0.722298221614227
0.838356164383562 0.723666210670315
0.83972602739726 0.723666210670315
0.83972602739726 0.725034199726402
0.83972602739726 0.72640218878249
0.83972602739726 0.727770177838577
0.841095890410959 0.727770177838577
0.842465753424658 0.727770177838577
0.843835616438356 0.727770177838577
0.843835616438356 0.729138166894665
0.845205479452055 0.729138166894665
0.846575342465753 0.729138166894665
0.847945205479452 0.729138166894665
0.847945205479452 0.730506155950752
0.849315068493151 0.730506155950752
0.849315068493151 0.73187414500684
0.849315068493151 0.733242134062927
0.849315068493151 0.734610123119015
0.849315068493151 0.735978112175103
0.850684931506849 0.735978112175103
0.850684931506849 0.73734610123119
0.852054794520548 0.73734610123119
0.853424657534247 0.73734610123119
0.853424657534247 0.738714090287278
0.853424657534247 0.740082079343365
0.853424657534247 0.741450068399453
0.854794520547945 0.741450068399453
0.854794520547945 0.74281805745554
0.854794520547945 0.744186046511628
0.854794520547945 0.745554035567715
0.856164383561644 0.745554035567715
0.856164383561644 0.746922024623803
0.856164383561644 0.748290013679891
0.856164383561644 0.749658002735978
0.856164383561644 0.751025991792066
0.857534246575342 0.751025991792066
0.857534246575342 0.752393980848153
0.857534246575342 0.753761969904241
0.857534246575342 0.755129958960328
0.857534246575342 0.756497948016416
0.858904109589041 0.756497948016416
0.858904109589041 0.757865937072503
0.858904109589041 0.759233926128591
0.858904109589041 0.760601915184679
0.86027397260274 0.760601915184679
0.861643835616438 0.760601915184679
0.861643835616438 0.761969904240766
0.861643835616438 0.763337893296854
0.861643835616438 0.764705882352941
0.863013698630137 0.764705882352941
0.864383561643836 0.764705882352941
0.865753424657534 0.764705882352941
0.867123287671233 0.764705882352941
0.867123287671233 0.766073871409029
0.867123287671233 0.767441860465116
0.868493150684931 0.767441860465116
0.868493150684931 0.768809849521204
0.868493150684931 0.770177838577291
0.868493150684931 0.771545827633379
0.86986301369863 0.771545827633379
0.871232876712329 0.771545827633379
0.872602739726027 0.771545827633379
0.873972602739726 0.771545827633379
0.873972602739726 0.772913816689466
0.875342465753425 0.772913816689466
0.875342465753425 0.774281805745554
0.876712328767123 0.774281805745554
0.876712328767123 0.775649794801642
0.878082191780822 0.775649794801642
0.878082191780822 0.777017783857729
0.878082191780822 0.778385772913817
0.878082191780822 0.779753761969904
0.879452054794521 0.779753761969904
0.880821917808219 0.779753761969904
0.882191780821918 0.779753761969904
0.882191780821918 0.781121751025992
0.883561643835616 0.781121751025992
0.883561643835616 0.782489740082079
0.883561643835616 0.783857729138167
0.883561643835616 0.785225718194254
0.883561643835616 0.786593707250342
0.884931506849315 0.786593707250342
0.886301369863014 0.786593707250342
0.886301369863014 0.78796169630643
0.887671232876712 0.78796169630643
0.887671232876712 0.789329685362517
0.887671232876712 0.790697674418605
0.889041095890411 0.790697674418605
0.89041095890411 0.790697674418605
0.89041095890411 0.792065663474692
0.89041095890411 0.79343365253078
0.891780821917808 0.79343365253078
0.893150684931507 0.79343365253078
0.894520547945206 0.79343365253078
0.895890410958904 0.79343365253078
0.895890410958904 0.794801641586867
0.895890410958904 0.796169630642955
0.895890410958904 0.797537619699042
0.895890410958904 0.79890560875513
0.897260273972603 0.79890560875513
0.898630136986301 0.79890560875513
0.898630136986301 0.800273597811218
0.898630136986301 0.801641586867305
0.898630136986301 0.803009575923393
0.898630136986301 0.80437756497948
0.9 0.80437756497948
0.9 0.805745554035568
0.901369863013699 0.805745554035568
0.901369863013699 0.807113543091655
0.901369863013699 0.808481532147743
0.902739726027397 0.808481532147743
0.902739726027397 0.80984952120383
0.902739726027397 0.811217510259918
0.904109589041096 0.811217510259918
0.904109589041096 0.812585499316005
0.905479452054795 0.812585499316005
0.906849315068493 0.812585499316005
0.908219178082192 0.812585499316005
0.908219178082192 0.813953488372093
0.90958904109589 0.813953488372093
0.90958904109589 0.815321477428181
0.90958904109589 0.816689466484268
0.90958904109589 0.818057455540356
0.910958904109589 0.818057455540356
0.910958904109589 0.819425444596443
0.910958904109589 0.820793433652531
0.912328767123288 0.820793433652531
0.912328767123288 0.822161422708618
0.912328767123288 0.823529411764706
0.913698630136986 0.823529411764706
0.913698630136986 0.824897400820793
0.913698630136986 0.826265389876881
0.915068493150685 0.826265389876881
0.916438356164384 0.826265389876881
0.916438356164384 0.827633378932969
0.916438356164384 0.829001367989056
0.916438356164384 0.830369357045144
0.916438356164384 0.831737346101231
0.916438356164384 0.833105335157319
0.916438356164384 0.834473324213406
0.917808219178082 0.834473324213406
0.917808219178082 0.835841313269494
0.917808219178082 0.837209302325581
0.919178082191781 0.837209302325581
0.920547945205479 0.838577291381669
0.920547945205479 0.839945280437757
0.920547945205479 0.841313269493844
0.920547945205479 0.842681258549932
0.921917808219178 0.842681258549932
0.921917808219178 0.844049247606019
0.923287671232877 0.844049247606019
0.923287671232877 0.845417236662107
0.924657534246575 0.845417236662107
0.924657534246575 0.846785225718194
0.926027397260274 0.846785225718194
0.927397260273973 0.846785225718194
0.927397260273973 0.848153214774282
0.928767123287671 0.848153214774282
0.93013698630137 0.848153214774282
0.931506849315068 0.848153214774282
0.931506849315068 0.849521203830369
0.931506849315068 0.850889192886457
0.931506849315068 0.852257181942544
0.932876712328767 0.852257181942544
0.934246575342466 0.852257181942544
0.934246575342466 0.853625170998632
0.934246575342466 0.85499316005472
0.935616438356164 0.85499316005472
0.935616438356164 0.856361149110807
0.935616438356164 0.857729138166895
0.936986301369863 0.857729138166895
0.938356164383562 0.857729138166895
0.938356164383562 0.859097127222982
0.938356164383562 0.86046511627907
0.938356164383562 0.861833105335157
0.93972602739726 0.861833105335157
0.941095890410959 0.861833105335157
0.942465753424658 0.861833105335157
0.942465753424658 0.863201094391245
0.942465753424658 0.864569083447332
0.943835616438356 0.864569083447332
0.945205479452055 0.864569083447332
0.945205479452055 0.86593707250342
0.946575342465753 0.86593707250342
0.946575342465753 0.867305061559507
0.946575342465753 0.868673050615595
0.947945205479452 0.868673050615595
0.947945205479452 0.870041039671683
0.947945205479452 0.87140902872777
0.949315068493151 0.87140902872777
0.950684931506849 0.87140902872777
0.950684931506849 0.872777017783858
0.950684931506849 0.874145006839945
0.952054794520548 0.874145006839945
0.953424657534247 0.874145006839945
0.953424657534247 0.875512995896033
0.953424657534247 0.87688098495212
0.954794520547945 0.87688098495212
0.956164383561644 0.87688098495212
0.957534246575342 0.87688098495212
0.958904109589041 0.87688098495212
0.958904109589041 0.878248974008208
0.96027397260274 0.878248974008208
0.961643835616438 0.878248974008208
0.961643835616438 0.879616963064295
0.963013698630137 0.879616963064295
0.964383561643836 0.879616963064295
0.964383561643836 0.880984952120383
0.964383561643836 0.882352941176471
0.964383561643836 0.883720930232558
0.964383561643836 0.885088919288646
0.964383561643836 0.886456908344733
0.964383561643836 0.887824897400821
0.964383561643836 0.889192886456908
0.964383561643836 0.890560875512996
0.964383561643836 0.891928864569083
0.964383561643836 0.893296853625171
0.964383561643836 0.894664842681259
0.964383561643836 0.896032831737346
0.964383561643836 0.897400820793434
0.964383561643836 0.898768809849521
0.965753424657534 0.898768809849521
0.967123287671233 0.898768809849521
0.968493150684931 0.898768809849521
0.96986301369863 0.898768809849521
0.96986301369863 0.900136798905609
0.96986301369863 0.901504787961696
0.96986301369863 0.902872777017784
0.96986301369863 0.904240766073871
0.96986301369863 0.905608755129959
0.96986301369863 0.906976744186046
0.96986301369863 0.908344733242134
0.96986301369863 0.909712722298222
0.96986301369863 0.911080711354309
0.96986301369863 0.912448700410397
0.971232876712329 0.912448700410397
0.971232876712329 0.913816689466484
0.971232876712329 0.915184678522572
0.971232876712329 0.916552667578659
0.971232876712329 0.917920656634747
0.971232876712329 0.919288645690834
0.971232876712329 0.920656634746922
0.972602739726027 0.920656634746922
0.972602739726027 0.92202462380301
0.973972602739726 0.92202462380301
0.973972602739726 0.923392612859097
0.975342465753425 0.923392612859097
0.976712328767123 0.923392612859097
0.976712328767123 0.924760601915185
0.978082191780822 0.924760601915185
0.978082191780822 0.926128590971272
0.978082191780822 0.92749658002736
0.978082191780822 0.928864569083447
0.978082191780822 0.930232558139535
0.978082191780822 0.931600547195622
0.979452054794521 0.931600547195622
0.979452054794521 0.93296853625171
0.979452054794521 0.934336525307798
0.980821917808219 0.934336525307798
0.982191780821918 0.934336525307798
0.983561643835616 0.934336525307798
0.983561643835616 0.935704514363885
0.983561643835616 0.937072503419973
0.983561643835616 0.93844049247606
0.983561643835616 0.939808481532148
0.983561643835616 0.941176470588235
0.984931506849315 0.941176470588235
0.986301369863014 0.941176470588235
0.986301369863014 0.942544459644323
0.986301369863014 0.94391244870041
0.986301369863014 0.945280437756498
0.986301369863014 0.946648426812586
0.986301369863014 0.948016415868673
0.986301369863014 0.949384404924761
0.986301369863014 0.950752393980848
0.987671232876712 0.950752393980848
0.989041095890411 0.950752393980848
0.989041095890411 0.952120383036936
0.989041095890411 0.953488372093023
0.989041095890411 0.954856361149111
0.99041095890411 0.963064295485636
0.99041095890411 0.964432284541724
0.991780821917808 0.964432284541724
0.991780821917808 0.965800273597811
0.991780821917808 0.967168262653899
0.991780821917808 0.968536251709986
0.993150684931507 0.968536251709986
0.993150684931507 0.969904240766074
0.993150684931507 0.971272229822161
0.994520547945206 0.971272229822161
0.995890410958904 0.971272229822161
0.997260273972603 0.971272229822161
0.997260273972603 0.972640218878249
0.998630136986301 0.972640218878249
0.998630136986301 0.974008207934337
0.998630136986301 0.975376196990424
0.998630136986301 0.976744186046512
1 0.976744186046512
1 0.978112175102599
1 0.979480164158687
1 0.980848153214774
1 0.982216142270862
1 0.983584131326949
1 0.984952120383037
1 0.986320109439125
1 0.987688098495212
1 0.9890560875513
1 0.990424076607387
1 0.991792065663475
1 0.993160054719562
1 0.99452804377565
1 0.995896032831737
1 0.997264021887825
1 0.998632010943912
1 1
