0 NA
0.00192678227360308 1
0.00385356454720617 1
0.00578034682080925 1
0.00770712909441233 1
0.00963391136801541 1
0.0115606936416185 1
0.0134874759152216 1
0.0154142581888247 1
0.0173410404624277 1
0.0192678227360308 1
0.0211946050096339 1
0.023121387283237 1
0.023121387283237 0.923076923076923
0.0250481695568401 0.928571428571429
0.0269749518304432 0.933333333333333
0.0269749518304432 0.875
0.0289017341040462 0.882352941176471
0.0308285163776493 0.888888888888889
0.0327552986512524 0.894736842105263
0.0346820809248555 0.9
0.0366088631984586 0.904761904761905
0.0385356454720617 0.909090909090909
0.0404624277456647 0.91304347826087
0.0404624277456647 0.875
0.0423892100192678 0.88
0.0443159922928709 0.884615384615385
0.046242774566474 0.888888888888889
0.0481695568400771 0.892857142857143
0.0500963391136802 0.896551724137931
0.0520231213872832 0.9
0.0539499036608863 0.903225806451613
0.0558766859344894 0.90625
0.0578034682080925 0.909090909090909
0.0597302504816956 0.911764705882353
0.0616570327552987 0.914285714285714
0.0635838150289017 0.916666666666667
0.0655105973025048 0.918918918918919
0.0655105973025048 0.894736842105263
0.0674373795761079 0.897435897435897
0.069364161849711 0.9
0.0712909441233141 0.902439024390244
0.0732177263969171 0.904761904761905
0.0751445086705202 0.906976744186046
0.0770712909441233 0.909090909090909
0.0789980732177264 0.911111111111111
0.0809248554913295 0.91304347826087
0.0828516377649326 0.914893617021277
0.0847784200385356 0.916666666666667
0.0867052023121387 0.918367346938776
0.0886319845857418 0.92
0.0905587668593449 0.92156862745098
0.092485549132948 0.923076923076923
0.0944123314065511 0.924528301886792
0.0963391136801541 0.925925925925926
0.0982658959537572 0.927272727272727
0.10019267822736 0.928571428571429
0.10019267822736 0.912280701754386
0.102119460500963 0.913793103448276
0.104046242774566 0.915254237288136
0.10597302504817 0.916666666666667
0.107899807321773 0.918032786885246
0.109826589595376 0.919354838709677
0.111753371868979 0.920634920634921
0.113680154142582 0.921875
0.115606936416185 0.923076923076923
0.117533718689788 0.924242424242424
0.119460500963391 0.925373134328358
0.121387283236994 0.926470588235294
0.123314065510597 0.927536231884058
0.1252408477842 0.928571428571429
0.127167630057803 0.929577464788732
0.129094412331407 0.930555555555556
0.13102119460501 0.931506849315068
0.132947976878613 0.932432432432432
0.134874759152216 0.933333333333333
0.136801541425819 0.934210526315789
0.138728323699422 0.935064935064935
0.140655105973025 0.935897435897436
0.142581888246628 0.936708860759494
0.144508670520231 0.9375
0.146435452793834 0.938271604938272
0.148362235067437 0.939024390243902
0.15028901734104 0.939759036144578
0.15028901734104 0.928571428571429
0.152215799614644 0.929411764705882
0.154142581888247 0.930232558139535
0.154142581888247 0.919540229885057
0.15606936416185 0.920454545454545
0.157996146435453 0.921348314606742
0.159922928709056 0.922222222222222
0.161849710982659 0.923076923076923
0.161849710982659 0.91304347826087
0.161849710982659 0.903225806451613
0.163776493256262 0.904255319148936
0.165703275529865 0.905263157894737
0.167630057803468 0.90625
0.169556840077071 0.907216494845361
0.169556840077071 0.897959183673469
0.171483622350674 0.898989898989899
0.173410404624277 0.9
0.175337186897881 0.900990099009901
0.175337186897881 0.892156862745098
0.177263969171484 0.893203883495146
0.177263969171484 0.884615384615385
0.179190751445087 0.885714285714286
0.18111753371869 0.886792452830189
0.183044315992293 0.88785046728972
0.184971098265896 0.888888888888889
0.186897880539499 0.889908256880734
0.188824662813102 0.890909090909091
0.188824662813102 0.882882882882883
0.190751445086705 0.883928571428571
0.192678227360308 0.884955752212389
0.194605009633911 0.885964912280702
0.194605009633911 0.878260869565217
0.194605009633911 0.870689655172414
0.196531791907514 0.871794871794872
0.198458574181118 0.872881355932203
0.198458574181118 0.865546218487395
0.200385356454721 0.866666666666667
0.202312138728324 0.867768595041322
0.204238921001927 0.868852459016393
0.20616570327553 0.869918699186992
0.208092485549133 0.870967741935484
0.210019267822736 0.872
0.211946050096339 0.873015873015873
0.213872832369942 0.874015748031496
0.215799614643545 0.875
0.217726396917148 0.875968992248062
0.219653179190751 0.876923076923077
0.221579961464355 0.877862595419847
0.223506743737958 0.878787878787879
0.225433526011561 0.879699248120301
0.227360308285164 0.880597014925373
0.229287090558767 0.881481481481482
0.229287090558767 0.875
0.23121387283237 0.875912408759124
0.233140655105973 0.876811594202899
0.233140655105973 0.870503597122302
0.235067437379576 0.871428571428571
0.236994219653179 0.872340425531915
0.236994219653179 0.866197183098592
0.238921001926782 0.867132867132867
0.240847784200385 0.868055555555556
0.242774566473988 0.868965517241379
0.244701348747592 0.86986301369863
0.246628131021195 0.870748299319728
0.248554913294798 0.871621621621622
0.248554913294798 0.865771812080537
0.250481695568401 0.866666666666667
0.252408477842004 0.867549668874172
0.254335260115607 0.868421052631579
0.25626204238921 0.869281045751634
0.258188824662813 0.87012987012987
0.260115606936416 0.870967741935484
0.262042389210019 0.871794871794872
0.263969171483622 0.872611464968153
0.265895953757225 0.873417721518987
0.265895953757225 0.867924528301887
0.267822736030829 0.86875
0.269749518304432 0.869565217391304
0.271676300578035 0.87037037037037
0.273603082851638 0.871165644171779
0.275529865125241 0.871951219512195
0.277456647398844 0.872727272727273
0.279383429672447 0.873493975903614
0.28131021194605 0.874251497005988
0.283236994219653 0.875
0.285163776493256 0.875739644970414
0.287090558766859 0.876470588235294
0.289017341040462 0.87719298245614
0.290944123314065 0.877906976744186
0.292870905587669 0.878612716763006
0.294797687861272 0.879310344827586
0.296724470134875 0.88
0.296724470134875 0.875
0.298651252408478 0.875706214689266
0.298651252408478 0.870786516853933
0.298651252408478 0.865921787709497
0.300578034682081 0.866666666666667
0.302504816955684 0.867403314917127
0.304431599229287 0.868131868131868
0.30635838150289 0.868852459016393
0.30635838150289 0.864130434782609
0.308285163776493 0.864864864864865
0.310211946050096 0.865591397849462
0.312138728323699 0.866310160427808
0.314065510597302 0.867021276595745
0.315992292870906 0.867724867724868
0.315992292870906 0.863157894736842
0.317919075144509 0.863874345549738
0.319845857418112 0.864583333333333
0.321772639691715 0.865284974093264
0.323699421965318 0.865979381443299
0.323699421965318 0.861538461538462
0.323699421965318 0.857142857142857
0.325626204238921 0.857868020304569
0.327552986512524 0.858585858585859
0.329479768786127 0.85929648241206
0.33140655105973 0.86
0.333333333333333 0.860696517412935
0.335260115606936 0.861386138613861
0.335260115606936 0.857142857142857
0.33718689788054 0.857843137254902
0.339113680154143 0.858536585365854
0.341040462427746 0.859223300970874
0.342967244701349 0.859903381642512
0.344894026974952 0.860576923076923
0.346820809248555 0.861244019138756
0.348747591522158 0.861904761904762
0.348747591522158 0.85781990521327
0.350674373795761 0.858490566037736
0.352601156069364 0.859154929577465
0.354527938342967 0.85981308411215
0.35645472061657 0.86046511627907
0.358381502890173 0.861111111111111
0.360308285163776 0.861751152073733
0.36223506743738 0.862385321100917
0.364161849710983 0.863013698630137
0.364161849710983 0.859090909090909
0.366088631984586 0.85972850678733
0.366088631984586 0.855855855855856
0.368015414258189 0.856502242152466
0.369942196531792 0.857142857142857
0.371868978805395 0.857777777777778
0.373795761078998 0.858407079646018
0.375722543352601 0.859030837004405
0.377649325626204 0.859649122807018
0.379576107899807 0.860262008733624
0.379576107899807 0.856521739130435
0.38150289017341 0.857142857142857
0.383429672447013 0.857758620689655
0.385356454720617 0.858369098712446
0.385356454720617 0.854700854700855
0.38728323699422 0.85531914893617
0.389210019267823 0.855932203389831
0.391136801541426 0.856540084388186
0.391136801541426 0.852941176470588
0.391136801541426 0.849372384937239
0.391136801541426 0.845833333333333
0.393063583815029 0.846473029045643
0.394990366088632 0.847107438016529
0.396917148362235 0.847736625514403
0.398843930635838 0.848360655737705
0.400770712909441 0.848979591836735
0.402697495183044 0.849593495934959
0.404624277456647 0.850202429149798
0.404624277456647 0.846774193548387
0.404624277456647 0.843373493975904
0.404624277456647 0.84
0.40655105973025 0.840637450199203
0.408477842003854 0.841269841269841
0.410404624277457 0.841897233201581
0.410404624277457 0.838582677165354
0.41233140655106 0.83921568627451
0.414258188824663 0.83984375
0.416184971098266 0.840466926070039
0.418111753371869 0.84108527131783
0.420038535645472 0.841698841698842
0.420038535645472 0.838461538461538
0.421965317919075 0.839080459770115
0.423892100192678 0.83969465648855
0.425818882466281 0.840304182509506
0.425818882466281 0.837121212121212
0.427745664739884 0.837735849056604
0.427745664739884 0.834586466165414
0.429672447013488 0.835205992509363
0.431599229287091 0.835820895522388
0.433526011560694 0.836431226765799
0.435452793834297 0.837037037037037
0.4373795761079 0.837638376383764
0.439306358381503 0.838235294117647
0.439306358381503 0.835164835164835
0.441233140655106 0.835766423357664
0.441233140655106 0.832727272727273
0.443159922928709 0.833333333333333
0.445086705202312 0.833935018050541
0.447013487475915 0.834532374100719
0.447013487475915 0.831541218637993
0.448940269749518 0.832142857142857
0.450867052023121 0.832740213523132
0.452793834296724 0.833333333333333
0.452793834296724 0.830388692579505
0.454720616570328 0.830985915492958
0.456647398843931 0.831578947368421
0.458574181117534 0.832167832167832
0.460500963391137 0.832752613240418
0.46242774566474 0.833333333333333
0.46242774566474 0.830449826989619
0.464354527938343 0.831034482758621
0.466281310211946 0.831615120274914
0.468208092485549 0.832191780821918
0.468208092485549 0.829351535836177
0.468208092485549 0.826530612244898
0.470134874759152 0.827118644067797
0.472061657032755 0.827702702702703
0.472061657032755 0.824915824915825
0.473988439306358 0.825503355704698
0.475915221579961 0.826086956521739
0.477842003853565 0.826666666666667
0.479768786127168 0.827242524916944
0.481695568400771 0.827814569536424
0.481695568400771 0.825082508250825
0.481695568400771 0.822368421052632
0.483622350674374 0.822950819672131
0.485549132947977 0.823529411764706
0.48747591522158 0.824104234527687
0.48747591522158 0.821428571428571
0.489402697495183 0.822006472491909
0.491329479768786 0.82258064516129
0.493256262042389 0.823151125401929
0.495183044315992 0.823717948717949
0.497109826589595 0.824281150159744
0.499036608863198 0.82484076433121
0.500963391136802 0.825396825396825
0.502890173410405 0.825949367088608
0.504816955684008 0.826498422712934
0.506743737957611 0.827044025157233
0.506743737957611 0.824451410658307
0.506743737957611 0.821875
0.508670520231214 0.822429906542056
0.510597302504817 0.822981366459627
0.510597302504817 0.820433436532508
0.51252408477842 0.820987654320988
0.514450867052023 0.821538461538462
0.514450867052023 0.819018404907976
0.516377649325626 0.819571865443425
0.518304431599229 0.820121951219512
0.518304431599229 0.817629179331307
0.520231213872832 0.818181818181818
0.522157996146435 0.818731117824773
0.524084778420039 0.819277108433735
0.524084778420039 0.816816816816817
0.524084778420039 0.81437125748503
0.526011560693642 0.814925373134328
0.527938342967245 0.81547619047619
0.529865125240848 0.816023738872404
0.531791907514451 0.816568047337278
0.533718689788054 0.817109144542773
0.535645472061657 0.817647058823529
0.53757225433526 0.818181818181818
0.539499036608863 0.818713450292398
0.541425818882466 0.819241982507289
0.543352601156069 0.819767441860465
0.545279383429672 0.820289855072464
0.545279383429672 0.817919075144509
0.547206165703276 0.818443804034582
0.547206165703276 0.816091954022989
0.549132947976879 0.816618911174785
0.551059730250482 0.817142857142857
0.552986512524085 0.817663817663818
0.552986512524085 0.815340909090909
0.554913294797688 0.815864022662889
0.556840077071291 0.81638418079096
0.558766859344894 0.816901408450704
0.560693641618497 0.817415730337079
0.5626204238921 0.817927170868347
0.5626204238921 0.815642458100559
0.564547206165703 0.816155988857939
0.566473988439306 0.816666666666667
0.568400770712909 0.817174515235457
0.570327552986512 0.81767955801105
0.572254335260116 0.818181818181818
0.574181117533719 0.818681318681319
0.576107899807322 0.819178082191781
0.576107899807322 0.816939890710383
0.578034682080925 0.817438692098093
0.578034682080925 0.815217391304348
0.579961464354528 0.815718157181572
0.581888246628131 0.816216216216216
0.583815028901734 0.816711590296496
0.585741811175337 0.817204301075269
0.58766859344894 0.81769436997319
0.589595375722543 0.818181818181818
0.591522157996146 0.818666666666667
0.593448940269749 0.819148936170213
0.595375722543353 0.819628647214854
0.597302504816956 0.82010582010582
0.599229287090559 0.820580474934037
0.601156069364162 0.821052631578947
0.603082851637765 0.821522309711286
0.605009633911368 0.821989528795812
0.606936416184971 0.822454308093995
0.606936416184971 0.8203125
0.608863198458574 0.820779220779221
0.610789980732177 0.821243523316062
0.61271676300578 0.821705426356589
0.614643545279383 0.822164948453608
0.616570327552986 0.822622107969152
0.616570327552986 0.82051282051282
0.61849710982659 0.820971867007673
0.61849710982659 0.818877551020408
0.61849710982659 0.816793893129771
0.620423892100193 0.817258883248731
0.622350674373796 0.817721518987342
0.622350674373796 0.815656565656566
0.624277456647399 0.816120906801008
0.626204238921002 0.816582914572864
0.628131021194605 0.817042606516291
0.630057803468208 0.8175
0.631984585741811 0.817955112219451
0.631984585741811 0.81592039800995
0.633911368015414 0.816377171215881
0.635838150289017 0.816831683168317
0.63776493256262 0.817283950617284
0.639691714836224 0.817733990147783
0.639691714836224 0.815724815724816
0.641618497109827 0.816176470588235
0.641618497109827 0.814180929095355
0.64354527938343 0.814634146341463
0.645472061657033 0.815085158150852
0.645472061657033 0.813106796116505
0.647398843930636 0.813559322033898
0.647398843930636 0.811594202898551
0.649325626204239 0.812048192771084
0.649325626204239 0.810096153846154
0.651252408477842 0.810551558752998
0.651252408477842 0.808612440191388
0.651252408477842 0.806682577565632
0.653179190751445 0.807142857142857
0.655105973025048 0.807600950118765
0.657032755298651 0.808056872037915
0.658959537572254 0.808510638297872
0.660886319845857 0.808962264150943
0.660886319845857 0.807058823529412
0.662813102119461 0.807511737089202
0.664739884393064 0.807962529274005
0.666666666666667 0.808411214953271
0.666666666666667 0.806526806526807
0.66859344894027 0.806976744186046
0.66859344894027 0.805104408352668
0.670520231213873 0.805555555555556
0.672447013487476 0.806004618937644
0.674373795761079 0.806451612903226
0.676300578034682 0.806896551724138
0.678227360308285 0.807339449541284
0.680154142581888 0.807780320366133
0.680154142581888 0.805936073059361
0.682080924855491 0.806378132118451
0.684007707129094 0.806818181818182
0.685934489402698 0.807256235827664
0.687861271676301 0.807692307692308
0.687861271676301 0.805869074492099
0.689788053949904 0.806306306306306
0.691714836223507 0.806741573033708
0.69364161849711 0.807174887892377
0.695568400770713 0.807606263982103
0.695568400770713 0.805803571428571
0.695568400770713 0.804008908685969
0.695568400770713 0.802222222222222
0.695568400770713 0.800443458980044
0.697495183044316 0.800884955752212
0.699421965317919 0.801324503311258
0.701348747591522 0.801762114537445
0.703275529865125 0.802197802197802
0.703275529865125 0.800438596491228
0.703275529865125 0.798687089715536
0.703275529865125 0.796943231441048
0.703275529865125 0.79520697167756
0.703275529865125 0.793478260869565
0.703275529865125 0.79175704989154
0.703275529865125 0.79004329004329
0.705202312138728 0.790496760259179
0.705202312138728 0.788793103448276
0.705202312138728 0.787096774193548
0.707129094412331 0.78755364806867
0.709055876685935 0.788008565310492
0.709055876685935 0.786324786324786
0.710982658959538 0.786780383795309
0.712909441233141 0.787234042553192
0.714836223506744 0.787685774946921
0.714836223506744 0.786016949152542
0.716763005780347 0.78646934460888
0.716763005780347 0.784810126582278
0.716763005780347 0.783157894736842
0.71868978805395 0.783613445378151
0.71868978805395 0.781970649895178
0.71868978805395 0.780334728033473
0.71868978805395 0.778705636743215
0.720616570327553 0.779166666666667
0.722543352601156 0.77962577962578
0.722543352601156 0.778008298755187
0.724470134874759 0.778467908902691
0.726396917148362 0.778925619834711
0.728323699421965 0.779381443298969
0.730250481695568 0.779835390946502
0.732177263969171 0.780287474332649
0.732177263969171 0.778688524590164
0.732177263969171 0.777096114519427
0.732177263969171 0.775510204081633
0.734104046242775 0.775967413441955
0.736030828516378 0.776422764227642
0.736030828516378 0.774847870182556
0.736030828516378 0.773279352226721
0.737957610789981 0.773737373737374
0.737957610789981 0.772177419354839
0.737957610789981 0.770623742454728
0.737957610789981 0.769076305220884
0.739884393063584 0.769539078156313
0.741811175337187 0.77
0.74373795761079 0.770459081836327
0.745664739884393 0.770916334661355
0.747591522157996 0.771371769383698
0.749518304431599 0.771825396825397
0.749518304431599 0.77029702970297
0.749518304431599 0.768774703557312
0.751445086705202 0.769230769230769
0.753371868978805 0.769685039370079
0.755298651252408 0.770137524557957
0.757225433526012 0.770588235294118
0.757225433526012 0.76908023483366
0.759152215799615 0.76953125
0.761078998073218 0.769980506822612
0.763005780346821 0.770428015564202
0.764932562620424 0.770873786407767
0.766859344894027 0.771317829457364
0.766859344894027 0.769825918762089
0.766859344894027 0.768339768339768
0.766859344894027 0.766859344894027
0.766859344894027 0.765384615384615
0.766859344894027 0.763915547024952
0.76878612716763 0.764367816091954
0.770712909441233 0.764818355640535
0.772639691714836 0.765267175572519
0.772639691714836 0.763809523809524
0.772639691714836 0.762357414448669
0.774566473988439 0.76280834914611
0.776493256262042 0.763257575757576
0.778420038535645 0.763705103969754
0.778420038535645 0.762264150943396
0.778420038535645 0.760828625235405
0.780346820809249 0.761278195488722
0.780346820809249 0.75984990619137
0.780346820809249 0.758426966292135
0.782273603082852 0.758878504672897
0.782273603082852 0.757462686567164
0.782273603082852 0.756052141527002
0.782273603082852 0.754646840148699
0.782273603082852 0.753246753246753
0.782273603082852 0.751851851851852
0.784200385356455 0.752310536044362
0.784200385356455 0.750922509225092
0.786127167630058 0.751381215469613
0.788053949903661 0.751838235294118
0.789980732177264 0.752293577981651
0.789980732177264 0.750915750915751
0.789980732177264 0.749542961608775
0.789980732177264 0.748175182481752
0.791907514450867 0.748633879781421
0.79383429672447 0.749090909090909
0.79383429672447 0.747731397459165
0.795761078998073 0.748188405797101
0.795761078998073 0.746835443037975
0.797687861271676 0.747292418772563
0.799614643545279 0.747747747747748
0.799614643545279 0.746402877697842
0.801541425818882 0.746858168761221
0.801541425818882 0.745519713261649
0.803468208092486 0.745974955277281
0.803468208092486 0.744642857142857
0.805394990366089 0.745098039215686
0.807321772639692 0.745551601423488
0.807321772639692 0.744227353463588
0.807321772639692 0.74290780141844
0.809248554913295 0.743362831858407
0.811175337186898 0.743816254416961
0.813102119460501 0.744268077601411
0.813102119460501 0.742957746478873
0.813102119460501 0.741652021089631
0.815028901734104 0.742105263157895
0.815028901734104 0.740805604203152
0.816955684007707 0.741258741258741
0.81888246628131 0.741710296684119
0.81888246628131 0.740418118466899
0.820809248554913 0.740869565217391
0.822736030828516 0.741319444444444
0.824662813102119 0.741767764298094
0.826589595375723 0.742214532871972
0.826589595375723 0.740932642487047
0.828516377649326 0.741379310344828
0.830443159922929 0.741824440619621
0.832369942196532 0.742268041237113
0.834296724470135 0.742710120068611
0.836223506743738 0.743150684931507
0.838150289017341 0.743589743589744
0.838150289017341 0.742320819112628
0.838150289017341 0.741056218057922
0.838150289017341 0.739795918367347
0.840077071290944 0.740237691001698
0.840077071290944 0.738983050847458
0.840077071290944 0.737732656514382
0.842003853564547 0.738175675675676
0.842003853564547 0.736930860033727
0.842003853564547 0.735690235690236
0.842003853564547 0.734453781512605
0.84393063583815 0.73489932885906
0.84393063583815 0.733668341708543
0.845857418111753 0.734113712374582
0.847784200385356 0.734557595993322
0.84971098265896 0.735
0.851637764932563 0.735440931780366
0.851637764932563 0.73421926910299
0.853564547206166 0.734660033167496
0.855491329479769 0.735099337748344
0.855491329479769 0.733884297520661
0.857418111753372 0.734323432343234
0.859344894026975 0.734761120263591
0.861271676300578 0.735197368421053
0.861271676300578 0.733990147783251
0.863198458574181 0.734426229508197
0.865125240847784 0.734860883797054
0.865125240847784 0.733660130718954
0.867052023121387 0.734094616639478
0.86897880539499 0.734527687296417
0.86897880539499 0.733333333333333
0.86897880539499 0.732142857142857
0.86897880539499 0.73095623987034
0.870905587668593 0.731391585760518
0.872832369942196 0.731825525040388
0.872832369942196 0.730645161290323
0.8747591522158 0.731078904991948
0.876685934489403 0.731511254019293
0.876685934489403 0.730337078651685
0.876685934489403 0.729166666666667
0.878612716763006 0.7296
0.880539499036609 0.730031948881789
0.882466281310212 0.730462519936204
0.884393063583815 0.730891719745223
0.884393063583815 0.72972972972973
0.884393063583815 0.728571428571429
0.884393063583815 0.727416798732171
0.884393063583815 0.72626582278481
0.886319845857418 0.726698262243286
0.888246628131021 0.727129337539432
0.890173410404624 0.72755905511811
0.892100192678227 0.727987421383648
0.892100192678227 0.726844583987441
0.892100192678227 0.725705329153605
0.89402697495183 0.726134585289515
0.89402697495183 0.725
0.895953757225434 0.725429017160686
0.895953757225434 0.724299065420561
0.895953757225434 0.723172628304821
0.895953757225434 0.722049689440994
0.897880539499037 0.722480620155039
0.897880539499037 0.721362229102167
0.897880539499037 0.720247295208655
0.89980732177264 0.720679012345679
0.89980732177264 0.719568567026194
0.901734104046243 0.72
0.901734104046243 0.71889400921659
0.903660886319846 0.719325153374233
0.903660886319846 0.718223583460949
0.903660886319846 0.717125382262997
0.903660886319846 0.716030534351145
0.903660886319846 0.714939024390244
0.903660886319846 0.713850837138508
0.903660886319846 0.712765957446808
0.905587668593449 0.713201820940819
0.907514450867052 0.713636363636364
0.907514450867052 0.712556732223903
0.907514450867052 0.711480362537764
0.907514450867052 0.710407239819005
0.907514450867052 0.70933734939759
0.907514450867052 0.708270676691729
0.909441233140655 0.708708708708709
0.909441233140655 0.707646176911544
0.909441233140655 0.706586826347305
0.909441233140655 0.705530642750374
0.911368015414258 0.705970149253731
0.911368015414258 0.704918032786885
0.913294797687861 0.705357142857143
0.915221579961464 0.705794947994057
0.915221579961464 0.704747774480712
0.915221579961464 0.703703703703704
0.917148362235067 0.70414201183432
0.917148362235067 0.703101920236337
0.917148362235067 0.702064896755162
0.919075144508671 0.702503681885125
0.919075144508671 0.701470588235294
0.919075144508671 0.700440528634361
0.919075144508671 0.69941348973607
0.921001926782274 0.699853587115666
0.922928709055877 0.700292397660819
0.92485549132948 0.700729927007299
0.92485549132948 0.699708454810496
0.926782273603083 0.700145560407569
0.928709055876686 0.700581395348837
0.928709055876686 0.699564586357039
0.928709055876686 0.698550724637681
0.930635838150289 0.698986975397974
0.930635838150289 0.697976878612717
0.930635838150289 0.696969696969697
0.930635838150289 0.695965417867435
0.930635838150289 0.694964028776978
0.930635838150289 0.693965517241379
0.930635838150289 0.692969870875179
0.930635838150289 0.691977077363897
0.930635838150289 0.690987124463519
0.930635838150289 0.69
0.930635838150289 0.689015691868759
0.930635838150289 0.688034188034188
0.932562620423892 0.688477951635846
0.934489402697495 0.688920454545455
0.934489402697495 0.687943262411348
0.936416184971098 0.688385269121813
0.936416184971098 0.687411598302687
0.936416184971098 0.686440677966102
0.936416184971098 0.685472496473907
0.936416184971098 0.684507042253521
0.936416184971098 0.683544303797468
0.936416184971098 0.682584269662921
0.936416184971098 0.681626928471248
0.936416184971098 0.680672268907563
0.936416184971098 0.67972027972028
0.936416184971098 0.67877094972067
0.938342967244701 0.679218967921897
0.938342967244701 0.678272980501393
0.938342967244701 0.677329624478442
0.938342967244701 0.676388888888889
0.938342967244701 0.675450762829404
0.938342967244701 0.674515235457064
0.938342967244701 0.673582295988935
0.938342967244701 0.672651933701657
0.938342967244701 0.671724137931034
0.938342967244701 0.670798898071625
0.938342967244701 0.669876203576341
0.940269749518304 0.67032967032967
0.942196531791908 0.670781893004115
0.942196531791908 0.66986301369863
0.944123314065511 0.6703146374829
0.944123314065511 0.669398907103825
0.946050096339114 0.669849931787176
0.946050096339114 0.668937329700273
0.946050096339114 0.668027210884354
0.946050096339114 0.667119565217391
0.947976878612717 0.667571234735414
0.94990366088632 0.668021680216802
0.951830443159923 0.668470906630582
0.951830443159923 0.667567567567568
0.951830443159923 0.666666666666667
0.951830443159923 0.665768194070081
0.953757225433526 0.66621803499327
0.953757225433526 0.665322580645161
0.953757225433526 0.664429530201342
0.955684007707129 0.664879356568365
0.955684007707129 0.663989290495315
0.957610789980732 0.664438502673797
0.957610789980732 0.663551401869159
0.957610789980732 0.662666666666667
0.957610789980732 0.661784287616511
0.957610789980732 0.660904255319149
0.957610789980732 0.660026560424967
0.957610789980732 0.659151193633952
0.957610789980732 0.658278145695364
0.957610789980732 0.657407407407407
0.957610789980732 0.656538969616909
0.957610789980732 0.655672823218997
0.957610789980732 0.654808959156785
0.957610789980732 0.653947368421053
0.957610789980732 0.653088042049934
0.957610789980732 0.652230971128609
0.959537572254335 0.652686762778506
0.959537572254335 0.651832460732984
0.959537572254335 0.650980392156863
0.961464354527938 0.651436031331593
0.961464354527938 0.650586701434159
0.961464354527938 0.649739583333333
0.961464354527938 0.64889466840052
0.961464354527938 0.648051948051948
0.963391136801541 0.648508430609598
0.963391136801541 0.647668393782383
0.963391136801541 0.646830530401035
0.963391136801541 0.645994832041344
0.963391136801541 0.645161290322581
0.963391136801541 0.644329896907217
0.963391136801541 0.643500643500644
0.963391136801541 0.6426735218509
0.965317919075145 0.643132220795892
0.967244701348748 0.643589743589744
0.967244701348748 0.642765685019206
0.969171483622351 0.643222506393862
0.969171483622351 0.642401021711367
0.969171483622351 0.641581632653061
0.969171483622351 0.640764331210191
0.971098265895954 0.641221374045801
0.971098265895954 0.640406607369759
0.971098265895954 0.639593908629442
0.971098265895954 0.638783269961977
0.971098265895954 0.637974683544304
0.971098265895954 0.63716814159292
0.971098265895954 0.636363636363636
0.973025048169557 0.636822194199243
0.973025048169557 0.636020151133501
0.97495183044316 0.636477987421384
0.976878612716763 0.636934673366834
0.976878612716763 0.636135508155583
0.976878612716763 0.635338345864662
0.976878612716763 0.634543178973717
0.976878612716763 0.63375
0.976878612716763 0.632958801498127
0.976878612716763 0.63216957605985
0.978805394990366 0.632627646326276
0.978805394990366 0.631840796019901
0.980732177263969 0.632298136645963
0.980732177263969 0.63151364764268
0.980732177263969 0.630731102850062
0.980732177263969 0.629950495049505
0.980732177263969 0.629171817058096
0.980732177263969 0.628395061728395
0.980732177263969 0.627620221948212
0.980732177263969 0.626847290640394
0.980732177263969 0.626076260762608
0.980732177263969 0.625307125307125
0.980732177263969 0.624539877300613
0.980732177263969 0.623774509803922
0.980732177263969 0.623011015911873
0.980732177263969 0.622249388753056
0.980732177263969 0.621489621489622
0.980732177263969 0.620731707317073
0.980732177263969 0.619975639464068
0.980732177263969 0.619221411192214
0.980732177263969 0.618469015795869
0.980732177263969 0.617718446601942
0.980732177263969 0.616969696969697
0.980732177263969 0.616222760290557
0.980732177263969 0.615477629987908
0.982658959537572 0.615942028985507
0.984585741811175 0.616405307599518
0.984585741811175 0.61566265060241
0.984585741811175 0.614921780986763
0.984585741811175 0.614182692307692
0.984585741811175 0.613445378151261
0.984585741811175 0.612709832134293
0.984585741811175 0.611976047904192
0.986512524084778 0.61244019138756
0.986512524084778 0.611708482676225
0.986512524084778 0.610978520286396
0.986512524084778 0.610250297973778
0.986512524084778 0.60952380952381
0.988439306358382 0.609988109393579
0.988439306358382 0.609263657957245
0.990366088631985 0.609727164887307
0.990366088631985 0.609004739336493
0.990366088631985 0.608284023668639
0.990366088631985 0.607565011820331
0.990366088631985 0.606847697756789
0.990366088631985 0.606132075471698
0.990366088631985 0.605418138987044
0.990366088631985 0.604705882352941
0.992292870905588 0.605170387779083
0.992292870905588 0.604460093896714
0.992292870905588 0.603751465416178
0.992292870905588 0.603044496487119
0.992292870905588 0.60233918128655
0.992292870905588 0.601635514018692
0.992292870905588 0.600933488914819
0.992292870905588 0.6002331002331
0.994219653179191 0.60069848661234
0.994219653179191 0.6
0.994219653179191 0.599303135888502
0.994219653179191 0.59860788863109
0.994219653179191 0.597914252607184
0.994219653179191 0.597222222222222
0.996146435452794 0.597687861271676
0.996146435452794 0.596997690531178
0.996146435452794 0.596309111880046
0.996146435452794 0.595622119815668
0.996146435452794 0.594936708860759
0.996146435452794 0.594252873563218
0.996146435452794 0.593570608495982
0.996146435452794 0.592889908256881
0.996146435452794 0.592210767468499
0.996146435452794 0.591533180778032
0.996146435452794 0.590857142857143
0.996146435452794 0.590182648401826
0.996146435452794 0.589509692132269
0.996146435452794 0.588838268792711
0.996146435452794 0.588168373151308
0.996146435452794 0.5875
0.996146435452794 0.58683314415437
0.996146435452794 0.586167800453515
0.996146435452794 0.585503963759909
0.996146435452794 0.584841628959276
0.996146435452794 0.584180790960452
0.996146435452794 0.58352144469526
0.996146435452794 0.582863585118377
0.996146435452794 0.582207207207207
0.996146435452794 0.581552305961755
0.996146435452794 0.580898876404494
0.996146435452794 0.580246913580247
0.996146435452794 0.579596412556054
0.996146435452794 0.578947368421053
0.996146435452794 0.578299776286353
0.996146435452794 0.577653631284916
0.996146435452794 0.577008928571429
0.996146435452794 0.576365663322185
0.996146435452794 0.575723830734967
0.996146435452794 0.575083426028921
0.996146435452794 0.574444444444444
0.996146435452794 0.573806881243063
0.996146435452794 0.573170731707317
0.996146435452794 0.572535991140642
0.996146435452794 0.571902654867257
0.996146435452794 0.571270718232044
0.996146435452794 0.570640176600442
0.996146435452794 0.570011025358324
0.996146435452794 0.569383259911894
0.998073217726397 0.56985698569857
0.998073217726397 0.569230769230769
0.998073217726397 0.56860592755214
0.998073217726397 0.567982456140351
0.998073217726397 0.567360350492881
0.998073217726397 0.566739606126915
0.998073217726397 0.566120218579235
0.998073217726397 0.565502183406114
0.998073217726397 0.564885496183206
0.998073217726397 0.564270152505447
0.998073217726397 0.563656147986942
0.998073217726397 0.56304347826087
0.998073217726397 0.56243213897937
0.998073217726397 0.561822125813449
0.998073217726397 0.561213434452871
0.998073217726397 0.560606060606061
0.998073217726397 0.56
0.998073217726397 0.55939524838013
0.998073217726397 0.558791801510248
0.998073217726397 0.558189655172414
0.998073217726397 0.557588805166846
0.998073217726397 0.556989247311828
0.998073217726397 0.556390977443609
0.998073217726397 0.555793991416309
0.998073217726397 0.555198285101822
0.998073217726397 0.554603854389722
0.998073217726397 0.554010695187166
0.998073217726397 0.553418803418803
0.998073217726397 0.552828175026681
0.998073217726397 0.552238805970149
0.998073217726397 0.551650692225772
0.998073217726397 0.551063829787234
0.998073217726397 0.55047821466525
0.998073217726397 0.549893842887473
0.998073217726397 0.549310710498409
0.998073217726397 0.548728813559322
0.998073217726397 0.548148148148148
0.998073217726397 0.547568710359408
0.998073217726397 0.546990496304118
0.998073217726397 0.546413502109705
0.998073217726397 0.545837723919916
0.998073217726397 0.545263157894737
0.998073217726397 0.544689800210305
0.998073217726397 0.544117647058823
0.998073217726397 0.543546694648478
0.998073217726397 0.542976939203354
0.998073217726397 0.542408376963351
0.998073217726397 0.5418410041841
0.998073217726397 0.541274817136886
0.998073217726397 0.54070981210856
0.998073217726397 0.54014598540146
0.998073217726397 0.539583333333333
0.998073217726397 0.539021852237253
0.998073217726397 0.538461538461538
0.998073217726397 0.537902388369678
0.998073217726397 0.537344398340249
0.998073217726397 0.536787564766839
0.998073217726397 0.536231884057971
0.998073217726397 0.535677352637022
0.998073217726397 0.535123966942149
0.998073217726397 0.534571723426213
0.998073217726397 0.534020618556701
0.998073217726397 0.533470648815654
0.998073217726397 0.532921810699588
0.998073217726397 0.532374100719424
0.998073217726397 0.531827515400411
0.998073217726397 0.531282051282051
0.998073217726397 0.530737704918033
0.998073217726397 0.530194472876152
0.998073217726397 0.529652351738241
0.998073217726397 0.529111338100102
0.998073217726397 0.528571428571429
0.998073217726397 0.528032619775739
0.998073217726397 0.527494908350306
0.998073217726397 0.526958290946083
0.998073217726397 0.526422764227642
0.998073217726397 0.525888324873096
0.998073217726397 0.525354969574036
1 0.525835866261398
1 0.525303643724696
1 0.524772497472194
1 0.524242424242424
1 0.523713420787084
1 0.523185483870968
1 0.522658610271903
1 0.522132796780684
1 0.521608040201005
1 0.521084337349398
1 0.520561685055166
1 0.520040080160321
1 0.519519519519519
1 0.519
1 0.518481518481518
1 0.517964071856287
1 0.517447657028913
1 0.516932270916335
1 0.516417910447761
1 0.515904572564612
1 0.515392254220457
1 0.514880952380952
1 0.514370664023786
1 0.513861386138614
1 0.513353115727003
1 0.512845849802372
1 0.512339585389931
1 0.511834319526627
1 0.511330049261084
1 0.510826771653543
1 0.510324483775811
1 0.509823182711198
1 0.509322865554465
1 0.508823529411765
1 0.508325171400588
1 0.507827788649706
1 0.50733137829912
1 0.5068359375
1 0.506341463414634
1 0.505847953216374
1 0.505355404089581
1 0.504863813229572
1 0.504373177842566
1 0.503883495145631
1 0.503394762366634
1 0.502906976744186
1 0.50242013552759
1 0.501934235976789
1 0.501449275362319
1 0.500965250965251
1 0.500482160077146
1 0.5
