sgRNA sequence	GC% total	GC% 6PAMP	GC% 4PAMP	Mean efficiency	SEM	
CTCACAGACGGCGCCCGGCG	80	100	100	0.474112001	0.02116738	
GCCCAGGGGGAATCGGCCGC	80	100	100	0.407225405	0.011580435	
CCGCGCCGAGGACTACCGCC	80	83.33333333	100	0.456826656	0.014003561	
AAAGAGCTGCGGGCCGGGCG	75	100	100	0.069536738	0.003346507	
CGTCGTTCTCGCCACCGCGC	75	100	100	0.146099847	0.00631515	
ACGCGCACGGGTCTCACGCC	75	83.33333333	100	0.328751416	0.014331746	
GGCACCGGGTAGCCTTGCGC	75	66.66666667	100	0.349715624	0.033933574	
CTGGGCCGGCGTGTCCGTTC	75	66.66666667	50	0.432837943	0.00425029	
GGGCTCCAGGCTGCGCGCAA	75	66.66666667	50	0.230824794	0.009781782	
CGCCGGCACCGCGTCCCTAT	75	50	25	0.254206107	0.007036701	
CAACCAACAGGTCCGGCCCC	70	100	100	0.383313341	0.029216777	
AGGGAGTCCGCATAGGCGGC	70	100	100	0.181907213	0.004358458	
TCGCGGGCTTGCATGACGCG	70	83.33333333	100	0.329481952	0.007532574	
TGACGCCTCAGGGTGCCGTC	70	83.33333333	75	0.65942659	0.007793104	
ACCGAAAGTCGCGCCGGACG	70	83.33333333	75	0.249561279	0.017295869	
AGTCCTCACCGTGGGGCACC	70	83.33333333	75	0.090691763	0.003321962	
CAGCCTCTCCCTGCGGATGC	70	66.66666667	50	0.250913216	0.026143399	
CCTGGATGATACGCTGGCGC	65	83.33333333	100	0.180709738	0.004606309	
GCATGCCCACCTTATCGGCG	65	83.33333333	100	0.116921695	0.006776854	
CAGGCATTGTGACGACGCGC	65	83.33333333	100	0.17438184	0.011739317	
TTGACATCAGCGCGCGAGGC	65	83.33333333	75	0.389342941	0.020648323	
ACCAGCATATGCCGGCCTGC	65	83.33333333	75	0.76698655	0.022005535	
TGTTCCCTACACGGCGCCAG	65	83.33333333	75	0.253098468	0.013872226	
GGATGTTCCGGCACAACGCC	65	66.66666667	100	0.275327255	0.015450097	
GTGTCCAGGCTCGTCATGCC	65	66.66666667	75	0.860320032	0.056836932	
CCTTCGCGAGCACCCGGAAA	65	50	25	0.381172456	0.023227881	
CCGCCGTGTGCTGCGAATAC	65	33.33333333	25	0.166092642	0.001501014	
GGTTACCAACTCAGGACCCG	60	83.33333333	100	0.485759532	0.044229963	
AGACTGGTTTCCACCCGCTC	60	83.33333333	75	1.297751273	0.073769418	
GGAATAACCACGTCCCGCGT	60	83.33333333	75	0.28938268	0.005946098	
CCACCGCGATATATGGGCGA	60	83.33333333	75	0.571102349	0.018483155	
GACCGGATTCGCTACAACCC	60	66.66666667	75	0.696260208	0.057482887	
CAAGCAAGTCCGGTCGGTTG	60	66.66666667	50	0.35314738	0.007386438	
ATATCGGAGTCGGCCCAACC	60	66.66666667	50	0.411323524	0.009153083	
GCTCTGGACCATACGGGGAT	60	66.66666667	50	0.174647152	0.010960143	
TGCGCTTACCGACGATTGGG	60	50	75	0.110910151	0.007957701	
CTTCCGACCCTTCGTTAGCC	60	50	75	0.181521344	0.011529744	
ACCGCCAAACGGACCGCTTA	60	50	25	0.310523009	0.008912929	
CCGTCGAAGAACCGCGCAAT	60	50	25	1.029402815	0.085137546	
TCGATGACGCCCGGGTTAAC	60	33.33333333	25	0.260025073	0.009085014	
TCCTATTACTGCGTGCAGCC	55	83.33333333	75	1.342145722	0.062090308	
GCGAGTTATCTATCCCCAGG	55	83.33333333	75	0.474912047	0.022408527	
GGAGCGAGTTATCTATCCCC	55	66.66666667	100	0.061812861	0.004012233	
AACGACATCACGGTCCATGC	55	66.66666667	50	0.242354092	0.013886224	
GGTTCACTATTGGGGCGATC	55	66.66666667	50	0.177149437	0.010402989	
ATCTTCCCGTCGACATAGCC	55	50	75	0.16088364	0.009856311	
ATCTGGTCAGGACGCAAAGC	55	50	50	0.140599012	0.010764109	
TCGAGGATGGGACGCTTATC	55	33.33333333	25	0.505284878	0.024524156	
CGACGTTCCTGGCTCAATTG	55	33.33333333	25	0.906732313	0.032238284	
TTGGCCGCGACCTGTTTATC	55	16.66666667	25	0.928241634	0.016922737	
GTGCTGCGCCAACCCAAATA	55	16.66666667	0	0.084904618	0.005164216	
CGAATTACTACGTAGAGCGG	50	83.33333333	100	0.111688629	0.011102383	
TAAGACATACGTACGCCCAG	50	83.33333333	75	0.181350319	0.005649939	
TTGTTCGAAGATCTGCGCGA	50	83.33333333	75	0.221185865	0.008424084	
ATAGTTCCCTCCATGCCCTT	50	66.66666667	50	0.077864168	0.004206695	
CCAGTAACGTCAAAGCTAGG	50	66.66666667	50	0.106795782	0.006187055	
AACTCAAAGACCCGCTTTCG	50	50	50	0.140756985	0.005695062	
AAGTAGGCTCTCCTGAATGG	50	50	50	0.122415605	0.002635378	
GTCGGAACCTGAGTCGTTTT	50	33.33333333	0	0.589086648	0.008036036	
ATCTGACCTCCCGGCTAATT	50	16.66666667	0	0.057366313	0.001434327	
TGCGGTCGCGTGAGAAATAT	50	0	0	0.028758274	0.00154628	
TCGTACCGCACCGGTATTTT	50	0	0	0.156451933	0.005995765	
AAACAGAAGGTCTTCCCCAA	45	66.66666667	50	0.304562105	0.024415745	
TTGTTTGCTGGTACAAACGC	45	50	75	0.29932773	0.016171315	
GTGGAATCTACTGTGGAATC	45	50	25	0.296856138	0.022072559	
ACCCTGTCCACTCATATATG	45	16.66666667	25	0.417200782	0.017624591	
GCCCGAAAGACACGTTTTTT	45	0	0	0.19700112	0.006526261	
GCACCCTGCACGAATTATTT	45	0	0	0.204079133	0.012256483	
TTCTGAGTACATGTGATACC	40	50	50	0.297365049	0.005463951	
GACAAAGGATACTCAAATCC	40	33.33333333	50	0.051690659	0.00331017	
TTCTCCGCTGTTATCCTATA	40	33.33333333	0	0.08181554	0.004309359	
CTGCCGTTCTTCAGAAATAT	40	0	0	0.310109132	0.024498066	
GAACTCCGACTAGATTATAT	35	0	0	0.40121327	0.022245429	
TTTTTTTGGGATCATATACG	30	33.33333333	50	0.12781853	0.012748566	
AAGATAAGTTCTCTCCTATT	30	33.33333333	0	0.045944478	0.000444581	