#Supplementary Data 13 - Total mutation rates observed in K562 with Cas9Sp nuclease				
#Gene	K562 (Control#1)	K562 (CAS9 + gRNA library only)	K562 (Control) - Read Count	K562 (Cas9 + gRNA library only) - Read Count
ABCC8_chr11_17483303	0	0.157977883	1227	4431
ABCC9_chr12_22068672	0	0.098993565	2102	6061
ABI1_chr10_27066055	0	0.060332896	11267	28177
ABL1_chr9_133710887	0	0	1694	4281
ABL2_chr1_179086468	0	0.115651503	1014	2594
ACKR2_chr3_42906210	0	0.111411746	1218	6283
ACKR3_chr2_237489282	0	0.327868852	950	3050
ACSL3_chr2_223783789	0	0.183486239	2074	4905
ACSL6_chr5_131326586	0.084638172	0.125698324	2363	7160
ACVR1_chr2_158636893	0	0	920	3671
ACVR1B_chr12_52369155	0	0.336494341	2836	9807
ACVR1C_chr2_158412719	0	0.285877644	1458	3498
ACVR2A_chr2_148653939	0	0.118539592	812	4218
ACVR2B_chr3_38519728	0	0.662251656	594	1661
ACVRL1_chr12_52307061	0	0.119426752	657	2512
ADCYAP1R1_chr7_31102886	0	0.059787158	2708	8363
ADORA1_chr1_203098271	0	0.093589144	500	2137
ADORA2A_chr22_24829384	0	0.147691788	8126	23698
ADORA2B_chr17_15848574	0	0.10032606	958	3987
ADORA3_chr1_112045892	0	0.227229691	2259	5281
ADRA1A_chr8_26722416	0	0.208793908	3397	8142
ADRA1B_chr5_159343913	0	0.482276344	1929	4147
ADRA1D_chr20_4229574	0	0.139508929	1099	3584
ADRA2A_chr10_112837973	0	0.042432815	3102	7070
ADRA2B_chr2_96781529	0	0.554623075	4080	13703
ADRA2C_chr4_3768454	0	0	1601	4359
ADRB1_chr10_115803924	0	0	995	2470
ADRB2_chr5_148206433	0	0.17211704	1187	2324
ADRB3_chr8_37823784	0	0.151646447	3460	9232
AFF1_chr4_87968234	0	0.229779412	676	2176
AFF3_chr2_100623259	0	0.187734668	896	1598
AFF4_chr5_132269971	0	0.035279591	1630	5669
AGTR1_chr3_148459082	0	0.219047619	3209	10500
AGTR2_chrX_115303577	0	0.050390527	1438	3969
AKAP9_chr7_91630467	0	0.157728707	2115	4438
AKT1_chr14_105258956	0	0.068870523	908	2904
AKT2_chr19_40748543	0	0.164598633	3458	7898
ALDH2_chr12_112219774	0	0.089171975	4811	15700
ALK_chr2_30143323	0	0.144780657	2981	6907
AMER1_chrX_63412627	0	0.520833333	764	2112
AMHR2_chr12_53819239	0	0	1197	4192
APC_chr5_112043415	0	0.573584906	1612	6625
APLNR_chr11_57004206	0	0.197682345	5868	14670
AQP1_chr7_30951644	0	0.064967325	8473	26167
AQP11_chr11_77301334	0	0	723	1665
AQP2_chr12_50344858	0	0.021836445	3124	9159
AQP3_chr9_33447469	0	0	514	2046
AQP4_chr18_24442378	0	0	952	1754
AQP5_chr12_50355890	0	0.113032666	3273	8847
AQP6_chr12_50367207	0	0.291724244	2918	6513
AQP8_chr16_25228592	0	0.280636109	585	1069
AR_chrX_66765069	0	0.25743232	3913	12042
ARHGAP26_chr5_142150335	0	0.353063344	1527	4815
ARHGEF12_chr11_120298841	0	0	866	1651
ARID1A_chr1_27023186	0.27739251	0.146735143	721	1363
ARNT_chr1_150830829	0.116414435	0.18895654	1718	4763
ASIC1_chr12_50452585	0	0.146145415	800	2737
ASIC2_chr17_32483445	0	1.303780965	1200	3835
ASIC3_chr7_150746033	0	0.199558121	4452	14031
ASIC4_chr2_220379188	0	0.406428967	2069	5413
ASIC5_chr4_156784776	0	0.173611111	717	1728
ASPSCR1_chr17_79935570	0	0.055964929	3575	10721
ASXL1_chr20_31017717	0	0.71524363	2438	6711
ATF1_chr12_51203342	0	0	910	3586
ATIC_chr2_216177226	0	0.810810811	184	740
ATM_chr11_108098387	0	0	221	501
ATRX_chrX_76939487	0	0	343	1903
AVPR1A_chr12_63544475	0	0.418289341	2722	6933
AVPR1B_chr1_206224578	0	0.247985121	2162	8065
AVPR2_chrX_153171258	0.136239782	0.347648262	1468	4890
AXIN1_chr16_396971	0	0.282336333	4597	11334
AXL_chr19_41737159	0	0	1319	3792
BAI1_chr8_143545709	0	0.126470216	2394	7907
BAI2_chr1_32222183	0	0	377	878
BAI3_chr6_69665954	0	0.062881782	4408	11132
BCL11A_chr2_60773135	0	0	628	1420
BCL11B_chr14_99724132	0	0.889679715	794	2248
BCL2_chr18_60985591	0	0	463	1362
BCL3_chr19_45259572	0	0	375	1985
BCL6_chr3_187451455	0	0	1326	5144
BCL7A_chr12_122460008	0	0	463	1346
BCL9_chr1_147091035	0	0.293589953	1791	6131
BCOR_chrX_39937147	0	0.095026924	4118	12628
BCR_chr22_23523150	0	0.076628352	713	2610
BDKRB1_chr14_96730211	0	0.508373206	883	3344
BDKRB2_chr14_96707280	0	0.321715818	1958	5595
BIRC3_chr11_102195778	0	0.080321285	1104	3735
BLM_chr15_91304359	1.265822785	0	316	676
BMPR1B_chr4_96044967	0	0.03531697	2602	5663
BMPR2_chr2_203383545	0	0.069783671	1697	5732
BRCA1_chr17_41243789	0	0	907	2102
BRD3_chr9_136918569	0	0	285	516
BRD4_chr19_15376421	0	0.737704918	647	2440
BRIP1_chr17_59886040	0	0	1502	1151
BUB1B_chr15_40457309	0	0.353312303	2399	7925
C2orf44_chr2_24262291	0	0.076785257	3511	11721
C3AR1_chr12_8212224	0	0	983	2713
C5AR1_chr19_47823234	0	0.180937372	5574	17133
C5AR2_chr19_47844066	0	0.262620368	926	3427
CACNA1A_chr19_13617011	0	0	1255	2818
CACNA1B_chr9_140772391	0	0.509592326	1428	3336
CACNA1C_chr12_2224421	0	0.244947949	653	1633
CACNA1E_chr1_181452990	0	0.055297501	4012	9042
CACNA1F_chrX_49088261	0	0.075930144	3454	10536
CACNA1G_chr17_48646234	0	0.238663484	367	1676
CACNA1H_chr16_1203966	0	0.226986129	1317	3965
CACNA1I_chr22_39994213	0	0.219659528	776	1821
CACNA1S_chr1_201061149	0	0.575313808	716	1912
CACNA2D1_chr7_81714089	0	0.132100396	700	1514
CACNA2D2_chr3_50513579	0	0	429	1720
CACNA2D3_chr3_54157580	0	0.219565748	2634	8198
CACNA2D4_chr12_2024075	0	0.10630005	4665	14111
CACNB1_chr17_37347735	0	0.042180744	4405	9483
CACNB3_chr12_49212716	0.070972321	0.151327555	2818	7269
CACNB4_chr2_152955497	3.394255875	0.298370438	1149	4357
CACNG1_chr17_65040944	0	0	435	1336
CACNG2_chr22_37098562	0.249376559	0.572939621	802	2269
CACNG4_chr17_65021067	0	0	436	1184
CACNG5_chr17_64873516	0	0.493218249	945	3244
CACNG6_chr19_54496269	0	0.103092784	882	2910
CACNG7_chr19_54417755	0	0	357	1060
CACNG8_chr19_54483196	0	0.875656743	1021	2284
CANT1_chr17_76993385	0	0.529891304	2366	7360
CARD11_chr7_2987320	0	0.400282552	1827	4247
CARS_chr11_3062141	0	0.074092368	1532	4049
CASC5_chr15_40914351	0	0.217357553	2217	6441
CASR_chr3_121980478	0	0	1558	5268
CBFA2T3_chr16_88968014	0	0.171919771	692	1745
CBFB_chr16_67063314	0	0.497677505	772	3014
CBL_chr11_119144587	0	0.196270854	1138	3057
CBLB_chr3_105586350	0.146092038	0.421940928	1369	2370
CBLC_chr19_45281274	0	0.187207488	1173	3205
CCDC6_chr10_61666004	0	0.155642023	1084	2570
CCKAR_chr4_26491051	0.140944327	0.063653724	1419	3142
CCKBR_chr11_6281179	0	0.26296018	1687	5324
CCND1_chr11_69456116	0	0.079720977	7775	20070
CCND2_chr12_4383221	0	0.292887029	2341	4780
CCND3_chr6_41909270	0.103950104	0.170357751	1924	4109
CCR1_chr3_46245615	0	0.352112676	1890	6532
CCR10_chr17_40832562	0	0.108853411	2421	5512
CCR2_chr3_46399020	0	0.096107641	1895	4162
CCR3_chr3_46307210	0	0.37593985	1233	1596
CCR4_chr3_32995099	0	0	1374	2875
CCR6_chr6_167549852	0	0	460	1283
CCR7_chr17_38711954	0	0.176613886	6118	16420
CCR9_chr3_45942451	0	0.053734551	2535	3722
CCRL2_chr3_46449576	0	0	220	395
CD27_chr12_6559446	0	0.247106256	2531	7689
CD274_chr9_5457360	0	0.038476337	2349	7797
CD74_chr5_149786858	0	0	1164	1959
CD79A_chr19_42383165	0	0.201159626	3079	8451
CD79B_chr17_62007723	0	0.110192837	2521	7260
CD97_chr19_14512258	0	1.617440225	908	2844
CDC73_chr1_193091351	0.189393939	0.285388128	1056	1752
CDH1_chr16_68772250	0	0.064092293	934	6241
CDH11_chr16_65038550	0	0.154559505	1767	4529
CDK12_chr17_37618378	1.098901099	0.271575136	1638	3314
CDK4_chr12_58145086	0	0.187818621	1581	3727
CDK6_chr7_92462589	0	0.087535014	1747	5712
CDKN2A_chr9_21994268	0.035587189	0.048	5620	12500
CDX2_chr13_28543053	0	0	3722	10313
CEBPA_chr19_33793296	0	0	62	116
CELSR1_chr22_46932910	0	0.142531357	2626	7016
CELSR2_chr1_109792797	0.099304866	0.112275449	2014	5344
CELSR3_chr3_48699903	0	0.174637292	2563	7444
CFTR_chr7_117149122	0	0.270027003	1451	5555
CHEK2_chr22_29130560	0	0	1110	2113
CHIC2_chr4_54930386	0	0.132380196	1188	3777
CHN1_chr2_175711766	0	0	612	1239
CHRM1_chr11_62678311	0	0.073410659	2211	6811
CHRM2_chr7_136700625	0	0.318549375	1550	4081
CHRM3_chr1_240070910	0	0.061392738	3952	11402
CHRM4_chr11_46408042	0	0.608695652	707	2300
CHRM5_chr15_34354937	0	0.272232305	233	1102
CHRNA1_chr2_175624323	0	0.552486188	775	1629
CHRNA10_chr11_3690509	0	0.447427293	701	1341
CHRNA2_chr8_27327343	0	0.15936255	1354	2510
CHRNA3_chr15_78911168	0	0.208855472	935	2394
CHRNA4_chr20_61990969	0	0.28922632	298	1383
CHRNA5_chr15_78882209	0	0.112485939	2774	8001
CHRNA6_chr8_42620246	0	0.244648318	522	1635
CHRNA7_chr15_32322835	0	0	67	112
CHRNA9_chr4_40339265	0	0	1738	4815
CHRNB1_chr17_7348646	0	0.224767205	2793	9343
CHRNB2_chr1_154543833	0	0	314	1090
CHRNB3_chr8_42585748	0	0.034831069	2604	5742
CHRNB4_chr15_78923501	0	0.163576881	1800	1834
CHRND_chr2_233391300	0	0.033211558	2510	6022
CHRNE_chr17_4805588	0	0.135013501	590	2222
CHRNG_chr2_233404760	0	0.194959925	4605	13849
CIC_chr19_42793464	0	0.443341018	3479	11278
CIITA_chr16_10995926	0	0	3343	6181
CLCA1_chr1_86948011	0	0	260	519
CLCA2_chr1_86905867	0	0.109090909	1335	2750
CLCA4_chr1_87033271	0	0	795	2930
CLCN1_chr7_143013384	0	0	1263	2622
CLCN2_chr3_184079212	0	0.189701897	1055	3690
CLCN3_chr4_170581536	0	0	566	958
CLCN4_chrX_10153135	0	1.400381922	608	1571
CLCN5_chrX_49806995	0	0.147710487	1182	3385
CLCN6_chr1_11883772	0	0.054664723	3893	10976
CLCN7_chr16_1515311	0	0.480591497	3014	10820
CLIC1_chr6_31698685	0.119510009	0.095929834	3347	7297
CLIC3_chr9_139890113	0	0.125786164	804	2385
CLIC5_chr6_45922956	0	0	398	1251
CLIC6_chr21_36041838	0	0.616522811	1474	4866
CLP1_chr11_57427281	0	0.281690141	675	1065
CLTC_chr17_57724856	0	0	143	212
CLTCL1_chr22_19263203	0	0.289813071	4004	13802
CMKLR1_chr12_108686085	0	0.078060627	8300	23059
CNGA1_chr4_47938824	0	0.159780872	2095	4381
CNGA2_chrX_150911917	0	0.100532824	2966	9947
CNGA3_chr2_98994171	0	0	1100	2030
CNGA4_chr11_6261341	0	0.473036897	200	1057
CNGB1_chr16_58001058	0	0	82	346
CNGB3_chr8_87680282	0	0.157547981	2090	6982
CNOT3_chr19_54647978	0	0	28	143
CNR1_chr6_88854441	0	0.792199878	632	1641
CNR2_chr1_24201910	0	0.229042602	5288	15281
CNTFR_chr9_34564803	0	0	38	185
CNTRL_chr9_123902987	0	0	865	2535
COL1A1_chr17_48278809	0	0.131779017	5840	9865
COX6C_chr8_100904180	0	0.778210117	363	257
CREB1_chr2_208424986	0	0.354358611	335	1411
CREB3L1_chr11_46299668	0	0.204475747	2945	8803
CREBBP_chr16_3929838	0	0.266587678	1398	3376
CRHR1_chr17_43912034	0	0.302343159	691	1323
CRHR2_chr7_30721551	0	0.12070006	684	3314
CRTC1_chr19_18882255	0	0.166216497	1977	4813
CRTC3_chr15_91083300	0	0.189138071	1046	3701
CSF1R_chr5_149460507	0	0.187207488	1490	3205
CSF2RB_chr22_37325741	0	0.022258495	3885	13478
CSF3R_chr1_36938254	0	0.106483673	3550	8452
CTNNB1_chr3_41266954	0.053163211	0.081547064	5643	17168
CXCR3_chrX_70837413	0	0	123	188
CXCR4_chr2_136873192	0	0.054562815	3213	7331
CXCR5_chr11_118754656	0	0	208	764
CXCR6_chr3_45988493	0	1.743462017	170	803
CYLD_chr16_50783723	0	0.467508181	1933	6417
CYSLTR1_chrX_77529187	0	0.04592071	3370	6533
CYSLTR2_chr13_49281652	0	0.328947368	233	608
DARC_chr1_159175579	0	0.232303908	2640	7318
DDB2_chr11_47236722	0	0.153217569	2314	5874
DDR2_chr1_162729604	0	0.06943239	1471	5761
DDX5_chr17_62502206	0	0.201180258	2785	7456
DEK_chr6_18250048	0	0.119173729	2633	7552
DICER1_chr14_95596403	0	0	488	1509
DNM2_chr19_10828974	0	0.172532781	703	2898
DNMT3A_chr2_25505556	0	1.515151515	0	132
DNTTIP1_chr20_44424002	0	0	1215	1662
EBF1_chr5_158523386	0	0.061437641	1831	4883
ECT2L_chr6_139164128	0	0	1152	2378
EDAR_chr2_109546671	0	0.186120713	1382	3761
EDNRA_chr4_148461533	0	0.07217611	1044	2771
EDNRB_chr13_78493656	0.049603175	0.38376667	4032	10423
EGF_chr4_110866249	0	0	224	1098
EGFR_chr7_55086971	0	0.405092593	606	1728
ELK4_chr1_205589569	0.323101777	0	619	2344
ELL_chr19_18632793	0	0.166343222	950	3607
EML4_chr2_42490378	0	0.205218411	1799	6822
EMR3_chr19_14772891	0	0.181317087	4071	13788
EP300_chr22_41489011	0	0	139	1682
EPHA1_chr7_143098593	0	0	475	1148
EPHA2_chr1_16475317	0	0.240096038	1098	3332
EPHA3_chr3_89156935	0	0	281	1920
EPHA4_chr2_222429010	0	0	930	3286
EPHA5_chr4_66509116	0	0	848	2773
EPHA6_chr3_96533585	0.100351229	0.102915952	1993	5830
EPHA7_chr6_94120834	0	0.072886297	1313	4116
EPHA8_chr1_22902806	0.259067358	0.419287212	772	1908
EPHB1_chr3_134670310	0.940438871	0	319	1395
EPHB2_chr1_23110981	0	0.25010421	629	2399
EPHB3_chr3_184290590	0	0.220125786	1121	3180
EPHB4_chr7_100421316	0	0.181069959	1844	6075
EPHB6_chr7_142561404	0	0.210058075	2151	8093
EPOR_chr19_11492715	0	0.22484903	5240	15566
EPS15_chr1_51937374	0	0.285364859	1455	4906
ERBB2_chr17_37864711	0	0.254854369	2478	8240
ERBB3_chr12_56477568	0	0.031220731	904	6406
ERBB4_chr2_213403206	0.152905199	0.169319336	1308	2953
ERC1_chr12_1137138	0	0.512820513	257	975
ERCC2_chr19_45873468	0.146986771	0.642349163	2041	4359
ERCC3_chr2_128051260	0	0.479041916	1466	3340
ERCC4_chr16_14014038	0	0	1061	4379
ERCC5_chr13_103510643	0	0	34	212
ERG_chr21_39817476	0	0.309734513	2059	4520
ESR1_chr6_152129085	0	0.154539601	3907	7765
ESR2_chr14_64746818	0	0.086107922	1200	3484
ESRRB_chr14_76905811	0	0.337711069	1612	2665
ESRRG_chr1_216850646	0	0.227790433	423	1317
ETV1_chr7_13975398	0	0.423131171	205	709
ETV4_chr17_41622707	0	0.153038916	1204	4574
ETV5_chr3_185783777	0	0	301	1074
ETV6_chr12_12022434	0	0	1998	6174
EWSR1_chr22_29695707	0	0	583	972
EXT1_chr8_119122970	0	0.211148649	850	2368
EXT2_chr11_44117807	0.093457944	0.249465431	2140	5612
EZH2_chr7_148523688	0	0.09976721	1706	6014
EZR_chr6_159208212	0	0.115207373	1912	5208
F2R_chr5_76012160	0	0.261938344	3264	9926
F2RL2_chr5_75914407	0	0	1042	2740
F2RL3_chr19_17000067	0	0.087374399	780	2289
FANCA_chr16_89882997	0	0.285877644	2448	6996
FANCC_chr9_97873772	0	0.090909091	760	2200
FANCD2_chr3_10081494	0	0.149751549	4785	14691
FANCE_chr6_35420491	0	0	86	516
FANCF_chr11_22647249	0	0.272540186	6068	17979
FANCG_chr9_35079443	0	0	1218	1905
FBXO11_chr2_48132833	0	0.692840647	684	1299
FBXW7_chr4_153303456	0	0.158874262	1696	4406
FCRL4_chr1_157557180	0	0	145	556
FEV_chr2_219846915	0	0.113811885	5412	12301
FFAR1_chr19_35842484	0	0.190597205	845	3148
FFAR2_chr19_35940835	0	0.630914826	262	317
FFAR4_chr10_95326507	0	0.171086399	1171	3507
FGFR1_chr8_38275832	0	0.60324826	1370	4310
FGFR1OP_chr6_167416690	0	0	531	2069
FGFR3_chr4_1803216	0	0.355555556	563	1125
FGFR4_chr5_176517551	0	0.1507443	1896	5307
FH_chr1_241682912	0	0.343681334	7043	17749
FHIT_chr3_59999793	0	0.278344776	2203	5389
FIP1L1_chr4_54244017	0	0	1040	2747
FLCN_chr17_17131408	0	0.523168909	1089	2676
FLI1_chr11_128628040	0	0	859	2268
FLT1_chr13_29012380	0	0.809716599	968	2223
FLT3_chr13_28674625	0	0.274187231	795	2553
FLT4_chr5_180058732	0	0.206916938	981	3383
FNBP1_chr9_132719710	0	0	556	1128
FOXL2_chr3_138665352	0	0.188908379	2955	7411
FOXO1_chr13_41240184	0	0.197072072	2944	7104
FOXO4_chrX_70316416	0	0.226404415	2280	7067
FOXP1_chr3_71247439	0	0	166	518
FPR2_chr19_52272336	0	0.082236842	1191	2432
FPR3_chr19_52327228	0	0.064061499	1512	4683
FSHR_chr2_49210072	0	0	64	26
FSTL3_chr19_680276	0	0.14137606	1095	4244
FUBP1_chr1_78428479	0	0.233972859	777	2137
FUS_chr16_31195211	0	0.153229609	2773	8484
FZD1_chr7_90894214	0.044593088	0.125156446	4485	11186
FZD10_chr12_130647688	0	0.060548977	4490	14864
FZD2_chr17_42635373	0	0.157356412	4711	11439
FZD4_chr11_86665941	0	0.17873101	1870	10071
FZD5_chr2_208633019	0	0.268751527	1391	4093
FZD6_chr8_104312479	0	0.115307005	2072	6938
FZD7_chr2_202899717	0	0	3092	8239
FZD8_chr10_35930287	0	0	1191	3753
FZD9_chr7_72848392	0	0.103626943	667	2895
GABBR1_chr6_29598301	0	0.283553875	1442	3174
GABBR2_chr9_101470770	0	0.295194238	2380	8469
GABRA1_chr5_161281236	0.1179941	0.083623693	1695	7175
GABRA2_chr4_46252583	0	0.587659158	2338	3063
GABRA3_chrX_151532930	0	0	707	2130
GABRA4_chr4_46995409	0	0.207273412	2726	5307
GABRA5_chr15_27126084	0	0	0	14
GABRB1_chr4_47034436	0	0.209643606	443	1431
GABRB2_chr5_160973391	0	0.131319764	2460	6092
GABRB3_chr15_27017830	0	0.258064516	265	775
GABRD_chr1_1956387	0	0.528541226	1284	3784
GABRE_chrX_151131062	0.838135149	0	1909	4690
GABRG1_chr4_46060576	0	0.581039755	1042	3270
GABRG2_chr5_161524708	0	0.440528634	698	2043
GABRG3_chr15_27216712	0	0.160085379	735	1874
GABRP_chr5_170216142	0	0.131665569	738	1519
GABRQ_chrX_151806766	0	0.307110796	1098	4233
GABRR1_chr6_89926935	0	1.081081081	256	555
GABRR2_chr6_90009545	0.25	0	1200	5127
GALR1_chr18_74962577	0	0.273847558	858	2191
GALR2_chr17_74070965	0	0.435674013	1578	3902
GALR3_chr22_38220765	0	0.027570995	2906	7254
GAS7_chr17_9923154	0	0.108898569	2317	6428
GATA1_chrX_48650291	0	0.264375413	768	1513
GATA2_chr3_128205845	0	0.171722954	1957	5241
GATA3_chr10_8097626	0	0	93	195
GCGR_chr17_79769294	0	0.058633832	4713	13644
GHRHR_chr7_31009490	0	0.161290323	3195	9920
GHSR_chr3_172166173	0	0.071581961	3054	8382
GIPR_chr19_46173895	0	0	113	255
GLP1R_chr6_39025261	0	0.144383483	1081	3463
GLRA1_chr5_151239543	0	0.078226858	1717	3835
GLRA2_chrX_14548185	0	0.267379679	506	1122
GLRA4_chrX_102979166	0	0.589390963	154	509
GLRB_chr4_158065081	0	0.218758545	2492	7314
GNA11_chr19_3114954	0	0.059695553	2756	10051
GNAS_chr20_57415213	0	0.393700787	444	2286
GOLGA5_chr14_93275695	0	0	2282	6670
GOPC_chr6_117923356	0	0.174367916	720	2294
GPBAR1_chr2_219127537	0	0.246669956	1340	2027
GPC3_chrX_133119446	0	0.135079579	5946	17027
GPER_chr7_1131625	0	1.158301158	504	2072
GPHN_chr14_66975253	0	0.231544538	2276	7342
GPR1_chr2_207041017	0	0	627	1131
GPR101_chrX_136113719	0	0	1024	2874
GPR110_chr6_46977763	0	0.210614996	762	2374
GPR111_chr6_47650058	0	0.080857085	2216	4947
GPR112_chrX_135405025	0	0	313	1700
GPR113_chr2_26569073	0	0.263574064	2832	9485
GPR115_chr6_47682064	0	0.04459806	2673	8969
GPR116_chr6_46849820	0	0	236	497
GPR119_chrX_129519072	0	0	1407	4383
GPR12_chr13_27333933	0	0.203804348	575	1472
GPR123_chr10_134910575	0	0.113410831	2224	7054
GPR124_chr8_37655026	0	0.240601504	1393	3325
GPR125_chr4_22414950	0	0	99	215
GPR126_chr6_142688773	0	0.136054422	1429	3675
GPR128_chr3_100352109	0	0.589496249	464	1866
GPR132_chr14_105518363	0	0	777	1602
GPR133_chr12_131439174	0	0	93	357
GPR135_chr14_59931803	0	0.207900208	1311	2886
GPR139_chr16_20043741	0	0.072332731	1886	5530
GPR142_chr17_72363845	0.132100396	0.118600514	2271	5059
GPR143_chrX_9733777	0	0.095026924	4802	12628
GPR144_chr9_127214931	0	0.045459711	2515	8799
GPR146_chr7_1097534	0.072992701	0.043585646	2740	6883
GPR148_chr2_131486939	0	0.863557858	187	579
GPR150_chr5_94955994	0	0.069613644	1107	2873
GPR151_chr5_145895385	0	0.122068184	3813	11469
GPR152_chr11_67219656	0	0.032168132	3638	9326
GPR153_chr1_6314725	0	0.573457127	1244	3662
GPR156_chr3_119886981	0	0.333907798	2574	9284
GPR157_chr1_9189031	0	0	573	1032
GPR158_chr10_25464466	0.044020543	0.069809652	6815	21487
GPR161_chr1_168105500	0	0.093044894	2006	4299
GPR162_chr12_6933096	0	0.418082049	1571	3827
GPR17_chr2_128408507	0	0.158177792	5874	15805
GPR171_chr3_150916788	0	0	935	953
GPR173_chrX_53105850	0.146056475	0.526315789	2054	6270
GPR174_chrX_78426836	0	0.087458457	2340	5717
GPR176_chr15_40212169	0	0	1037	2244
GPR18_chr13_99907740	0	0.284225486	2971	8444
GPR182_chr12_57389219	0	0.129659643	946	3085
GPR19_chr12_12814318	0	0.013134564	4765	15227
GPR20_chr8_142367715	0	0	1762	5538
GPR22_chr7_107115383	0	0.10460251	378	1912
GPR25_chr1_200842201	0	0.319488818	405	1878
GPR26_chr10_125426057	0	0.281543726	9648	23087
GPR27_chr3_71803201	0	0.167628981	1753	5369
GPR3_chr1_27720654	0	0.168488842	9597	26708
GPR31_chr6_167571156	0	0	477	2008
GPR32_chr19_51273916	0	0.104668202	1884	4777
GPR34_chrX_41554966	0.050025013	0.134740624	3998	13359
GPR35_chr2_241570077	0	0.051576776	3972	13572
GPR37_chr7_124404992	0	0.086918731	5311	16107
GPR37L1_chr1_202096964	0	0.037439161	3558	10684
GPR39_chr2_133175219	0	0.02598415	2646	7697
GPR4_chr19_46095079	0	0.371807307	1676	6186
GPR45_chr2_105858758	0	0.152235966	3709	10510
GPR50_chrX_150345277	0	0	933	2189
GPR55_chr2_231775359	0	0	2679	5859
GPR56_chr16_57685206	0	0	598	1760
GPR6_chr6_110300535	0	1.410105758	577	1702
GPR61_chr1_110085826	0	0	134	349
GPR62_chr3_51989998	0	0.115562404	1070	2596
GPR63_chr6_97247570	0	0.100025006	1564	3999
GPR64_chrX_19025404	0	0	458	1743
GPR65_chr14_88477505	0.070721358	0.102040816	2828	7840
GPR68_chr14_91701347	0	0.051639556	4665	11619
GPR78_chr4_8582828	0	0	644	2063
GPR82_chrX_41586620	0	0.698174006	622	1862
GPR83_chr11_94134045	0	0.074218388	4792	10779
GPR84_chr12_54757558	0	0.125256206	3640	8782
GPR85_chr7_112724671	0	0.22675737	346	1323
GPR87_chr3_151012895	0	1.654601861	439	967
GPR88_chr1_101004618	0.044702727	0.066984845	4474	11943
GPR97_chr16_57718351	0	0.606980273	1023	2636
GPRC5A_chr12_13061198	0	0.280583614	1404	1782
GPRC5B_chr16_19884020	0	0.214756865	1990	6519
GPRC5D_chr12_13103148	0	0	671	1696
GPRC6A_chr6_117127536	0	0.035229875	2036	5677
GRIA1_chr5_153026704	0	0	408	891
GRIA2_chr4_158142830	0.275482094	0.108225108	726	1848
GRIA3_chrX_122318426	0	0	117	282
GRIA4_chr11_105483067	0	0.076394194	927	2618
GRID1_chr10_88123830	0	0	1126	2033
GRID2_chr4_93225857	0	0.392927308	114	509
GRIK1_chr21_31311705	0	0	331	928
GRIK2_chr6_102074483	0	0.125234815	377	1597
GRIK3_chr1_37356673	0	0.722175021	734	2354
GRIK4_chr11_120531031	0	0.315366972	1558	3488
GRIK5_chr19_42569375	0	0.22296544	2839	7176
GRIN1_chr9_140033946	0	0.035460993	5022	14100
GRIN2A_chr16_9984855	0	0.708628595	863	2399
GRIN2B_chr12_14019001	0	0	320	943
GRIN2C_chr17_72848474	0	0.038763446	6799	20638
GRIN2D_chr19_48901817	0	0.284010224	2810	7042
GRIN3A_chr9_104500046	0	0.215130871	1037	2789
GRIN3B_chr19_1000635	0	0	947	3090
GRM1_chr6_146350743	0	0.068665599	3891	8738
GRM2_chr3_51743260	0	0	2537	6842
GRM3_chr7_86394633	0	0.350175088	794	1999
GRM4_chr6_34100914	0	0.411061286	717	2676
GRM5_chr11_88386475	0	1.086956522	420	920
GRM6_chr5_178421822	0	1.073017535	1380	3821
GRM7_chr3_6903177	0	0.182906551	2289	6014
GRM8_chr7_126883184	0	0.12207528	1838	4915
GRPR_chrX_16142133	0	0.280437095	4261	10341
HCAR1_chr12_123214856	0	0.332225914	714	1806
HCN1_chr5_45696155	0	0.09044658	2820	8845
HCN2_chr19_603759	0.134916352	0.314527226	3706	10174
HCN3_chr1_155252293	0	0.15128593	852	3305
HCN4_chr15_73660005	0	0.817822899	1079	3546
HCRTR1_chr1_32084889	0	0	366	950
HCRTR2_chr6_55039390	0	0	1384	4049
HERPUD1_chr16_56966174	0	0	221	563
HEY1_chr8_80679301	0	0	111	4
HIST1H3B_chr6_26032262	0	0.376151965	1588	5317
HLF_chr17_53345149	0	0.041643531	1960	7204
HNF4A_chr20_42984448	0	0.359023456	3275	8356
HNF4G_chr8_76470799	0	0	492	1113
HNRNPA2B1_chr7_26237313	0	0	371	1518
HOXA11_chr7_27224694	0	0.102040816	1328	3920
HOXA13_chr7_27239179	0	0.639464068	1058	3284
HOXA9_chr7_27204887	0	0.349533955	994	6008
HOXC11_chr12_54367080	0	0.149536437	3157	10031
HOXC13_chr12_54332729	0	0.436323971	1135	3667
HOXD11_chr2_176972084	0	0.096200096	1274	4158
HOXD13_chr2_176957833	0	0	610	1880
HRAS_chr11_533490	0	0	778	1662
HRH1_chr3_11300869	0	0.319770647	2782	9069
HRH2_chr5_175110361	0	0.104311544	755	2876
HRH3_chr20_60795004	0	0	809	2438
HSP90AA1_chr14_102605639	0	0.382592061	802	2091
HTR1A_chr5_63257467	0	0.038528222	4189	10382
HTR1B_chr6_78172869	0	0.787401575	244	1016
HTR1D_chr1_23520255	0	0	1013	2367
HTR1F_chr3_88040033	0	0	734	3149
HTR2A_chr13_47466600	0	0	427	1088
HTR2B_chr2_231973894	0	0	67	145
HTR2C_chrX_113965751	0	0.054995417	2037	5455
HTR3A_chr11_113848601	0	0.063371356	3048	9468
HTR3C_chr3_183774667	0	0.058326043	1877	6858
HTR3D_chr3_183753837	0	0.188146754	323	1063
HTR3E_chr3_183818352	0	0.109289617	628	1830
HTR4_chr5_147928268	0	0.040230656	2355	7457
HTR5A_chr7_154862951	0	5.842062853	740	2482
HTR6_chr1_19992374	0	0.482600965	1310	3937
HTR7_chr10_92617199	0	0	1637	3637
IDH1_chr2_209113106	0	0.065735415	2840	6085
IDH2_chr15_90634851	0	0.51203277	339	1953
IFNAR1_chr21_34697372	0	0.063191153	1014	3165
IFNAR2_chr21_34619114	0	0.179533214	685	1671
IFNGR1_chr6_137528156	0	0	120	960
IFNGR2_chr21_34787226	0	0	1204	3029
IGF1R_chr15_99250799	0	0.355998576	1151	2809
IKZF1_chr7_50367244	0	0.123881624	2244	7265
IL10RA_chr11_117859193	0	0.239520958	622	835
IL11RA_chr9_34656739	0	0	731	1608
IL13RA1_chrX_117880926	0	0	808	2107
IL13RA2_chrX_114244192	0	0.136588697	1514	5857
IL15RA_chr10_6008256	0	0.052513128	5098	13330
IL17RA_chr22_17566061	0	0.17601988	2500	9658
IL17RB_chr3_53890974	0	0	963	2845
IL17RC_chr3_9962206	0	0	1238	3732
IL17RD_chr3_57199275	0.109051254	0.148930409	2751	7386
IL17RE_chr3_9948671	0	0	1087	1769
IL18R1_chr2_102992402	0.02607222	0.128205128	7671	22620
IL18RAP_chr2_103040430	0	0.205549846	943	2919
IL1R1_chr2_102781663	0	0	250	176
IL1R2_chr2_102626054	0	0.050184008	1880	5978
IL1RAP_chr3_190322080	0	1.501501502	208	999
IL1RAPL2_chrX_104440251	0	0.083892617	1129	3576
IL1RL1_chr2_102955369	0	0.156739812	2480	7656
IL20RB_chr3_136701106	0	0	1399	4566
IL21R_chr16_27445693	0	0.074217011	3023	6737
IL22RA1_chr1_24465094	0	0.191877199	1312	3127
IL2RA_chr10_6067815	0	0	594	2207
IL2RG_chrX_70331295	0	0	383	1040
IL4R_chr16_27353487	0	0	908	2433
IL5RA_chr3_3133908	0	0.139508929	4149	10752
IL6R_chr1_154407058	0	0.081284292	1772	4921
IL6ST_chr5_55250639	0	0	33	45
INSR_chr19_7267659	0	0.214067278	2361	6540
INSRR_chr1_156823971	0	0.107952501	758	2779
IRF4_chr6_393234	0	0	1053	2874
ITK_chr5_156649936	0	0.028145229	1959	7106
ITPR1_chr3_4558211	0	0.067811935	1711	4424
ITPR2_chr12_26868276	0	0	376	1283
JAK1_chr1_65349035	0	0.1764187	815	3401
JAK2_chr9_5050686	0	0.169204738	770	1182
JAK3_chr19_17955163	0	0.12913027	4087	13165
JAZF1_chr7_27934958	0	0.141517778	1694	5653
JUN_chr1_59248672	0	0	141	836
KAT6B_chr10_76603112	0	0	780	1940
KCNA1_chr12_5021146	0	0.171191	1386	4089
KCNA10_chr1_111061254	0	0.155936734	2595	4489
KCNA2_chr1_111146773	0	0.169923534	1790	3531
KCNA3_chr1_111217259	0	0.043757293	2579	6856
KCNA4_chr11_30033697	0	0.50057759	1549	5194
KCNA5_chr12_5153344	0.512820513	0.114285714	780	1750
KCNA6_chr12_4919213	0	0	187	320
KCNA7_chr19_49575785	0	0.035130862	4341	11386
KCNAB1_chr3_156009801	0	0.69787729	1058	3439
KCNAB2_chr1_6111607	0.051413882	0.07726184	3890	12943
KCNAB3_chr17_7832709	0	0	1512	4639
KCNB1_chr20_48098992	0	0	695	1618
KCNB2_chr8_73479985	0	0.159872102	1359	2502
KCNC1_chr11_17757555	0	0.390815828	1803	6141
KCNC2_chr12_75601456	0	0.320855615	433	1870
KCNC4_chr1_110754776	0	0	103	500
KCND1_chrX_48826293	0	0.043144361	4727	11589
KCND2_chr7_119914717	0	0.072720662	3104	11001
KCND3_chr1_112525066	0.242718447	0.353798127	2060	4805
KCNE1_chr21_35821905	0	0	3850	11378
KCNE1L_chrX_108868186	0	0	846	1851
KCNE3_chr11_74168576	0	0	128	993
KCNE4_chr2_223917928	0	0.170068027	5814	15876
KCNF1_chr2_11052643	0	0	1462	2750
KCNG1_chr20_49626750	0	0.221116639	1694	3618
KCNG2_chr18_77623892	0	0.650154799	985	3230
KCNG3_chr2_42720567	0	0.139303483	1654	5025
KCNG4_chr16_84270956	0	0.229696473	1784	6095
KCNH1_chr1_211192482	0	0	544	1185
KCNH2_chr7_150672006	0	0	813	2782
KCNH3_chr12_49933248	0	0.202347228	1315	2471
KCNH4_chr17_40332939	0	0.064027318	3264	9371
KCNH5_chr14_63453877	0	0	273	856
KCNH6_chr17_61601636	0	0.097869891	6107	17370
KCNH7_chr2_163374306	0	0.103765194	2940	6746
KCNH8_chr3_19389364	0	0.248508946	1766	4024
KCNJ1_chr11_128712280	0	0	338	1403
KCNJ10_chr1_160012070	0	0.244064788	2023	4507
KCNJ11_chr11_17409608	0	0.461538462	1005	3250
KCNJ12_chr17_21318738	0	0.372285419	1674	4835
KCNJ13_chr2_233635910	0	0.664451827	92	301
KCNJ14_chr19_48965061	0	0.433078985	1906	4849
KCNJ15_chr21_39671386	0	0.280426248	1649	1783
KCNJ16_chr17_68128764	0	0.19741565	2266	5572
KCNJ2_chr17_68171534	0	0.32388664	592	1235
KCNJ3_chr2_155555402	0.11269722	0.399896801	2662	7752
KCNJ4_chr22_38824115	0	0.641025641	420	1560
KCNJ5_chr11_128781276	0	0	2046	5884
KCNJ6_chr21_39087317	0	0.214285714	2131	5600
KCNJ9_chr1_160053937	0	0.175310446	2164	6845
KCNK1_chr1_233750169	0	0	4272	11159
KCNK12_chr2_47797356	0	0	562	1517
KCNK13_chr14_90528597	0	0.03703018	2020	5401
KCNK15_chr20_43374676	0	0	1479	3204
KCNK17_chr6_39282072	0	0.187529301	771	2133
KCNK2_chr1_215256735	0	0.245672808	3644	8955
KCNK3_chr2_26915749	0	0	817	1776
KCNK4_chr11_64060637	0	0	1186	3282
KCNK6_chr19_38810619	0	0	1448	2860
KCNK7_chr11_65363212	0	0.079399451	5463	13854
KCNK9_chr8_140715142	0	0.11090573	1400	5410
KCNMA1_chr10_79397184	0	0	198	1139
KCNMB1_chr5_169810731	0	0.051581843	1688	5816
KCNMB2_chr3_178525211	0	0.115913231	2418	6039
KCNMB4_chr12_70760526	0	0.112071726	2023	6246
KCNN1_chr19_18084757	0	0.070422535	831	2840
KCNN2_chr5_113698509	0	0.255204835	2696	7445
KCNN3_chr1_154842175	0	0.413075992	4318	14041
KCNN4_chr19_44284956	0	0.122007015	2247	6557
KCNQ1_chr11_2466578	0.18957346	0.332640333	1055	2405
KCNQ2_chr20_62103794	0	0.243690165	1366	5745
KCNQ3_chr8_133492651	0	0.182168881	3727	9332
KCNQ4_chr1_41249989	0	0.135135135	2350	5180
KCNQ5_chr6_73332072	0	0.066379024	884	3013
KCNS1_chr20_43727301	0	0.175965221	3199	9661
KCNS2_chr8_99440255	0	0.147396004	2469	6106
KCNS3_chr2_18112557	0	0.394190871	996	4820
KCNT1_chr9_138641962	0	0	123	345
KCNU1_chr8_36644831	0	0.160462131	916	3116
KCNV1_chr8_110986482	0	0.066254417	2931	9056
KCNV2_chr9_2718138	0	0.107227107	4130	9326
KDM5C_chrX_53254043	0	0.406504065	290	738
KDR_chr4_55976840	0	0.348735833	421	1147
KDSR_chr18_61018219	0	0.108822386	4533	12865
KIAA1549_chr7_138603924	0	0.065800296	2104	6079
KIF5B_chr10_32344808	0	0.558347292	732	1791
KISS1R_chr19_917510	0	0.262209112	2601	6102
KIT_chr4_55524226	0	0.089405454	548	2237
KLF4_chr9_110250417	0	0.078235018	3029	6391
KLF6_chr10_3827148	0	0.198925801	1662	5027
KMT2A_chr11_118342382	0	0	582	2446
KMT2C_chr7_151949066	0	0.265472042	4114	12054
KMT2D_chr12_49448505	0	0.215796288	632	2317
KTN1_chr14_56078990	0	0	1044	1447
LASP1_chr17_37026448	0	0	2487	6568
LCK_chr1_32740368	0	0.210637177	366	1899
LCP1_chr13_46730610	0	0.683760684	119	585
LEPR_chr1_66067592	0	0	526	543
LGR4_chr11_27390632	0	0.174226868	6004	16071
LGR5_chr12_71833969	0	0	1665	3556
LGR6_chr1_202245609	0	0.231303007	1245	2594
LHCGR_chr2_48982692	0	0.115240565	1190	3471
LHFP_chr13_39918156	0	0.439518441	2017	5233
LIFR_chr5_38527372	0	0.414173953	870	2173
LMO1_chr11_8251839	0	0.141843972	700	2820
LMO2_chr11_33891069	0	0.108991826	877	1835
LPAR1_chr9_113704141	0	0.221893491	1343	5408
LPAR2_chr19_19738053	0	0	345	726
LPAR3_chr1_85331159	0	0.547645126	98	913
LPAR4_chrX_78010794	0	0.200208217	4446	12487
LPAR5_chr12_6730060	0	0.246153846	1473	4875
LPAR6_chr13_48986120	0	0.331308669	1157	1811
LPHN1_chr19_14288529	0	0.092011711	3660	11955
LPHN2_chr1_82372763	0	0.12409514	2763	9670
LPHN3_chr4_62542587	0	0.216567407	584	1847
LPP_chr3_188327092	0	0	1159	4383
LRIG3_chr12_59313983	0	0.53285968	1439	4504
LTB4R_chr14_24784882	0	0	660	2665
LTB4R2_chr14_24780086	0	0.276243094	949	3258
LTBR_chr12_6493757	0	0.250234595	904	3197
LTK_chr15_41804978	0	0.240798074	882	2907
LYL1_chr19_13211504	0.071123755	0.138941518	2812	7917
MAF_chr16_79633672	0.115141048	0.403700589	1737	5945
MAFB_chr20_39317247	0	0.066239788	957	4529
MALT1_chr18_56338881	0	0	1305	3515
MAP2K1_chr15_66679728	0	0.442804428	389	1355
MAS1_chr6_160328055	0	0	52	82
MAS1L_chr6_29455352	0	0.022351363	3400	8948
MAX_chr14_65569033	0	0.064989323	4188	10771
MC1R_chr16_89985845	0	0.239869785	4003	11673
MC2R_chr18_13885445	0	0.072992701	1922	5480
MC3R_chr20_54824354	0	0.225784601	1318	4429
MC5R_chr18_13826208	0	0.10679482	4759	14982
MCHR1_chr22_41075540	0	0.059004012	2958	8474
MCOLN1_chr19_7589969	0	0.163198694	4900	14706
MDM2_chr12_69210609	0	0	1688	3587
MDM4_chr1_204518417	0	0	164	696
MED12_chrX_70338618	0	0	310	1302
MEN1_chr11_64577524	0	0.108030248	1053	2777
MERTK_chr2_112705095	0	0.972590628	541	1131
MET_chr7_116339261	0	0.198807157	997	2515
MIP_chr12_56847517	0	0	434	511
MITF_chr3_69788756	0	0.124626122	4404	12036
MKL1_chr22_40827449	0	0	454	699
MLF1_chr3_158315943	0	0.113862795	2374	7026
MLH1_chr3_37035043	0	0.063572791	1607	4719
MLLT1_chr19_6270744	0	0	2906	8306
MLLT10_chr10_21823582	0	0.365607665	3732	7932
MLLT3_chr9_20620709	0	0.129886998	3418	7699
MLLT4_chr6_168265332	0	0.069236095	1557	4333
MLLT6_chr17_36861960	0	0	1131	4022
MN1_chr22_28196452	0	0.15417823	1062	3243
MNX1_chr7_156803012	0	0	12	192
MPL_chr1_43804266	0	0.216606498	1345	4155
MRGPRD_chr11_68748405	0	0.337078652	558	890
MRGPRE_chr11_3249983	0	0.873907615	261	801
MRGPRG_chr11_3239952	0	0.286532951	1001	2443
MRGPRX1_chr11_18956076	0	0.234283483	1302	2561
MRGPRX2_chr11_19076977	0	1.685393258	72	178
MRGPRX4_chr11_18195076	0	0.019688915	3584	10158
MSH2_chr2_47630381	0	0.243777265	2258	7794
MSI2_chr17_55334143	0	0.368271955	1174	3530
MST1R_chr3_49940851	0	0	835	2042
MTCP1_chrX_154294216	0	0.100987433	2373	8912
MTNR1A_chr4_187455655	0	0	528	1711
MTNR1B_chr11_92702908	0	0.117878193	1944	5090
MUC1_chr1_155160211	0	0.050505051	2863	9900
MUSK_chr9_113449402	0	0.254452926	355	786
MUTYH_chr1_45799166	0	0	427	1406
MYC_chr8_128750541	0	0	419	996
MYCL_chr1_40366915	0	0	740	1782
MYCN_chr2_16082240	0	0	2276	6402
MYD88_chr3_38180284	0	0.679655641	859	2207
MYH9_chr22_36744960	0	0.087815587	3275	9110
NACA_chr12_57114004	0	0.623700624	1510	4810
NBN_chr8_90982670	0	0.129198966	1069	3096
NCKIPSD_chr3_48723182	0	0.219629375	1914	7285
NCOA1_chr2_24881555	0	0.550161812	726	3090
NCOA2_chr8_71078955	0	0.122833356	2739	7327
NDRG1_chr8_134260992	0	0	1758	4828
NF1_chr17_29422357	0	0.148662042	2203	6054
NF2_chr22_30000040	0	0.141103429	2327	7087
NFE2L2_chr2_178098916	0	0.445434298	266	898
NFIB_chr9_14307457	0	0.426959439	1057	3279
NFKB2_chr10_104156210	0	0	265	853
NGFR_chr17_47583701	0	0.123436471	3144	12152
NIN_chr14_51239774	0	0.108636611	334	1841
NMBR_chr6_142409740	0	0.032976092	3570	12130
NMUR1_chr2_232393441	0	0.094966762	797	2106
NMUR2_chr5_151784331	0	0.42544771	4564	10107
NOTCH1_chr9_139417445	0	1.073619632	581	2608
NOTCH2_chr1_120512279	0	0.192529842	908	2597
NPBWR1_chr8_53852538	0	0	402	1205
NPBWR2_chr20_62737969	0	0.798035605	566	1629
NPFFR1_chr10_72025939	0	0.298889838	2290	9368
NPFFR2_chr4_72897624	0	0	3861	11106
NPSR1_chr7_34698049	0.143884892	0.208913649	1390	4308
NPY1R_chr4_164247267	0	0	2161	5527
NPY4R_chr10_47086924	0	0.058565154	1442	3415
NPY5R_chr4_164272402	0	0.305623472	434	1636
NR0B1_chrX_30327177	0	0.418555982	652	2867
NR0B2_chr1_27240306	0	0.120637656	4375	11605
NR1D1_chr17_38253452	0	0.118906064	6392	17661
NR1H2_chr19_50881508	0	0.081782866	1573	4891
NR1H3_chr11_47282010	0	0.051482702	3233	9712
NR1H4_chr12_100934536	0	0	587	2286
NR1I2_chr3_119528910	0	0.475543478	319	1472
NR1I3_chr1_161199661	0	0.125250501	1374	3992
NR2C1_chr12_95456417	0	0	830	1488
NR2C2_chr3_15057693	0	0.287562904	628	1391
NR2E3_chr15_72103834	0	0.215406708	3369	9749
NR2F1_chr5_92920757	0	0	1220	3508
NR2F2_chr15_96877405	0	0.168512277	1173	4154
NR2F6_chr19_17355936	0	0.089594266	2687	7813
NR3C1_chr5_142780050	0	0	685	1960
NR3C2_chr4_149357455	0	0	121	326
NR4A1_chr12_52448276	0	0.29988466	1135	4335
NR4A2_chr2_157186617	0	0.167832168	2427	7150
NR4A3_chr9_102590375	0	0.597779675	688	1171
NR5A1_chr9_127265647	0	0.063051702	1876	6344
NR6A1_chr9_127533370	0	0	709	2427
NRAS_chr1_115252229	0	0.133096717	3458	9016
NT5C2_chr10_104849578	0	0.158874262	1196	4406
NTRK1_chr1_156811896	0	0.326016083	1873	4601
NTRK2_chr9_87285829	0	0.202468184	3563	10372
NTRK3_chr15_88799162	0	0	325	690
NTSR1_chr20_61340679	0	0.067340067	1040	2970
NTSR2_chr2_11810087	0	0.659340659	127	455
NUMA1_chr11_71732280	0	0	382	1707
NUP214_chr9_134001111	0	0.316776483	1976	7892
NUP98_chr11_3756435	0	0.561797753	374	356
NUTM1_chr15_34640205	0	0	896	1285
OLIG2_chr21_34399403	0	0.08841733	3925	12441
OPN1SW_chr7_128415552	0	0.16772895	1949	5962
OPN3_chr1_241803195	0	0.170424751	3039	7628
OPN4_chr10_88417831	0	0.192554557	981	3116
OPN5_chr6_47763060	0	0	1086	2673
OPRD1_chr1_29138896	0	0.536746491	998	2422
OPRK1_chr8_54163569	0	0.205902539	940	2914
OPRL1_chr20_62724229	0.028604119	0.220661986	6992	19940
OPRM1_chr6_154360661	0	0.597014925	279	1005
OR10AD1_chr12_48596995	0	0	534	723
OR10C1_chr6_29407999	0	0.280484204	2674	6774
OR10G3_chr14_22038148	0	0.096696213	2672	6205
OR10G7_chr11_123908890	0	0.619469027	1001	2260
OR10H1_chr19_15918801	0	0.270113834	1592	5183
OR10H3_chr19_15852602	0	0.057959815	1829	5176
OR10P1_chr12_56031064	0	0.109729334	1118	5468
OR10Q1_chr11_57995400	0	0	1235	3304
OR10S1_chr11_123847791	0	0	710	2048
OR10T2_chr1_158369110	0	0.16606698	857	3613
OR10V1_chr11_59480623	0	0.378883556	1502	3959
OR10X1_chr1_158549492	0	0.221975583	504	901
OR11A1_chr6_29395097	0	0.045651678	1571	4381
OR11L1_chr1_248005069	0	0	0	105
OR12D2_chr6_29364674	0	0.059329576	1806	3371
OR13C4_chr9_107288800	0	0.131061599	747	1526
OR13C8_chr9_107331459	0	0	274	1392
OR13G1_chr1_247835653	0	0.068838917	1865	4358
OR13H1_chrX_130678719	0	0.084650113	2135	7088
OR13J1_chr9_35869685	0	0.112612613	759	1776
OR14C36_chr1_248512310	0	0	2344	4878
OR14J1_chr6_29275317	0	0.144927536	786	2070
OR1B1_chr9_125391778	0.093414292	0.551357974	2141	4897
OR1C1_chr1_247921560	0	0.028741138	3661	10438
OR1F1_chr16_3254261	0	0.059297913	2939	8432
OR1I1_chr19_15198446	0	0.201612903	645	1984
OR1K1_chr9_125563184	0	0	2853	6397
OR1M1_chr19_9204400	0	0.763844685	566	1571
OR1N1_chr9_125289293	0	0.52062475	2171	7491
OR2A12_chr7_143792985	0	0.143853049	2981	9037
OR2A2_chr7_143807597	0	0.232919255	398	1288
OR2AE1_chr7_99474535	0	0.197044335	1819	4060
OR2AK2_chr1_248128878	0	0.508967523	1411	4126
OR2B11_chr1_247614927	0	0.025748863	3762	11651
OR2C1_chr16_3406503	0	0	297	928
OR2C3_chr1_247694953	0	0	1187	2818
OR2D2_chr11_6913060	0.291205591	0	1717	62
OR2F1_chr7_143657441	0	0.136254061	4071	9541
OR2G2_chr1_247752245	0	0	578	2176
OR2G3_chr1_247769181	0	0.297712316	1314	6382
OR2G6_chr1_248685079	0	0.217526414	797	3218
OR2H1_chr6_29429549	0	0	926	2157
OR2J3_chr6_29080335	0	0.077429346	950	2583
OR2T1_chr1_248569410	0	0	1393	2495
OR2T6_chr1_248551673	0	0.153688525	403	1952
OR2V2_chr5_180582404	0	0.196163906	1356	4588
OR2W3_chr1_248058988	0	0	709	2816
OR2Z1_chr19_8841891	0	0.726612171	542	2202
OR3A2_chr17_3181509	0	0.071394574	1208	4202
OR4B1_chr11_48238451	0	0.23364486	711	2140
OR4C11_chr11_55371121	0	0	985	2683
OR4D2_chr17_56247759	0.40950041	0.31530439	1221	4123
OR4D5_chr11_123810991	0	0.078822911	5661	15224
OR4F15_chr15_102358488	0	0.232896652	1181	3435
OR4K1_chr14_20404414	0	0.04552352	2545	6590
OR4K14_chr14_20482658	0	0.247678019	568	1615
OR4K17_chr14_20585632	0	0	583	1262
OR4K5_chr14_20389655	0	0.124416796	857	3215
OR4N5_chr14_20612550	0	0.268096515	1776	5595
OR4S1_chr11_48328357	0	0.342465753	2832	7884
OR4S2_chr11_55418962	0.046630916	0.057388809	4289	10455
OR4X1_chr11_48285809	0	0.146351662	2891	9566
OR51B2_chr11_5345179	0	1.054172767	1815	3415
OR51B4_chr11_5322677	0	0	369	1424
OR51B5_chr11_5364416	0	0	1029	2569
OR51B6_chr11_5372941	0	0	1490	2748
OR51D1_chr11_4661490	0	0.120764844	4607	14905
OR51E1_chr11_4673790	0.058252427	0.237566097	5150	13049
OR51E2_chr11_4703659	0	0.359389039	1060	4452
OR51F1_chr11_4791095	0	0	1804	6580
OR51M1_chr11_5411042	0	0.074612945	1772	5361
OR51Q1_chr11_5443700	0	0.065316786	1319	3062
OR51S1_chr11_4870049	0	0.094517958	1112	2116
OR51T1_chr11_4903272	0	0.304414003	357	657
OR51V1_chr11_5221319	0	0.165453342	2093	6044
OR52A5_chr11_5153530	0	0	1295	3794
OR52B2_chr11_6191343	0	0.415584416	991	1925
OR52B4_chr11_4388901	0	0.58381985	443	1199
OR52B6_chr11_5602850	0	0.324605064	1866	4621
OR52E2_chr11_5080357	0	0.154231733	1405	5187
OR52E6_chr11_5863102	0	0.264550265	310	756
OR52H1_chr11_5566443	0	0.495575221	837	2825
OR52M1_chr11_4566807	0	0.070360598	3920	11370
OR52R1_chr11_4825196	0	0.153806716	2737	7802
OR52W1_chr11_6221026	0	0	163	251
OR56A4_chr11_6023761	0.060845756	0.078170803	3287	10234
OR56B1_chr11_5758157	0	1.449275362	0	138
OR5A1_chr11_59211349	0	0	298	994
OR5A2_chr11_59189478	0	0	226	583
OR5AP2_chr11_56409837	0	0.43715847	1353	1830
OR5B21_chr11_58275330	0	0.193873594	866	2579
OR5C1_chr9_125551363	0	0.08762322	6627	18260
OR5I1_chr11_55703286	0	0	82	429
OR5M11_chr11_56310479	0	0	241	511
OR5P2_chr11_7818460	0	1.117318436	0	179
OR5T1_chr11_56043280	0	0.054421769	1394	3675
OR5V1_chr6_29323190	0	0.789364354	700	2407
OR6B3_chr2_240984536	0	0.4048583	252	988
OR6C4_chr12_55945607	0	0.285195748	2658	7714
OR6C6_chr12_55688959	0	0	2317	6063
OR6K2_chr1_158669848	0	0.049130392	3744	10177
OR6M1_chr11_123676976	0	0.331950207	306	1205
OR6Q1_chr11_57798576	0	0.59470377	3457	8912
OR6T1_chr11_123814284	0	0.058904379	1684	5093
OR7C1_chr19_14910827	0	0.612745098	109	816
OR7C2_chr19_15052633	0	0.188214854	2569	6907
OR7D2_chr19_9297260	0	0.343642612	325	582
OR8A1_chr11_124440457	0	0.180099054	1300	4442
OR8D2_chr11_124189605	0	0	932	2142
OR8I2_chr11_55861244	0	0	940	1923
OR8J3_chr11_55904447	0	0.191204589	2028	7322
OR8K3_chr11_56086177	0	0.070521862	579	2836
OR8S1_chr12_48919464	0	0.089589679	4783	16743
OR9A4_chr7_141619592	0	0	1320	151
OR9I1_chr11_57886245	0	0	274	538
OR9Q1_chr11_57947707	0	0	528	1960
OR9Q2_chr11_57957971	0	0.247831475	148	807
OSMR_chr5_38883960	0	0	246	667
OXGR1_chr13_97639727	0	0.252525253	3043	9504
OXTR_chr3_8809655	0	0	1404	4766
P2RX2_chr12_133195470	0	0	110	221
P2RX3_chr11_57106048	0	0	165	69
P2RX4_chr12_121648019	0	0.019180972	3070	10427
P2RX5_chr17_3599248	0	0.095648015	1229	2091
P2RX6_chr22_21377298	0	0.108225108	340	1848
P2RX7_chr12_121598720	0	0.506879073	433	1381
P2RY1_chr3_152553584	0	0.107707552	7465	23211
P2RY10_chrX_78216446	0	0.122570478	4221	11422
P2RY11_chr19_10224345	0	0.342672848	1828	4961
P2RY12_chr3_151055961	0	1.262135922	331	1030
P2RY13_chr3_151046714	0	0.185013876	610	1081
P2RY14_chr3_150931439	0	0.238435861	500	2097
P2RY2_chr11_72945384	0	0	412	1348
P2RY4_chrX_69479037	0	0.162947219	5148	14115
P2RY6_chr11_72983397	0	0.35335689	972	3113
PAFAH1B2_chr11_117038250	0	0.086006709	8283	23254
PALB2_chr16_23614906	0	0.063071586	1095	3171
PARD3_chr10_35103891	0	0	1993	4900
PATZ1_chr22_31741560	0	0.055683716	4226	12571
PAX3_chr2_223163264	0	0.489296636	808	3270
PAX5_chr9_37033985	0.642722117	0.086409085	2645	8101
PAX7_chr1_18958105	0	0.040192926	1619	4976
PAX8_chr2_114004421	0	0.562091503	3176	7650
PBRM1_chr3_52662955	0	0.098655815	2667	8109
PBX1_chr1_164761948	0	0.056338028	2454	8875
PCSK7_chr11_117099043	0	0	271	560
PDCD1LG2_chr9_5534989	0	0	1112	2388
PDE4DIP_chr1_145075813	0	0	582	1938
PDGFB_chr22_39627741	0	0.252999265	4183	12253
PDGFRA_chr4_55124941	0	0	1239	3500
PDGFRB_chr5_149515290	0	0.104220948	564	1919
PER1_chr17_8053833	0	0.129935032	3846	10005
PGR_chr11_100999576	0	0.451388889	802	2880
PHOX2B_chr4_41750573	0	0	1165	1878
PICALM_chr11_85779715	0	0.039179196	7425	20419
PIK3R1_chr5_67522711	0	0.244731475	3542	7355
PIM1_chr6_37138392	0	0.368324125	864	2715
PKD1_chr16_2159074	0	0.199866755	2651	4503
PKD1L1_chr7_47969099	0	1.046025105	318	956
PKD1L2_chr16_81253824	0	0.065419338	2207	7643
PKD1L3_chr16_72020225	0	0	531	1296
PKD2_chr4_88929141	0	0.177484787	870	3944
PKD2L1_chr10_102089783	0.148809524	0.301122365	1344	3653
PLAG1_chr8_57079728	0	0.732600733	189	546
PML_chr15_74287160	0	0.48391688	1247	3513
POT1_chr7_124503593	0	1.223657376	2139	7355
POU2AF1_chr11_111229584	0	0	214	961
PPARA_chr22_46594327	0	0	1755	4261
PPARD_chr6_35389605	0	0	1173	4188
PPARG_chr3_12447438	0	0.424143556	1026	3065
PPP2R1A_chr19_52693360	0	0.452696497	5477	15242
PRCC_chr1_156737584	0	1.063829787	1344	2632
PRDM16_chr1_3102707	0	0	47	6
PRF1_chr10_72360540	0	0.137598899	930	2907
PRKAR1A_chr17_66511557	0	0	124	464
PRLHR_chr10_120354468	0	0	197	693
PROKR1_chr2_68873135	0	0	398	1487
PROKR2_chr20_5294764	0.108030248	0.220534183	2777	4081
PSIP1_chr9_15469306	0	0.385356455	313	519
PTAFR_chr1_28477472	0	0.356824264	422	1121
PTCH1_chr9_98279035	0	0.392670157	1148	3820
PTGDR_chr14_52734542	0	0	1058	1980
PTGDR2_chr11_60620911	0	0	3577	8256
PTGER1_chr19_14585023	0	0.100175307	884	3993
PTGER2_chr14_52781352	0.070323488	0.085804176	2844	10489
PTGER3_chr1_71513164	0	0.217555016	3991	11951
PTGER4_chr5_40681100	0	0.293064148	3236	9213
PTGFR_chr1_78958817	0	0	452	1129
PTGIR_chr19_47127447	0	0.120854035	3169	7447
PTH1R_chr3_46925053	0	0.241618846	3295	6622
PTH2R_chr2_209271779	0	0.095785441	398	2088
PTK7_chr6_43096807	0	0	1285	3231
QRFPR_chr4_122301713	0	0.16510732	1108	3634
RABEP1_chr17_5253750	0	0.36101083	448	831
RAC1_chr7_6438306	0	0.504710633	1601	2972
RAF1_chr3_12660084	0	0	171	1051
RAMP1_chr2_238785902	0.116550117	0.151457781	1716	5282
RAMP2_chr17_40913286	0	0.168966488	1247	3551
RAMP3_chr7_45216961	0.089766607	0.030418251	2228	6575
RANBP17_chr5_170308860	0	0	1065	4244
RARA_chr17_38510556	0	0	2946	8868
RARB_chr3_25470344	0	0	1085	3785
RARG_chr12_53621299	0	0	1080	1966
RB1_chr13_48936965	0	0	101	204
RBM15_chr1_110882087	0	0.086824398	3718	9214
RECQL4_chr8_145742475	0	0.19792835	4357	15157
REL_chr2_61145355	0	0.092592593	1362	4320
RELT_chr11_73103458	0.077101002	0.304556636	2594	8537
RET_chr10_43595982	0	0.133141019	2804	9013
RGR_chr10_86008679	0	0.119142176	6289	17626
RHO_chr3_129247606	0	0.156519017	1701	6389
RHOH_chr4_40245503	0	0.608143839	2000	3782
RMI2_chr16_11439335	0	0.760043431	1877	4605
RNF213_chr17_78247058	0	0.063599746	806	4717
RNF43_chr17_56437540	0	1.330490405	4803	11725
ROR1_chr1_64603121	0	0.115163148	1614	5210
ROR2_chr9_94538058	0.178253119	0.149031297	1122	4026
RORA_chr15_61521300	0	0.067746505	7708	16237
RORB_chr9_77245215	0	0	467	1182
RORC_chr1_151789251	0	1.101036269	424	1544
ROS1_chr6_117725524	0	0	41	86
RPN1_chr3_128369537	0	0.092364532	2021	6496
RRH_chr4_110756554	0	0.294406281	1105	4076
RUNX1_chr21_36259379	0	0.578562728	1141	3284
RUNX1T1_chr8_93026815	0	0	424	880
RXFP1_chr4_159520538	0	0.391772772	213	1021
RXFP2_chr13_32351540	0	0.102774923	1222	2919
RXFP3_chr5_33936856	0	0.144672936	3270	9677
RXFP4_chr1_155911901	0	0.226791654	2747	6614
RXRA_chr9_137300793	0	0.299850075	1946	4669
RXRB_chr6_33168020	0	0.15641293	766	1918
RXRG_chr1_165414090	0	0.329489292	77	607
RYR1_chr19_38931405	0	0.077561467	4070	12893
RYR2_chr1_237205826	0	0.147601476	912	2710
RYR3_chr15_33765640	0.12254902	0.355641772	2448	6186
S1PR1_chr1_101704599	0	0	719	908
S1PR2_chr19_10335434	0	0	42	180
S1PR4_chr19_3178999	0	0.275103164	1638	4362
S1PR5_chr19_10625644	0	0.085787818	747	3497
SCN10A_chr3_38835447	0	0.180288462	520	1664
SCN11A_chr3_38991645	0	0.407000407	391	2457
SCN1B_chr19_35521741	0	0.213390237	1208	3749
SCN2A_chr2_166221704	0	0.16064257	929	2490
SCN2B_chr11_118038940	0	0.083042684	1581	6021
SCN3A_chr2_165997298	0	0.049443758	1117	4045
SCN3B_chr11_123516296	0	0.045351474	1597	4410
SCN4A_chr17_62050136	0	0.253871541	971	3939
SCN4B_chr11_118015871	0	0.899550225	248	667
SCN8A_chr12_52056710	0	0.11889821	4731	15139
SCN9A_chr2_167168076	0	0.49382716	1338	4455
SCNN1A_chr12_6472674	0	0	517	1958
SCNN1B_chr16_23364263	0	0.058582308	2133	5121
SCNN1D_chr1_1216629	0	0.264410365	741	1891
SCNN1G_chr16_23197638	0.103519669	0.104618144	2898	6691
SCTR_chr2_120236406	0	0.076775432	1408	2605
SDC4_chr20_43976998	0	0	199	366
SDHAF2_chr11_61205524	0	0	0	19
SDHB_chr1_17380485	0	0.125208681	2307	7188
SETBP1_chr18_42281353	0	0.075757576	1233	2640
SF3B1_chr2_198288609	0	0.413630097	1878	5077
SFPQ_chr1_35658545	0	0.106382979	989	2820
SH2B3_chr12_111856036	0	0	1336	3791
SH3GL1_chr19_4361736	0	0.145137881	608	1378
SIGIRR_chr11_407505	0	0.418383518	5933	15775
SLC34A2_chr4_25664152	0	0.433526012	2106	6920
SLC45A3_chr1_205633665	0	0	1220	2658
SLC6A1_chr3_11059017	0	0.113500221	4700	15859
SLC6A11_chr3_10885902	0	0.127388535	898	1570
SLC6A12_chr12_313771	0	0	1883	6080
SLC6A13_chr12_346430	0	0.181653043	413	1101
SLC6A14_chrX_115569014	0	0.37468776	682	2402
SLC6A15_chr12_85264297	0	0.367872471	2297	6524
SLC6A16_chr19_49814467	0	0.08540439	3596	11709
SLC6A17_chr1_110716613	0	0.105296409	5573	9497
SLC6A18_chr5_1232380	0	0.791139241	276	632
SLC6A19_chr5_1201857	0	0.16139879	1974	7435
SLC6A2_chr16_55690612	0	0	226	447
SLC6A20_chr3_45837874	0	0.25974026	747	1925
SLC6A3_chr5_1443271	0	0.103896104	333	1925
SLC6A4_chr17_28545897	0	0	211	228
SLC6A5_chr11_20622907	0	0	1353	2910
SLC6A6_chr3_14526447	0	0.441609421	717	2038
SLC6A7_chr5_149574447	0	0.048088483	1744	4159
SLC6A9_chr1_44482748	0	0.443880786	1853	4731
SMAD4_chr18_48575081	0	0	1964	4815
SMARCA4_chr19_11097007	0	0.697134005	3149	7746
SMARCB1_chr22_24133949	0	0.437083046	1558	4347
SMO_chr7_128829096	0	0	497	842
SNX29_chr16_12223488	0	0	859	2555
SOCS1_chr16_11349149	0	0	254	1137
SOX2_chr3_181430188	0	1.353179973	166	739
SRGAP3_chr3_9094816	0	0	1808	3084
SRSF2_chr17_74733150	0	0.107509097	3302	12092
SS18_chr18_23615842	0	0	445	1314
SS18L1_chr20_60738542	0	0	1493	3446
SSTR1_chr14_38678715	0	0.576744186	2212	5375
SSTR2_chr17_71165465	0	0	468	1685
SSTR3_chr22_37603818	0	0	1849	4017
SSTR4_chr20_23016186	0	0.532180276	2579	6013
SSTR5_chr16_1129161	0.040265754	0.302088728	4967	11586
STAT3_chr17_40498631	0	0.516487882	848	2517
STIL_chr1_47775963	0	0	1106	2938
STK11_chr19_1207016	0	1.858736059	44	269
SUFU_chr10_104264000	0	0.351699883	401	853
SUZ12_chr17_30315376	0	0.904977376	82	221
SYK_chr9_93606362	0	0.176333522	4854	15879
TAAR5_chr6_132910674	0	0.073851348	6928	18957
TAAR6_chr6_132891497	0	0	251	445
TAAR8_chr6_132873918	0	0.340599455	748	1468
TAAR9_chr6_132859917	0	0	35	399
TACR1_chr2_75347709	0	0.150549061	4901	11292
TACR2_chr10_71175918	0	0.092128161	3421	9769
TACR3_chr4_104640749	0	0.356848751	1965	3643
TAL1_chr1_47691449	0	0.493949123	2819	8098
TAL2_chr9_108424894	0	0.341369746	1847	4687
TAS1R3_chr1_1267079	0	0.480505217	2045	7284
TAS2R13_chr12_11061744	0	0	372	1149
TAS2R14_chr12_11091669	0	0.105238541	3555	8552
TAS2R16_chr7_122635018	0	0.067816315	3280	10322
TAS2R3_chr7_141464836	0	0	1438	3787
TAS2R31_chr12_11183387	0	0.364963504	779	2466
TAS2R38_chr7_141672666	0	0	140	197
TAS2R4_chr7_141478946	0	0.074794316	2278	5348
TAS2R40_chr7_142919330	0	0.745650373	287	1207
TAS2R41_chr7_143175826	0	0	261	362
TAS2R5_chr7_141490479	0	0.800533689	1310	2998
TAS2R60_chr7_143140620	0	0.217951258	1948	5047
TBXA2R_chr19_3600608	0	0.27700831	1104	1805
TCF12_chr15_57212118	0	0.301659125	4100	9945
TCF3_chr19_1627389	0	0	119	192
TCL1A_chr14_96180347	0	3.279658232	5889	15215
TEK_chr9_27185517	0	0	890	1102
TERT_chr5_1295044	0	0.109993715	3170	12728
TET1_chr10_70332455	0	0.70156503	600	1853
TFE3_chrX_48900726	0.055340343	0.143266476	3614	9074
TFEB_chr6_41652435	0	0.156204237	3928	10243
TFG_chr3_100463687	0	0.057608427	3865	12151
TFRC_chr3_195802176	0	0.102459016	431	1952
TGFBR1_chr9_101891274	0	0.33632287	772	1784
TGFBR2_chr3_30648447	0	0.231696015	698	2158
THRA_chr17_38240863	0	0	965	3000
THRAP3_chr1_36748259	0	0.621118012	158	966
THRB_chr3_24185031	0	0.346820809	1723	5190
TIE1_chr1_43770664	0	0.370086779	2697	7836
TLX1_chr10_102891335	0.129617628	0	1543	4424
TLX3_chr5_170736480	0	0	456	1675
TNFAIP3_chr6_138192631	0	0.98400984	1416	2439
TNFRSF10A_chr8_23082431	0	0	410	1581
TNFRSF10B_chr8_22926380	0	0.038857587	1386	5147
TNFRSF10D_chr8_23021399	0	0.194741967	469	1027
TNFRSF11A_chr18_60021724	0	0.130180082	3586	9218
TNFRSF11B_chr8_119945249	0	0.214521452	4338	12120
TNFRSF12A_chr16_3071250	0	0.166875261	3858	11985
TNFRSF13B_chr17_16852262	0	0.567495774	2535	8282
TNFRSF17_chr16_12061495	0.225098481	0.682904621	1777	4393
TNFRSF18_chr1_1141903	0	0.10252905	1314	2926
TNFRSF19_chr13_24233205	0	0	170	347
TNFRSF1A_chr12_6443364	0	0.08312552	973	3609
TNFRSF1B_chr1_12248855	0	0	324	769
TNFRSF21_chr6_47254032	0	0.449185851	456	1781
TNFRSF25_chr1_6524721	0	0.132071319	3323	9086
TNFRSF4_chr1_1149385	1.444350042	0.217844289	3531	10558
TNFRSF6B_chr20_62328517	0	0.924974306	191	973
TNFRSF8_chr1_12123691	0.096107641	0.076365025	2081	5238
TOP1_chr20_39729897	0	1.677852349	280	596
TP53_chr17_7579881	0.048363695	0.095516052	6203	18845
TPM4_chr19_16187441	0	0.262123198	192	763
TPR_chr1_186344048	0	0.138504155	1040	3610
TRAF7_chr16_2220640	0	0.129032258	893	1550
TRIM24_chr7_138145624	0	0.102319236	2883	5864
TRIM27_chr6_28891312	0	0.093984962	3161	10640
TRIM33_chr1_115053492	0	0.253678336	517	1971
TRPC1_chr3_142443407	0	0.571247223	988	3151
TRPC3_chr4_122854095	0	0.104384134	1309	3832
TRPC4_chr13_38320136	0	0.053751881	2555	9302
TRPC5_chrX_111195330	0	0.044322312	3124	11281
TRPC6_chr11_101375480	0	0.045787546	1256	4368
TRPM1_chr15_31453133	0	0.270562771	2562	7392
TRPM2_chr21_45773675	0.093414292	0	2141	5554
TRPM3_chr9_73457971	0	0.06097561	2250	6560
TRPM4_chr19_49669405	0	0.156408853	4828	12787
TRPM5_chr11_2443527	0	0.133575041	3912	10481
TRPM6_chr9_77457236	0	0	935	3117
TRPM7_chr15_50940922	0	0.27941633	1677	3221
TRPV1_chr17_3495464	0	1.253596383	2585	4866
TRPV2_chr17_16321123	0	0.129655823	3006	8484
TRPV3_chr17_3438964	0.070052539	0.114950301	5710	14789
TRPV4_chr12_110252336	0	0	1016	2029
TRPV5_chr7_142622679	0	0.18911536	2033	4759
TRPV6_chr7_142573367	0	0.214477212	608	1865
TSC1_chr9_135797337	0	0.23557126	735	2547
TSC2_chr16_2100417	0	0	39	60
TSHR_chr14_81422166	0.05899705	0.118788359	3390	10102
TTL_chr2_113239929	0	0.109689214	888	2735
USP6_chr17_5040458	0	0.012191405	6711	16405
UTS2R_chr17_80332663	0	0.125959006	3275	8733
VDR_chr12_48258852	0	0.325354404	1590	4303
VHL_chr3_10183729	0.053390283	0.298007078	3746	10738
VIPR1_chr3_42567380	0	0.309597523	2776	6137
VIPR2_chr7_158902550	0	1.485884101	229	673
VN1R5_chr1_247419912	0	0.025558017	4987	11738
VTI1A_chr10_114207139	0	0.101419878	692	2958
WAS_chrX_48545229	0	0.151400454	1952	5284
WHSC1_chr4_1902487	0	0.039564787	9470	25275
WHSC1L1_chr8_38173509	0.157853197	0.358663977	1267	4461
WIF1_chr12_65514839	0	0.137598899	825	2907
WT1_chr11_32456836	0	0.075938381	2948	9218
WWTR1_chr3_149375018	0	0.085421412	2132	3512
XCR1_chr3_46063049	0	0.201106083	1185	1989
XPA_chr9_100459520	0	0.253271423	968	2369
XPO1_chr2_61722705	0	0	154	864
ZBTB16_chr11_113934463	0	0.124610592	1120	1605
ZMYM2_chr13_20660031	0	0.282087447	432	709
ZNF331_chr19_54074874	0	0	263	755
ZNF384_chr12_6788148	0	0.123152709	519	1624
ZNF521_chr18_22930880	0	0	444	1850
